ts,label,session_type,experiment_start_ts,fx,fy,fz,mx,my,mz
1787278684.6806612,resting,fast,1787278684.5223618,-242.9834406917912,-184.79381526424243,1332.901208135013,13.859536144816946,-18.223758051884154,2.957049795536817e-19
1787278684.6828172,resting,fast,1787278684.5223618,-246.1566421669936,-187.1752919216268,1341.8572054544484,14.03814689412079,-18.4617481625243,2.9679834743549847e-19
1787278684.6834748,resting,fast,1787278684.5223618,-245.52100234923773,-187.7013159196175,1338.869508496019,14.077598693970305,-18.41407517619264,2.9643805990826454e-19
1787278684.684156,resting,fast,1787278684.5223618,-247.2298353474548,-188.0957921967605,1344.6668600940711,14.107184414755995,-18.542237651058898,2.9685234225810826e-19
1787278684.6849403,resting,fast,1787278684.5223618,-245.76798699315395,-187.59985528141476,1336.7526203508833,14.069989146105005,-18.432599024486386,2.95839230963295e-19
1787278684.6857908,resting,fast,1787278684.5223618,-244.95142071938835,-184.9863350178406,1335.5229708684374,13.873975126336791,-18.371356553953994,2.955579739533915e-19
1787278684.6893806,resting,fast,1787278684.5223618,-245.61057347457745,-185.95086379121778,1338.061299888569,13.946314784340178,-18.42079301059293,2.9583257041655024e-19
1787278684.6903055,resting,fast,1787278684.5223618,-247.2612575589378,-186.13679691505843,1346.031033637485,13.960259768628266,-18.544594316920367,2.963742906681887e-19
1787278684.6910129,resting,fast,1787278684.5223618,-253.22834075794844,-191.44783040462914,1370.4018209077576,14.358587280346104,-18.992125556846013,2.98003086373089e-19
1787278684.6932545,resting,fast,1787278684.5223618,-255.00722213517338,-191.62745509136892,1375.9712950247367,14.372059131851518,-19.125541660137735,2.9810903058861606e-19
1787278684.7045913,resting,fast,1787278684.5223618,-254.05317414996762,-191.08021506177522,1377.5638776871701,14.331016129632037,-19.053988061247466,2.978823322330659e-19
1787278684.7156599,resting,fast,1787278684.5223618,-250.59492519220976,-186.90734746342866,1359.8309102688136,14.018051059756065,-18.794619389415537,2.967112417969261e-19
1787278684.7266781,resting,fast,1787278684.5223618,-248.63748481858738,-185.50765134279538,1350.7004441928266,13.913073850708617,-18.64781136139392,2.96519758184422e-19
1787278684.737856,resting,fast,1787278684.5223618,-250.14136969427682,-186.95110660429816,1350.7180799034259,14.021332995321178,-18.760602727070783,2.968696112450175e-19
1787278684.7494845,resting,fast,1787278684.5223618,-248.78533602059952,-187.201680760778,1346.996760125986,14.040126057057254,-18.65890020154461,2.967135915720026e-19
1787278684.7605894,resting,fast,1787278684.5223618,-249.20600764042092,-190.5551874724223,1351.3996609138476,14.2916390604307,-18.690450573031534,2.9694556522212877e-19
1787278684.7716439,resting,fast,1787278684.5223618,-248.6472513218855,-189.37328434253425,1348.2883193939151,14.202996325689032,-18.6485438491411,2.967876906886574e-19
1787278684.7827837,resting,fast,1787278684.5223618,-248.80272260875563,-189.62876709382328,1353.7731485347713,14.222157532035613,-18.660204195656654,2.9717906567944375e-19
1787278684.7939355,resting,fast,1787278684.5223618,-246.8056472748026,-186.74485222657074,1345.295872538435,14.00586391699159,-18.51042354561018,2.9642484207940867e-19
1787278684.8048742,resting,fast,1787278684.5223618,-244.80965175916072,-187.19687473200872,1343.0337481885808,14.039765604899547,-18.360723881936757,2.963690295875565e-19
1787278684.8160622,resting,fast,1787278684.5223618,-245.38287962331788,-188.24701234456973,1342.3126237307724,14.118525925841471,-18.403715971748433,2.9677364354629264e-19
1787278684.8270802,resting,fast,1787278684.5223618,-245.8587867713727,-189.06908637631489,1347.2926320266388,14.180181478222384,-18.439409007852632,2.971330123873345e-19
1787278684.8381968,resting,fast,1787278684.5223618,-247.8981893235582,-188.85480363169256,1352.8272831146778,14.164110272375883,-18.592364199266605,2.9749951320528524e-19
1787278684.8488224,resting,fast,1787278684.5223618,-247.91055833240853,-187.40408882343615,1352.231515889799,14.05530666175638,-18.593291874930394,2.9700369258832874e-19
1787278684.8599517,resting,fast,1787278684.5223618,-245.2515886107799,-185.66654835627799,1344.4176229648647,13.924991126719608,-18.393869145808402,2.96373778918526e-19
1787278684.8710623,resting,fast,1787278684.5223618,-245.03412651370627,-184.75701121206805,1341.255942016146,13.856775840903868,-18.37755948852775,2.9586775609991727e-19
1787278684.8826065,resting,fast,1787278684.5223618,-243.47337248502708,-185.4094952934089,1336.7367733142282,13.905712147004568,-18.260502936376874,2.9583326699823163e-19
1787278684.8937159,resting,fast,1787278684.5223618,-246.7988271237141,-187.8261368351947,1345.8040568832448,14.086960262638502,-18.50991203427848,2.9657884048493717e-19
1787278684.9048724,resting,fast,1787278684.5223618,-246.6437525691813,-188.47088256841664,1345.6430067690535,14.135316192630004,-18.498281442688572,2.970132124105698e-19
1787278684.916121,resting,fast,1787278684.5223618,-249.31521513755933,-190.5633218193467,1352.8530755026813,14.292249136449772,-18.69864113531682,2.9722563186486217e-19
1787278684.9273076,resting,fast,1787278684.5223618,-249.81642820796742,-189.3422943803988,1355.1146556180474,14.20067207852853,-18.73623211559744,2.973668817556521e-19
1787278684.9381673,resting,fast,1787278684.5223618,-248.8508143800732,-187.79566392055892,1353.5749457999564,14.08467479404074,-18.66381107850514,2.9679484040344635e-19
1787278684.9493191,resting,fast,1787278684.5223618,-247.2372785236089,-186.63227700633217,1345.958631489394,13.997420775473959,-18.542795889270387,2.966291766562748e-19
1787278684.9603684,resting,fast,1787278684.5223618,-246.58933405028665,-187.60048616649476,1342.8782838987781,14.070036462485977,-18.494200053771088,2.964614058602992e-19
1787278684.9715536,resting,fast,1787278684.5223618,-248.69000725237174,-188.8601659375389,1348.9050398273166,14.16451244531449,-18.65175054392789,2.9729798200481083e-19
1787278684.9825578,resting,fast,1787278684.5223618,-249.53953346468506,-188.05087657415436,1354.9087973290743,14.10381574306037,-18.71546500985145,2.9741630550492757e-19
1787278684.9936929,resting,fast,1787278684.5223618,-250.08379468393332,-187.05746048128697,1353.3205712586123,14.02930953609533,-18.756284601294723,2.97087106216673e-19
1787278685.004735,resting,fast,1787278684.5223618,-246.7100985258553,-185.90551950729093,1343.3483206591782,13.94291396304553,-18.503257389438765,2.963344968284689e-19
1787278685.015869,resting,fast,1787278684.5223618,-246.05338264879947,-186.91118956138996,1337.2774645044801,14.018339217102966,-18.454003698659925,2.962703870315801e-19
1787278685.026958,resting,fast,1787278684.5223618,-244.93469892314943,-187.1222952990007,1338.5711097836402,14.034172147423792,-18.370102419235977,2.9644249832561506e-19
1787278685.038028,resting,fast,1787278684.5223618,-246.43504788843484,-188.48092501184817,1346.99893655699,14.136069375887377,-18.48262859163234,2.971155398343244e-19
1787278685.0491714,resting,fast,1787278684.5223618,-247.1481136632906,-187.07357071763397,1353.3788310816954,14.030517803821443,-18.53610852474681,2.970020904915803e-19
1787278685.060396,resting,fast,1787278684.5223618,-247.2054015786739,-186.75523099928876,1352.317586007276,14.006642324945293,-18.540405118400322,2.9712733464059733e-19
1787278685.0713706,resting,fast,1787278684.5223618,-248.18363960179659,-187.5322417428714,1351.5992440053024,14.064918130714194,-18.613772970134754,2.9696090672804866e-19
1787278685.0824385,resting,fast,1787278684.5223618,-248.35368373346182,-187.8624635596201,1351.2730861623304,14.089684766970311,-18.626526280009536,2.9738614787190884e-19
1787278685.0934527,resting,fast,1787278684.5223618,-249.66919123668458,-188.04071573169438,1356.0134650640857,14.10305367987586,-18.725189342751165,2.973138891866462e-19
1787278685.1045153,resting,fast,1787278684.5223618,-248.74503263473025,-186.88231660674512,1352.2248773079782,14.016173745504663,-18.655877447604595,2.9693864650532217e-19
1787278685.115816,resting,fast,1787278684.5223618,-248.14623178395095,-186.0119307819624,1353.2968742944731,13.950894808645902,-18.61096738379606,2.964943849279485e-19
1787278685.1267724,resting,fast,1787278684.5223618,-247.40137836027634,-185.06463118154772,1350.6744437940442,13.879847338614756,-18.555103377020423,2.962933594207167e-19
1787278685.1378157,resting,fast,1787278684.5223618,-246.3179819852944,-184.54834395731302,1348.5344660504225,13.841125796797034,-18.473848648897032,2.9637944699710543e-19
1787278685.1487043,resting,fast,1787278684.5223618,-246.258015260129,-185.7150985652903,1344.237754545221,13.92863239239546,-18.469351144509503,2.96162195320067e-19
1787278685.159656,resting,fast,1787278684.5223618,-246.08515605038565,-186.74802575932074,1344.6751932058114,14.006101931947928,-18.456386703778854,2.968495902355833e-19
1787278685.170702,resting,fast,1787278684.5223618,-247.85556313421648,-187.13042177686464,1349.5083450988886,14.034781633263695,-18.589167235066192,2.9709399683959035e-19
1787278685.182033,resting,fast,1787278684.5223618,-248.41180808435774,-185.51472471488398,1352.0296710548982,13.913604353615245,-18.630885606326565,2.976596917078009e-19
1787278685.1933644,resting,fast,1787278684.5223618,-247.92057704834087,-184.57236254988072,1347.3357307887736,13.842927191239912,-18.59404327862525,2.969970172287306e-19
1787278685.2044907,resting,fast,1787278684.5223618,-248.14832422975223,-184.71292176979125,1346.5132401578803,13.853469132732915,-18.611124317231393,2.9703548153795085e-19
1787278685.215501,resting,fast,1787278684.5223618,-247.89011432987854,-185.45690945178478,1343.3669368817818,13.909268208882569,-18.591758574740645,2.9653926166096773e-19
1787278685.2266524,resting,fast,1787278684.5223618,-248.81728493300534,-187.80349211647774,1346.2725806594271,14.085261908734498,-18.661296369975297,2.9714050255694973e-19
1787278685.2377427,resting,fast,1787278684.5223618,-248.26028756700953,-187.40195983560113,1348.5815971179227,14.055146987668795,-18.61952156752553,2.970083986979871e-19
1787278685.2488782,resting,fast,1787278684.5223618,-248.30593345593797,-187.05689441388301,1353.298515953299,14.029267081040278,-18.62294500919525,2.975683808810184e-19
1787278685.2600796,resting,fast,1787278684.5223618,-248.28687268672957,-185.44062908448325,1356.9425457765637,13.908047181334926,-18.621515451504614,2.9744405101950735e-19
1787278685.270703,resting,fast,1787278684.5223618,-248.40140944219775,-185.41909165235677,1354.6630282911801,13.906431873925644,-18.630105708164805,2.9718248631917967e-19
1787278685.281739,resting,fast,1787278684.5223618,-248.06367242914757,-186.10527545877778,1351.0725414479084,13.957895659407317,-18.604775432186052,2.969540342380077e-19
1787278685.293151,resting,fast,1787278684.5223618,-247.29546580501164,-185.86348440937843,1343.4199754643441,13.939761330702144,-18.54715993537571,2.965550393726381e-19
1787278685.3044639,resting,fast,1787278684.5223618,-247.67753969077376,-187.30077683210982,1344.565039472468,14.047558262407154,-18.575815476807897,2.971410750575532e-19
1787278685.316929,resting,fast,1787278684.5223618,-248.1845521235723,-186.7113514642498,1347.7130667504962,14.003351359817646,-18.613841409267664,2.969146393017011e-19
1787278685.3266652,resting,fast,1787278684.5223618,-247.31640546671815,-185.42407651566748,1345.9546424236132,13.906805738673842,-18.548730410003905,2.9652964167553144e-19
1787278685.3377774,resting,fast,1787278684.5223618,-246.34640591019024,-184.49040325644899,1345.971769070794,13.83678024423266,-18.47598044326414,2.9643826192174096e-19
1787278685.3502316,resting,fast,1787278684.5223618,-246.01009002855108,-185.0035389195922,1345.5996769372896,13.875265418968187,-18.45075675214104,2.965188131214403e-19
1787278685.3595781,resting,fast,1787278684.5223618,-247.3675911636733,-186.74082191705168,1354.2068234346107,14.005561643777629,-18.552569337275457,2.973156047491883e-19
1787278685.3705552,resting,fast,1787278684.5223618,-247.6304692524741,-185.83808052041343,1358.395677149948,13.937856039029828,-18.572285193935464,2.9735266123876725e-19
1787278685.3816376,resting,fast,1787278684.5223618,-248.2856879320193,-185.8561110292727,1359.4460838056812,13.939208327194297,-18.621426594901173,2.9780394539971374e-19
1787278685.3931944,resting,fast,1787278684.5223618,-247.74240291992692,-186.68825281329566,1350.9192575780553,14.00161896099593,-18.580680218994324,2.9737505732308913e-19
1787278685.4043803,resting,fast,1787278684.5223618,-247.1461338721042,-187.9665616225078,1343.7390558791258,14.097492121686816,-18.53596004040744,2.97011457440771e-19
1787278685.4167469,resting,fast,1787278684.5223618,-246.41142024615647,-189.03122402878705,1340.5417402719022,14.177341802157887,-18.480856518461756,2.970592102865532e-19
1787278685.4265969,resting,fast,1787278684.5223618,-247.06612056611493,-190.05991955192064,1344.5075319358539,14.254493966393046,-18.5299590424584,2.9734297489508385e-19
1787278685.4376318,resting,fast,1787278684.5223618,-248.10932388523588,-190.0137754823446,1348.4119284767594,14.25103316117455,-18.608199291392552,2.9769938752067614e-19
1787278685.4500275,resting,fast,1787278684.5223618,-248.2195926093632,-189.06128693597896,1349.2302801621909,14.179596520197311,-18.616469445701895,2.9750555304376066e-19
1787278685.4598532,resting,fast,1787278684.5223618,-246.7409045196123,-187.49681172874614,1346.2615325642591,14.062260879654634,-18.505567838970755,2.9704066706192465e-19
1787278685.4708767,resting,fast,1787278684.5223618,-244.5732806744777,-186.51138139622196,1340.4340978954615,13.988353604715261,-18.342996050585647,2.9628950812293467e-19
1787278685.482684,resting,fast,1787278684.5223618,-244.74799472310087,-186.07434103816024,1340.3919779647613,13.955575577860717,-18.35609960423256,2.959725296658812e-19
1787278685.4925702,resting,fast,1787278684.5223618,-245.74327945761388,-186.57525785258952,1340.3796616059617,13.99314433894303,-18.430745959320767,2.9620025543434634e-19
1787278685.5036714,resting,fast,1787278684.5223618,-247.312884514678,-187.31778424238917,1344.7270039451278,14.048833818178114,-18.54846633860081,2.9700452028505335e-19
1787278685.516735,resting,fast,1787278684.5223618,-248.56752760735753,-188.23462458509505,1347.7393127506557,14.117596843880978,-18.64256457055157,2.9759838684689707e-19
1787278685.526295,resting,fast,1787278684.5223618,-248.02941953526397,-188.4336480147714,1351.0505760088681,14.132523601106715,-18.60220646514474,2.976207150974262e-19
1787278685.5373938,resting,fast,1787278684.5223618,-247.89810623534459,-188.61323023912212,1350.4373033509828,14.145992267933014,-18.592357967650642,2.97252291864053e-19
1787278685.550945,resting,fast,1787278684.5223618,-246.90974051578587,-189.65705107629594,1346.938333302246,14.224278830720852,-18.51823053868376,2.9664805796091107e-19
1787278685.5596936,resting,fast,1787278684.5223618,-248.32726919580318,-188.4179332658706,1353.911378842221,14.131344994939258,-18.624545189685044,2.968654279988427e-19
1787278685.570822,resting,fast,1787278684.5223618,-248.5930587347916,-188.04046235149042,1356.495372882263,14.103034676360625,-18.64447940510923,2.968854544060625e-19
1787278685.5829496,resting,fast,1787278684.5223618,-248.55207192176795,-187.61219556417598,1358.250592853251,14.070914667312,-18.641405394132377,2.9727596500492723e-19
1787278685.593051,resting,fast,1787278684.5223618,-247.50607549355254,-189.11407062902038,1350.694742803892,14.18355529717525,-18.562955662016222,2.9721472218467894e-19
1787278685.6040182,resting,fast,1787278684.5223618,-248.2751764066793,-189.63342799005034,1352.9163740617014,14.222507099252613,-18.620638230500745,2.9752518897357415e-19
1787278685.616871,resting,fast,1787278684.5223618,-248.73144296022974,-189.9343914673217,1351.3229445772695,14.245079360047857,-18.654858222017147,2.9724469037327148e-19
1787278685.6262243,resting,fast,1787278684.5223618,-249.23281454725065,-189.44968705565645,1350.1097408733904,14.208726529173024,-18.69246109104366,2.9724948228174587e-19
1787278685.6374876,resting,fast,1787278684.5223618,-247.693521921899,-188.774143327238,1344.742388475247,14.158060749541779,-18.577014144142126,2.969658614693951e-19
1787278685.6495156,resting,fast,1787278684.5223618,-248.22725112998114,-189.66927009860353,1346.1718510185974,14.225195257394038,-18.617043834748294,2.970818105083859e-19
1787278685.6595445,resting,fast,1787278684.5223618,-247.3610930647542,-190.1524694860858,1346.3318560738744,14.261435211455282,-18.552081979856467,2.9696845084912325e-19
1787278685.6704826,resting,fast,1787278684.5223618,-248.54219943424187,-190.18012196490815,1347.358867905551,14.26350914736678,-18.64066495756795,2.9692847329245374e-19
1787278685.6828787,resting,fast,1787278684.5223618,-245.40583295743136,-188.20746541108417,1342.0397277411257,14.1155599058301,-18.405437471807026,2.9673794709358783e-19
1787278685.69289,resting,fast,1787278684.5223618,-246.22516464691535,-186.63407577564033,1344.2037509692518,13.9975556831718,-18.46688734851862,2.9677156148757825e-19
1787278685.704082,resting,fast,1787278684.5223618,-245.84987616601802,-186.76552904165567,1342.6718767084612,14.007414678122746,-18.438740712451093,2.968250763609011e-19
1787278685.715723,resting,fast,1787278684.5223618,-249.6137397251273,-188.71355701411346,1351.6870364996767,14.153516776057433,-18.72103047938463,2.975926304630241e-19
1787278685.7261395,resting,fast,1787278684.5223618,-248.99492992894056,-188.12219888957918,1350.9556704613797,14.109164916717337,-18.674619744670615,2.97341170727328e-19
1787278685.7375169,resting,fast,1787278684.5223618,-249.08713656801547,-188.9840847007673,1352.958523897555,14.173806352556472,-18.681535242600937,2.9741735067048375e-19
1787278685.7486117,resting,fast,1787278684.5223618,-246.8729748997862,-186.29716469869356,1346.7751071111607,13.972287352400816,-18.51547311748387,2.9662581178079443e-19
1787278685.7596126,resting,fast,1787278684.5223618,-247.60481036891952,-186.77281243289633,1347.8286293186766,14.007960932466009,-18.57036077766861,2.969064207651188e-19
1787278685.7707074,resting,fast,1787278684.5223618,-247.50311476731486,-185.7556703422116,1347.192101880023,13.931675275664592,-18.562733607548395,2.967190544408067e-19
1787278685.7817667,resting,fast,1787278684.5223618,-246.91763049884548,-186.2849579900966,1345.9193524479115,13.971371849256148,-18.5188222874131,2.9636208610480903e-19
1787278685.7930074,resting,fast,1787278684.5223618,-246.93411628106742,-187.3075160083348,1343.9773224076462,14.048063700623945,-18.520058721079742,2.9598893744367513e-19
1787278685.8039372,resting,fast,1787278684.5223618,-247.5798271087383,-188.58521815348024,1343.2953415865204,14.143891361509748,-18.568487033154902,2.9595069172791514e-19
1787278685.814897,resting,fast,1787278684.5223618,-248.71665277067996,-188.6904615289294,1345.6717569893199,14.151784614668674,-18.653748957800794,2.9631579412150324e-19
1787278685.825734,resting,fast,1787278684.5223618,-249.01841451299288,-188.6074271220292,1347.0705841575373,14.145557034151043,-18.676381088474265,2.9676245936512154e-19
1787278685.837341,resting,fast,1787278684.5223618,-247.17947258505637,-187.67434041927288,1343.736287350478,14.075575531444091,-18.538460443878954,2.9694679993571982e-19
1787278685.8488631,resting,fast,1787278684.5223618,-247.0999938087275,-186.9353815944197,1344.650690249894,14.020153619580345,-18.532499535654267,2.9701770019511175e-19
1787278685.8597848,resting,fast,1787278684.5223618,-246.2939397319965,-186.58660974373322,1341.1250642269688,13.993995730778568,-18.472045479899684,2.9663431276187864e-19
1787278685.8705335,resting,fast,1787278684.5223618,-248.4881047517315,-186.81659172184834,1346.951426172879,14.011244379137384,-18.636607856379676,2.9681336725679235e-19
1787278685.8817558,resting,fast,1787278684.5223618,-248.09380056448344,-187.67906918287406,1343.2610646528801,14.075930188714342,-18.6070350423361,2.9668334874049945e-19
1787278685.8928652,resting,fast,1787278684.5223618,-248.26432399737814,-187.4947257192922,1345.0911650027,14.06210442894545,-18.61982429980319,2.9663740832548487e-19
1787278685.9040968,resting,fast,1787278684.5223618,-247.49559247180105,-187.81497610106783,1342.840583091419,14.086123207578868,-18.56216943538493,2.964624395139169e-19
1787278685.9151726,resting,fast,1787278684.5223618,-248.63402812982486,-188.91697002880358,1349.232014385435,14.168772752159217,-18.647552109736672,2.970526796615079e-19
1787278685.9262843,resting,fast,1787278684.5223618,-248.54140453228365,-187.25166026579848,1347.9617529288835,14.043874519933755,-18.64060533992103,2.9707935476696135e-19
1787278685.9372506,resting,fast,1787278684.5223618,-249.13916448311784,-187.49353795729155,1349.5966394163725,14.062015346795693,-18.685437336233782,2.9704809965144013e-19
1787278685.9484165,resting,fast,1787278684.5223618,-247.22505455580313,-186.1084370125783,1344.641115171119,13.958132775942108,-18.541879091684955,2.967820037168248e-19
1787278685.9596,resting,fast,1787278684.5223618,-246.99464724833206,-187.16718500183504,1350.0386680813308,14.037538875136537,-18.52459854362462,2.9715369090133694e-19
1787278685.9706304,resting,fast,1787278684.5223618,-245.37225907276616,-185.95744137294616,1345.6453431611599,13.946808102970056,-18.402919430457203,2.9706001001732557e-19
1787278685.9817514,resting,fast,1787278684.5223618,-246.6152660559278,-185.82525161789988,1347.0678874662635,13.936893871341471,-18.49614495419418,2.965398316164494e-19
1787278685.9922361,resting,fast,1787278684.5223618,-246.5976574667934,-185.9069907636998,1340.5484259045525,13.943024307276335,-18.494824310009243,2.96089224121625e-19
1787278686.0033698,resting,fast,1787278684.5223618,-248.09909838338126,-187.6619834162658,1344.4595318200782,14.074648756218824,-18.60743237875338,2.9611898394032335e-19
1787278686.0145242,resting,fast,1787278684.5223618,-247.93461023938335,-188.45863981540754,1343.4204689863718,14.134397986154301,-18.59509576795333,2.964845609329502e-19
1787278686.02601,resting,fast,1787278684.5223618,-248.29391297977827,-188.25104190894706,1347.6284417399102,14.11882814316984,-18.622043473483252,2.9676976337930067e-19
1787278686.037256,resting,fast,1787278684.5223618,-248.00487871300766,-187.09210030047745,1346.0872015604555,14.031907522534727,-18.600365903475407,2.9712717212072665e-19
1787278686.0481992,resting,fast,1787278684.5223618,-248.43341603944145,-186.89196815898015,1348.1354041303957,14.016897611922449,-18.632506202958005,2.9723758632277475e-19
1787278686.05915,resting,fast,1787278684.5223618,-248.86822516894472,-186.98885343147515,1351.1349059813338,14.024164007359605,-18.665116887670578,2.97319616825441e-19
1787278686.0702226,resting,fast,1787278684.5223618,-247.72478968452697,-184.81786704488138,1349.597865566563,13.861340028365024,-18.57935922633937,2.9664708757867036e-19
1787278686.0815418,resting,fast,1787278684.5223618,-246.01174500039315,-183.64189060547653,1346.8722578612987,13.773141795409618,-18.450880875029377,2.967854605856786e-19
1787278686.0926423,resting,fast,1787278684.5223618,-245.36064022013534,-183.47923440770012,1339.1090520666594,13.760942580576245,-18.40204801651023,2.965234581101615e-19
1787278686.1036744,resting,fast,1787278684.5223618,-246.3830523640877,-185.14561875660536,1340.7847295383517,13.885921406744078,-18.478728927306534,2.9704256281803917e-19
1787278686.1149144,resting,fast,1787278684.5223618,-247.0077861643781,-184.9493851529959,1343.482666516139,13.871203886473442,-18.525583962328213,2.969572047221754e-19
1787278686.1260374,resting,fast,1787278684.5223618,-246.88744678367084,-184.84351283474496,1346.7590866318978,13.863263462604724,-18.516558508775184,2.9720451187528034e-19
1787278686.13711,resting,fast,1787278684.5223618,-246.03600857005267,-184.5691862452469,1342.9180310602942,13.842688968392427,-18.45270064275389,2.9689302813587655e-19
1787278686.148155,resting,fast,1787278684.5223618,-245.56353941887437,-185.28293866276056,1342.757795020102,13.896220399705857,-18.417265456415514,2.968673504642427e-19
1787278686.1593084,resting,fast,1787278684.5223618,-246.17804947234026,-185.6899763414591,1342.996158142777,13.926748225608325,-18.463353710425267,2.965337470271147e-19
1787278686.1703775,resting,fast,1787278684.5223618,-246.42209707761276,-185.58088748476223,1345.8299335969577,13.918566561355764,-18.481657280820784,2.9650851972823547e-19
1787278686.1815124,resting,fast,1787278684.5223618,-248.19716426838977,-186.12978294437892,1348.3313665448632,13.959733720827305,-18.61478732012894,2.965244237850683e-19
1787278686.1925688,resting,fast,1787278684.5223618,-248.08462744603776,-186.3738972781622,1347.977607343545,13.978042295860948,-18.60634705845264,2.9661635062273675e-19
1787278686.2037127,resting,fast,1787278684.5223618,-247.95354859495592,-186.83059714389663,1349.7649169077895,14.012294785791244,-18.59651614462146,2.9670715701868385e-19
1787278686.214874,resting,fast,1787278684.5223618,-248.08051273322098,-187.84373096314755,1348.9523721161831,14.088279822234842,-18.606038454991193,2.966601859626345e-19
1787278686.2259436,resting,fast,1787278684.5223618,-248.17506508353335,-188.0426132605122,1351.4819108107667,14.103195994537163,-18.613129881264605,2.9687090404848733e-19
1787278686.2369704,resting,fast,1787278684.5223618,-248.18769411016228,-188.61348743990618,1348.4859583389161,14.146011557991745,-18.61407705826185,2.969883943066347e-19
1787278686.2479901,resting,fast,1787278684.5223618,-247.548789743641,-188.5707956816492,1346.5727726595278,14.1428096761225,-18.566159230772925,2.9695493824024503e-19
1787278686.25905,resting,fast,1787278684.5223618,-248.047943408857,-188.52789234433078,1347.4621782229997,14.139591925823584,-18.603595755664095,2.968345621609439e-19
1787278686.2701287,resting,fast,1787278684.5223618,-249.08490084054347,-188.42030301796433,1351.8880561952928,14.13152272634618,-18.681367563040475,2.9696848504669493e-19
1787278686.2812705,resting,fast,1787278684.5223618,-248.78895866089488,-187.1718021822386,1352.169508772925,14.037885163666818,-18.659171899566793,2.9699529103804386e-19
1787278686.2923799,resting,fast,1787278684.5223618,-249.12964558091835,-187.2302355240082,1351.330217468284,14.042267664299633,-18.684723418568453,2.9714765919200054e-19
1787278686.3035834,resting,fast,1787278684.5223618,-248.07866323229382,-187.22242637942134,1347.6846989074684,14.041681978455305,-18.60589974242184,2.967019522453066e-19
1787278686.3145664,resting,fast,1787278684.5223618,-248.6024342291489,-187.78737026257943,1351.4024708234783,14.084052769692395,-18.645182567186247,2.9681423921828384e-19
1787278686.3256488,resting,fast,1787278684.5223618,-247.35848998129086,-187.7935421037497,1351.6580666891377,14.084515657780077,-18.55188674859663,2.969310921540829e-19
1787278686.3367977,resting,fast,1787278684.5223618,-247.6290717288589,-188.24017934639153,1354.440490930553,14.118013450978413,-18.57218037966429,2.9742751377676807e-19
1787278686.3479304,resting,fast,1787278684.5223618,-248.1045550845979,-188.20780540821272,1350.6698258106853,14.115585405614926,-18.607841631344698,2.972404654336013e-19
1787278686.3590777,resting,fast,1787278684.5223618,-248.52696799127398,-190.50254644572726,1346.782396086658,14.287690983428295,-18.639522599345064,2.96854591362475e-19
1787278686.3699667,resting,fast,1787278684.5223618,-249.3993229192215,-190.99198719750518,1346.0945926609538,14.324399039811869,-18.704949218941287,2.9702310058608726e-19
1787278686.381174,resting,fast,1787278684.5223618,-248.64467034542167,-190.64287328974194,1345.2725782390107,14.298215496729373,-18.648350275906672,2.9706382843780387e-19
1787278686.3921487,resting,fast,1787278684.5223618,-248.9912939472847,-189.90736285720857,1350.3341561592597,14.243052214289396,-18.674347046046094,2.9748940447849553e-19
1787278686.403088,resting,fast,1787278684.5223618,-248.18524443270644,-189.56015593468135,1346.6503458916332,14.21701169510003,-18.613893332452605,2.970160796791499e-19
1787278686.414252,resting,fast,1787278684.5223618,-248.57597423867037,-190.58657015517986,1348.2079052752606,14.293992761637174,-18.64319806789993,2.9716642973230773e-19
1787278686.4255447,resting,fast,1787278684.5223618,-248.7839963000647,-189.7082409095982,1347.4580119782959,14.228118068218837,-18.658799722504767,2.967248840748468e-19
1787278686.436182,resting,fast,1787278684.5223618,-249.68501797479666,-188.10625746816606,1352.348456905508,14.10796931011146,-18.726376348109454,2.9687817911253763e-19
1787278686.4474118,resting,fast,1787278684.5223618,-249.08971440193318,-186.51447521290027,1353.291875334301,13.988585640966381,-18.681728580144842,2.9688298287611694e-19
1787278686.4587958,resting,fast,1787278684.5223618,-249.12835620020496,-186.2074069141437,1352.8156840695056,13.9655555185596,-18.684626715015206,2.9713545028170686e-19
1787278686.4700134,resting,fast,1787278684.5223618,-248.81305272711734,-188.09228227782194,1351.8844136534053,14.10692117083551,-18.660978954533718,2.971578134751888e-19
1787278686.4808264,resting,fast,1787278684.5223618,-249.7210148004665,-189.83519958933687,1353.910730996654,14.23763996919914,-18.72907611003471,2.9747527476972966e-19
1787278686.4921331,resting,fast,1787278684.5223618,-248.43045636761644,-189.63440722392022,1354.352419043732,14.22258054179284,-18.632284227570786,2.976286922918389e-19
1787278686.5031977,resting,fast,1787278684.5223618,-247.99859098055413,-189.29188097769713,1354.2010254936422,14.19689107332616,-18.599894323541278,2.9744943945860536e-19
1787278686.5142925,resting,fast,1787278684.5223618,-246.93411329656237,-188.36902495699894,1347.46538300886,14.127676871773534,-18.52005849724206,2.9632018419370135e-19
1787278686.5255551,resting,fast,1787278684.5223618,-246.85337345637208,-188.59712167142823,1345.1460075647637,14.144784125355802,-18.5140030092277,2.9634908554971344e-19
1787278686.5364242,resting,fast,1787278684.5223618,-246.27060827367086,-187.79343570266394,1344.4542890127877,14.0845076776986,-18.47029562052502,2.96320990430163e-19
1787278686.547543,resting,fast,1787278684.5223618,-246.21519235991627,-188.44147039362304,1348.4520798016229,14.13311027952044,-18.466139426993536,2.969449324638065e-19
1787278686.5586152,resting,fast,1787278684.5223618,-247.3921359346864,-186.6279286575167,1355.4815550834455,13.997094649312718,-18.554410195101333,2.9687922180325206e-19
1787278686.5699134,resting,fast,1787278684.5223618,-248.34228099688653,-186.8567232305685,1357.0875724516163,14.014254242291589,-18.625671074766494,2.9723004421250757e-19
1787278686.5809028,resting,fast,1787278684.5223618,-249.71927433780502,-185.54376250168878,1363.9969174903554,13.915782187625428,-18.728945575335118,2.979252019174529e-19
1787278686.5919666,resting,fast,1787278684.5223618,-249.0103341573681,-187.48447773371242,1354.5522868149865,14.061335830027236,-18.675775061802618,2.9762862120255663e-19
1787278686.6031187,resting,fast,1787278684.5223618,-249.00821239728384,-187.75670644711488,1353.3505566165068,14.081752983532642,-18.67561592979616,2.9750116939557044e-19
1787278686.6141117,resting,fast,1787278684.5223618,-249.3282646671655,-188.32993364487345,1349.571140729643,14.124745023364174,-18.699619850037195,2.971355800417615e-19
1787278686.625276,resting,fast,1787278684.5223618,-249.60933615550994,-187.17551071068021,1355.7198519998828,14.038163303300113,-18.7207002116631,2.971851708173156e-19
1787278686.6364274,resting,fast,1787278684.5223618,-249.83401279151394,-186.5974189202069,1359.5067114989406,13.994806419014456,-18.73755095936339,2.972705572579942e-19
1787278686.647409,resting,fast,1787278684.5223618,-248.51894647750441,-185.92231029088555,1358.8800200140986,13.94417327181512,-18.63892098581274,2.9707280241800386e-19
1787278686.658569,resting,fast,1787278684.5223618,-248.20944050588378,-185.58946058626145,1357.1251629010321,13.919209543968524,-18.61570803794111,2.9727076427519707e-19
1787278686.6720214,resting,fast,1787278684.5223618,-246.97428855829867,-187.02904937311462,1353.4854647735165,14.02717870298267,-18.52307164187239,2.970898138637589e-19
1787278686.6809568,resting,fast,1787278684.5223618,-247.1304647355396,-187.57160774691113,1350.6144274301614,14.067870581017207,-18.534784855165476,2.9660746264100394e-19
1787278686.691919,resting,fast,1787278684.5223618,-247.59354783624394,-187.74640101893817,1350.5672153182577,14.080980076419454,-18.569516087718178,2.96524271412436e-19
1787278686.7048342,resting,fast,1787278684.5223618,-249.21958283871436,-187.04134420569505,1350.6575077572625,14.028100815425976,-18.69146871290348,2.9674417958936835e-19
1787278686.714085,resting,fast,1787278684.5223618,-249.2475289001818,-187.2185470607359,1350.3368164147041,14.041391029553953,-18.693564667513407,2.9654422819748608e-19
1787278686.725169,resting,fast,1787278684.5223618,-249.11125399495222,-188.09115765357603,1348.9022259543062,14.106836824017126,-18.683344049621383,2.963579141333168e-19
1787278686.7381837,resting,fast,1787278684.5223618,-248.1248554059789,-187.50766763253853,1348.337128006694,14.063075072439464,-18.60936415544841,2.960330970652517e-19
1787278686.747392,resting,fast,1787278684.5223618,-248.51503315890614,-187.76102940432827,1348.0702219060922,14.08207720532349,-18.63862748691784,2.964317738706894e-19
1787278686.7585926,resting,fast,1787278684.5223618,-248.39934009502258,-187.19289577850907,1347.9496907622806,14.039467183387078,-18.629950507126445,2.966148265581134e-19
1787278686.7717566,resting,fast,1787278684.5223618,-248.28497574650783,-187.95302366093495,1348.6920587091709,14.096476774568917,-18.621373180988094,2.967449614131191e-19
1787278686.780885,resting,fast,1787278684.5223618,-247.64725704552393,-187.77028932007136,1352.6936483176241,14.0827716990043,-18.573544278414197,2.969058185405844e-19
1787278686.7919037,resting,fast,1787278684.5223618,-247.09902323288543,-187.5576282068397,1352.3670816199237,14.066822115512114,-18.532426742466455,2.969222890962038e-19
1787278686.8031173,resting,fast,1787278684.5223618,-246.2912637414579,-186.65214545167316,1351.225284346322,13.998910908874624,-18.471844780609118,2.968473820723568e-19
1787278686.8140788,resting,fast,1787278684.5223618,-247.0419290261566,-186.01577896535457,1345.397464356155,13.951183422400451,-18.528144676961617,2.963259842898695e-19
1787278686.8251772,resting,fast,1787278684.5223618,-248.21022777934604,-186.93909971382766,1349.8947228063307,14.020432478536069,-18.615767083450997,2.9657733611466447e-19
1787278686.83638,resting,fast,1787278684.5223618,-250.74266538210532,-187.95455485602145,1353.8779051849751,14.096591614200538,-18.805699903657647,2.9673319234090446e-19
1787278686.847431,resting,fast,1787278684.5223618,-249.81511459511103,-189.04494515784688,1352.6126805258655,14.178370886837431,-18.736133594633067,2.9653399652198496e-19
1787278686.8584673,resting,fast,1787278684.5223618,-249.26278548008167,-189.1437052887194,1346.4817851479793,14.185777896652755,-18.694708911005954,2.962030743636826e-19
1787278686.8695483,resting,fast,1787278684.5223618,-247.24433168864607,-188.24047821001284,1342.154716283484,14.118035865749878,-18.543324876648136,2.963499366745496e-19
1787278686.880861,resting,fast,1787278684.5223618,-246.65335125536194,-187.3267546620765,1342.70453078638,14.049506599654382,-18.499001344151893,2.9668968151553367e-19
1787278686.8917315,resting,fast,1787278684.5223618,-247.54958808934634,-187.35814583285708,1347.221995030689,14.051860937463164,-18.566219106700757,2.9685623845951107e-19
1787278686.9048626,resting,fast,1787278684.5223618,-248.32248817453137,-188.00542044649262,1355.339078408645,14.100406533485572,-18.62418661308964,2.9703367667563706e-19
1787278686.9140744,resting,fast,1787278684.5223618,-249.5198508267581,-188.36146348244108,1359.238041345464,14.127109761182016,-18.71398881200669,2.9715234813433634e-19
1787278686.9250944,resting,fast,1787278684.5223618,-247.9371756477235,-187.35186507369156,1356.9284141803064,14.051389880525779,-18.59528817357917,2.9685721701690877e-19
1787278686.9385178,resting,fast,1787278684.5223618,-247.8964722379128,-187.7600658834118,1350.2334944125605,14.08200494125484,-18.592235417843426,2.9652870896387127e-19
1787278686.9472113,resting,fast,1787278684.5223618,-247.40316587143798,-187.98362604681108,1351.3307699953666,14.098771953509573,-18.5552374403576,2.9701278157348864e-19
1787278686.9582825,resting,fast,1787278684.5223618,-248.20858385542715,-189.0495701528447,1352.339890525399,14.178717761462185,-18.61564378915707,2.968959450300711e-19
1787278686.9711168,resting,fast,1787278684.5223618,-247.83805089082534,-188.41209135145948,1352.3434152790514,14.130906851358407,-18.58785381681161,2.9656590622448967e-19
1787278686.9806712,resting,fast,1787278684.5223618,-248.45793317262405,-188.02701656901843,1351.6418137425544,14.102026242675155,-18.63434498794664,2.9672672009738515e-19
1787278686.9917061,resting,fast,1787278684.5223618,-248.78396411656877,-188.12994616025992,1350.6044973179241,14.10974596201837,-18.658797308742457,2.9706081040888257e-19
1787278687.0053139,resting,fast,1787278684.5223618,-248.6554895211516,-188.4790749845032,1351.1233160227648,14.135930623836547,-18.649161714086247,2.974758656660564e-19
1787278687.013911,resting,fast,1787278684.5223618,-248.4655477986048,-188.55879791046812,1350.899642186433,14.141909843284157,-18.634916084895117,2.970911227771622e-19
1787278687.0250366,resting,fast,1787278684.5223618,-248.71879396838222,-188.14966584953584,1352.0120587299834,14.111224938713892,-18.653909547628636,2.9729161453999405e-19
1787278687.0361624,resting,fast,1787278684.5223618,-248.4825355976477,-188.27220019127947,1348.805888466054,14.12041501434462,-18.636190169823557,2.9697574332070714e-19
1787278687.047275,resting,fast,1787278684.5223618,-248.88608130549392,-188.6931745283831,1348.5628895794189,14.151988089627498,-18.666456097911933,2.9706019480239683e-19
1787278687.058296,resting,fast,1787278684.5223618,-248.47061900960352,-188.67476469556834,1347.1105304496896,14.150607352166222,-18.63529642571995,2.9676962650684165e-19
1787278687.0695078,resting,fast,1787278684.5223618,-249.5527276174148,-188.25724992540597,1350.1929076685274,14.11929374440425,-18.716454571305825,2.969428401163441e-19
1787278687.0805101,resting,fast,1787278684.5223618,-249.4864611040598,-187.69805823872537,1351.2161933170873,14.077354367903073,-18.711484582804168,2.969170426646231e-19
1787278687.09126,resting,fast,1787278684.5223618,-250.29104432082067,-187.9369748504006,1355.484840660115,14.095273113778976,-18.771828324061296,2.971981687232437e-19
1787278687.1026704,resting,fast,1787278684.5223618,-250.57710180163986,-188.26933083169513,1361.96757896307,14.120199812376075,-18.7932826351228,2.974528291639459e-19
1787278687.113817,resting,fast,1787278684.5223618,-251.3702123806329,-189.222040976411,1361.529691095765,14.19165307322989,-18.852765928547193,2.974788604248003e-19
1787278687.1249,resting,fast,1787278684.5223618,-250.71060701380657,-188.20360144269614,1360.5857364882058,14.11527010820102,-18.80329552603552,2.9755280101909623e-19
1787278687.1361437,resting,fast,1787278684.5223618,-249.15314800798342,-187.7743866376419,1350.4936216215037,14.083078997821918,-18.68648610059848,2.968348301515615e-19
1787278687.1466029,resting,fast,1787278684.5223618,-248.90273150293842,-186.79580919121634,1349.8496687916277,14.009685689340262,-18.667704862720207,2.9661606666889876e-19
1787278687.157752,resting,fast,1787278684.5223618,-248.2842514569743,-188.22909451556336,1348.7698436661676,14.117182088666059,-18.621318859272932,2.9661880354038803e-19
1787278687.1693254,resting,fast,1787278684.5223618,-248.21866681111578,-188.98508043894083,1351.400473869934,14.173881032919642,-18.616400010833594,2.9715501963823257e-19
1787278687.1802993,resting,fast,1787278684.5223618,-247.8005662878818,-188.16174251367386,1354.383445606666,14.112130688524292,-18.585042471590874,2.9741544937854707e-19
1787278687.1915574,resting,fast,1787278684.5223618,-249.13202439018323,-189.1478767377854,1356.400472404589,14.186090755332902,-18.684901829263588,2.975973164693847e-19
1787278687.20264,resting,fast,1787278684.5223618,-248.17799403391973,-188.07230934595543,1351.8503269247676,14.105423200945285,-18.613349552543745,2.968927661939776e-19
1787278687.2137105,resting,fast,1787278684.5223618,-248.25904858104377,-189.64933579100887,1350.6949616196407,14.223700184324546,-18.61942864357796,2.969356032842317e-19
1787278687.2248077,resting,fast,1787278684.5223618,-247.66102077123878,-188.495172467305,1348.825922527979,14.13713793504667,-18.574576557842803,2.9665947953416656e-19
1787278687.2358263,resting,fast,1787278684.5223618,-249.3904187893172,-188.75325601525867,1353.9043926536024,14.156494201143236,-18.704281409198636,2.973654450544031e-19
1787278687.2469187,resting,fast,1787278684.5223618,-250.09690450952849,-189.41085694617698,1353.8327683479483,14.205814270962083,-18.75726783821458,2.97537927293422e-19
1787278687.2580295,resting,fast,1787278684.5223618,-250.2189795456784,-188.57090370221965,1353.6979883015147,14.142817777665375,-18.766423465925804,2.975747549128062e-19
1787278687.2694347,resting,fast,1787278684.5223618,-250.30620656538622,-188.77286227854086,1354.9094582527187,14.157964670889445,-18.772965492403863,2.97558544575759e-19
1787278687.2803056,resting,fast,1787278684.5223618,-249.2877408155241,-187.91236636859105,1354.1876941309665,14.093427477643278,-18.696580561164176,2.975384251605339e-19
1787278687.2911022,resting,fast,1787278684.5223618,-247.94637619632022,-187.36831669012156,1351.7363561582906,14.052623751758151,-18.595978214723893,2.9737205481108727e-19
1787278687.301972,resting,fast,1787278684.5223618,-248.6272338660815,-188.1341897555218,1355.6113878462684,14.110064231662864,-18.647042539956082,2.9758311730230898e-19
1787278687.313433,resting,fast,1787278684.5223618,-248.50920494905176,-188.52367951092435,1353.082209327581,14.139275963318216,-18.63819037117848,2.970652100297749e-19
1787278687.324705,resting,fast,1787278684.5223618,-248.53127989346785,-190.05703135734132,1353.7334133410213,14.254277351799505,-18.63984599200994,2.9694341315660547e-19
1787278687.3359199,resting,fast,1787278684.5223618,-246.66933972230845,-187.74478970720577,1346.467801022728,14.080859228039191,-18.50020047917291,2.9629947014199874e-19
1787278687.3465438,resting,fast,1787278684.5223618,-247.30476602786757,-188.2277436815126,1351.0446012542316,14.117080776112434,-18.547857452090156,2.9669539271052674e-19
1787278687.35802,resting,fast,1787278684.5223618,-246.1691239043671,-186.8894154520841,1349.5499777551204,14.016706158905212,-18.46268429282749,2.9666174616458074e-19
1787278687.3692367,resting,fast,1787278684.5223618,-247.0979528310413,-188.2137746560403,1351.8490528797365,14.116033099201818,-18.532346462327716,2.970621711629551e-19
1787278687.3801992,resting,fast,1787278684.5223618,-246.43029989792694,-187.29402442805838,1348.9932999253042,14.047051832103211,-18.482272492344336,2.9698984689350434e-19
1787278687.3912857,resting,fast,1787278684.5223618,-247.85324703886954,-186.7812250025537,1351.6003876590776,14.00859187519065,-18.588993527915143,2.9693463295364673e-19
1787278687.4024801,resting,fast,1787278684.5223618,-248.1752649419618,-187.680539850856,1352.9786832787986,14.076040488813039,-18.613144870646934,2.9692224742182986e-19
1787278687.413526,resting,fast,1787278684.5223618,-248.75420641874143,-187.87210993658857,1354.3600894197816,14.09040824524303,-18.65656548140528,2.9739172820426665e-19
1787278687.4245944,resting,fast,1787278684.5223618,-249.50734887551744,-188.55419173213056,1354.6384434658294,14.141564379908662,-18.713051165663572,2.974758342356125e-19
1787278687.4358253,resting,fast,1787278684.5223618,-248.45137568959808,-187.3060907280377,1350.8854383314,14.047956804601885,-18.633853176719647,2.972529011954233e-19
1787278687.4468122,resting,fast,1787278684.5223618,-248.15092140178558,-186.7894326352656,1348.313957121548,14.009207447643863,-18.611319105133795,2.96699926728655e-19
1787278687.4578934,resting,fast,1787278684.5223618,-247.46342398343177,-187.07659514441195,1345.1516412768442,14.030744635829794,-18.559756798757185,2.96390604337945e-19
1787278687.4711778,resting,fast,1787278684.5223618,-247.176269387272,-187.6319642261543,1345.602413130885,14.072397316960394,-18.53822020404543,2.96335778479935e-19
1787278687.480058,resting,fast,1787278684.5223618,-245.3963892931647,-187.95344365470498,1347.0743265039682,14.096508274101783,-18.404729196987383,2.9653610968370643e-19
1787278687.4912565,resting,fast,1787278684.5223618,-244.9968122738169,-186.08611132753902,1345.819485137109,13.956458349564276,-18.374760920535856,2.965154167276326e-19
1787278687.5036068,resting,fast,1787278684.5223618,-247.49647391703866,-186.98140776566026,1353.843247100599,14.023605582423276,-18.56223554377766,2.9709170276806853e-19
1787278687.5134954,resting,fast,1787278684.5223618,-249.2729762381664,-186.57207378246346,1351.9742547632823,13.992905533683658,-18.695473217862187,2.969774909213816e-19
1787278687.52461,resting,fast,1787278684.5223618,-250.0967255028586,-187.56299529287878,1356.967404672284,14.06722464696475,-18.757254412714317,2.974972396672292e-19
1787278687.5382924,resting,fast,1787278684.5223618,-249.54474934266955,-186.85213182752602,1353.1050709814872,14.01390988706348,-18.715856200699967,2.9738246657193394e-19
1787278687.5466971,resting,fast,1787278684.5223618,-249.61676945700992,-187.45575092524984,1353.5942678030524,14.059181319392511,-18.721257709275427,2.9723010763763984e-19
1787278687.5577695,resting,fast,1787278684.5223618,-249.53496840312664,-189.07536480252736,1352.1272499838224,14.180652360188407,-18.71512263023449,2.9732386676802696e-19
1787278687.5711837,resting,fast,1787278684.5223618,-248.97695304845956,-189.21381357357052,1350.7237821635326,14.191036018016579,-18.673271478634213,2.9731416988088206e-19
1787278687.5798955,resting,fast,1787278684.5223618,-249.2250579705228,-189.16184766158256,1356.6802572809656,14.187138574617581,-18.691879347788984,2.977216788949786e-19
1787278687.5907419,resting,fast,1787278684.5223618,-249.07507114319606,-188.66174104509935,1358.9465466822485,14.14963057838111,-18.680630335739302,2.974978155849478e-19
1787278687.6016226,resting,fast,1787278684.5223618,-249.49683558916922,-188.56213243484774,1359.0093712090647,14.142159932612504,-18.71226266918746,2.9704557409056653e-19
1787278687.6130216,resting,fast,1787278684.5223618,-249.23174239152695,-189.0578270614693,1355.340908057481,14.179337029609076,-18.692380679364327,2.9693520315298387e-19
1787278687.6244502,resting,fast,1787278684.5223618,-248.57404104784882,-188.6125523123418,1352.4955735352369,14.145941423424748,-18.643053078588316,2.970653084282078e-19
1787278687.6377268,resting,fast,1787278684.5223618,-247.8497269060531,-188.0554833612474,1351.5274046732166,14.104161252092386,-18.588729517953688,2.971788491357459e-19
1787278687.646564,resting,fast,1787278684.5223618,-248.2447309996328,-188.9051334240079,1351.4375770702018,14.167885006799313,-18.61835482497218,2.9683561986907974e-19
1787278687.6576219,resting,fast,1787278684.5223618,-248.61670028131766,-189.7670479334157,1353.1766326185034,14.232528595005082,-18.646252521098695,2.968627638469433e-19
1787278687.671138,resting,fast,1787278684.5223618,-248.4906225771524,-190.45816071803108,1351.1594228672157,14.284362053851172,-18.63679669328622,2.968664088335166e-19
1787278687.6797643,resting,fast,1787278684.5223618,-247.27427096495967,-188.14523830069413,1354.0794176564823,14.11089287255098,-18.545570322371837,2.970201493219318e-19
1787278687.6909595,resting,fast,1787278684.5223618,-247.8659524296595,-187.69570158909016,1352.189263567746,14.077177619180564,-18.589946432224302,2.969264295417137e-19
1787278687.7045164,resting,fast,1787278684.5223618,-250.70465806725997,-189.0184515850127,1358.8071551733256,14.176383868874797,-18.802849355044415,2.974075738380281e-19
1787278687.7130752,resting,fast,1787278684.5223618,-251.0101580210553,-190.98993711277296,1354.006762339398,14.324245283456765,-18.825761851579166,2.977106794839077e-19
1787278687.7242634,resting,fast,1787278684.5223618,-250.09053102933512,-191.82225511134595,1354.1473233772294,14.38666913334976,-18.756789827199974,2.9729925721626337e-19
1787278687.7354114,resting,fast,1787278684.5223618,-247.14732539553052,-190.11163745994315,1349.6075446489895,14.258372809494649,-18.536049404664602,2.971422018877404e-19
1787278687.7463942,resting,fast,1787278684.5223618,-247.1300218549227,-188.8394290273153,1347.9729913769634,14.162957177047492,-18.53475163911903,2.966706905439834e-19
1787278687.757659,resting,fast,1787278684.5223618,-248.12165943841273,-188.00792077179324,1350.6172495372275,14.100594057883374,-18.60912445788091,2.973608866276517e-19
1787278687.7687898,resting,fast,1787278684.5223618,-248.64728122807037,-187.12814708227654,1349.5082113035724,14.034611031169465,-18.64854609210534,2.97084806017761e-19
1787278687.7797716,resting,fast,1787278684.5223618,-248.3231724649363,-185.33431908814816,1353.1532773192093,13.900073931609999,-18.624237934870003,2.972712108914446e-19
1787278687.790793,resting,fast,1787278684.5223618,-248.96712648329185,-185.64574832566552,1353.7017351913282,13.923431124423931,-18.672534486246782,2.9693951921310554e-19
1787278687.8020067,resting,fast,1787278684.5223618,-249.48423043199682,-187.02468021881725,1355.70611503308,14.026851016410152,-18.71131728239957,2.9711795858973364e-19
1787278687.8130932,resting,fast,1787278684.5223618,-250.31069420849553,-188.93511246859714,1355.5340267277688,14.170133435143757,-18.773302065637026,2.9723618543255946e-19
1787278687.8241463,resting,fast,1787278684.5223618,-250.0996099005829,-189.44948186451586,1353.260994472469,14.208711139837536,-18.757470742543504,2.9745318667035405e-19
1787278687.835225,resting,fast,1787278684.5223618,-248.37820390660227,-187.44971492805814,1351.4897104090478,14.058728619603077,-18.628365292994808,2.9700608649758233e-19
1787278687.8462265,resting,fast,1787278684.5223618,-248.15699660949986,-186.60295278147407,1349.4102899501568,13.995221458609524,-18.61177474571239,2.962683693969478e-19
1787278687.8574448,resting,fast,1787278684.5223618,-247.11613944167175,-186.73065217100032,1347.5075319510115,14.004798912823777,-18.533710458125128,2.9601891340768654e-19
1787278687.8686314,resting,fast,1787278684.5223618,-248.54442828739093,-188.6980916546214,1348.6862815242976,14.152356874095464,-18.640832121554403,2.9640327894738917e-19
1787278687.8795795,resting,fast,1787278684.5223618,-249.02095196178152,-190.32115146840113,1349.7094706146863,14.274086360128951,-18.676571397133642,2.9702048832964266e-19
1787278687.8907146,resting,fast,1787278684.5223618,-249.13142711439878,-188.87139914064358,1349.944008492178,14.165354935547033,-18.684857033579696,2.9672396101363063e-19
1787278687.9017715,resting,fast,1787278684.5223618,-248.911705601447,-187.17400777894557,1351.5866688938759,14.03805058341992,-18.668377920108284,2.9649576768971958e-19
1787278687.9129152,resting,fast,1787278684.5223618,-247.23306540870226,-186.44674504299667,1346.2025908001297,13.98350587822367,-18.54247990565259,2.9604036431057337e-19
1787278687.9239116,resting,fast,1787278684.5223618,-247.5966506017753,-186.92745476893754,1351.106054116487,14.019559107669128,-18.56974879513313,2.9649057797421714e-19
1787278687.935032,resting,fast,1787278684.5223618,-247.6229684855266,-188.98990748563585,1347.9881263883608,14.17424306142144,-18.5717226364143,2.9652423194657674e-19
1787278687.9462123,resting,fast,1787278684.5223618,-249.7478177167045,-189.8169239197831,1357.6157841455379,14.236269293982776,-18.731086328752518,2.9751298230707687e-19
1787278687.9574294,resting,fast,1787278684.5223618,-249.14033286270433,-189.05654225868682,1352.6841383185865,14.179240669400432,-18.685524964702765,2.9697851285959923e-19
1787278687.96844,resting,fast,1787278684.5223618,-248.51405606698017,-187.73166490083474,1352.9057351050697,14.079874867561518,-18.63855420502329,2.9702488334671886e-19
1787278687.9795728,resting,fast,1787278684.5223618,-248.97941027336174,-187.30308259601236,1352.9320638500603,14.047731194699725,-18.67345577050184,2.9664664819954063e-19
1787278687.9905775,resting,fast,1787278684.5223618,-249.92680170796348,-188.99320012856094,1355.7776952575941,14.174490009640795,-18.744510128096856,2.973442425188177e-19
1787278688.0017,resting,fast,1787278684.5223618,-249.07606575747877,-190.03404480759434,1351.7301665320365,14.252553360568559,-18.68070493181051,2.9713883866308785e-19
1787278688.0128322,resting,fast,1787278684.5223618,-246.98855804638197,-188.6818590223537,1341.7389078114857,14.151139426675233,-18.524141853478596,2.9627367266248467e-19
1787278688.0240178,resting,fast,1787278684.5223618,-246.29529358000445,-188.94424364969075,1340.2219137704278,14.170818273725548,-18.472147018499868,2.957765410648958e-19
1787278688.035151,resting,fast,1787278684.5223618,-247.57885415838655,-187.81157036303432,1345.152692734323,14.085867777226472,-18.568414061878926,2.9612865940629953e-19
1787278688.046189,resting,fast,1787278684.5223618,-248.1763149903495,-188.20484106954598,1346.8083147002026,14.115363080214824,-18.613223624276188,2.963950975821598e-19
1787278688.0572298,resting,fast,1787278684.5223618,-248.9192778002557,-187.88998181422528,1348.5206977381758,14.091748636065834,-18.668945835019073,2.9644909869474856e-19
1787278688.0684114,resting,fast,1787278684.5223618,-248.32635383855313,-188.57618061330243,1346.2381436240803,14.143213545996677,-18.624476537891198,2.958723919861071e-19
1787278688.0795116,resting,fast,1787278684.5223618,-247.79720297048652,-189.25178823977888,1351.4515152873037,14.193884117982297,-18.584790222786395,2.9633427424675634e-19
1787278688.090642,resting,fast,1787278684.5223618,-246.43969611782768,-187.22841958993092,1347.807109105267,14.042131469243774,-18.482977208836772,2.9650344065475884e-19
1787278688.101735,resting,fast,1787278684.5223618,-247.10469277527454,-186.77748413200231,1348.5431447122983,14.00831130989906,-18.532851958145223,2.9698965535549407e-19
1787278688.1126003,resting,fast,1787278684.5223618,-247.53596143937875,-186.4086064177369,1345.4292080350815,13.980645481328938,-18.56519710795309,2.9699491558677748e-19
1787278688.1235304,resting,fast,1787278684.5223618,-248.90246992752373,-187.8490267065921,1347.229031703987,14.088677002993197,-18.667685244564204,2.9703151854755746e-19
1787278688.13503,resting,fast,1787278684.5223618,-248.2301642245825,-187.7413105950376,1343.6543355623062,14.080598294626686,-18.6172623168436,2.9663254998376534e-19
1787278688.146046,resting,fast,1787278684.5223618,-249.53545412456197,-187.67520202912795,1346.9866839717515,14.075640152183457,-18.71515905934202,2.9654205587861404e-19
1787278688.1571808,resting,fast,1787278684.5223618,-250.08603596055264,-187.16363437582083,1350.6729524092761,14.037272578185512,-18.756452697041347,2.966778945822607e-19
1787278688.168323,resting,fast,1787278684.5223618,-250.41705921412677,-187.76841479436382,1355.6894907828892,14.082631109576372,-18.781279441059503,2.9676889201818164e-19
1787278688.1793582,resting,fast,1787278684.5223618,-249.38446831671035,-188.10839749531772,1355.900595696371,14.10812981214767,-18.70383512375333,2.969026156745511e-19
1787278688.1904395,resting,fast,1787278684.5223618,-249.68563205944747,-189.1611695002183,1354.4773015207438,14.187087712515268,-18.726422404458148,2.9700684769235945e-19
1787278688.2015138,resting,fast,1787278684.5223618,-250.78962503609864,-189.23148038198758,1356.458309223609,14.192361028647827,-18.809221877707124,2.9748161578738756e-19
1787278688.2125614,resting,fast,1787278684.5223618,-251.96958152539491,-188.93715996198455,1356.70025965066,14.170286997147432,-18.897718614404454,2.9727467633852577e-19
1787278688.2238343,resting,fast,1787278684.5223618,-249.5067150738064,-187.81196532553133,1352.8110943636793,14.085897399413728,-18.713003630535454,2.9707860715205127e-19
1787278688.2349348,resting,fast,1787278684.5223618,-248.20729233095835,-188.09833375995856,1347.9393773552301,14.107375031995549,-18.615546924821636,2.9695522115057123e-19
1787278688.2459338,resting,fast,1787278684.5223618,-248.0514851081548,-188.84375938860592,1347.2147959968815,14.1632819541443,-18.603861383111393,2.970050786598268e-19
1787278688.256972,resting,fast,1787278684.5223618,-249.88766453873586,-189.4523215120438,1351.8437166687154,14.208924113402109,-18.741574840404965,2.970360956169964e-19
1787278688.2681506,resting,fast,1787278684.5223618,-250.6502877622347,-188.47966912274467,1356.738508477957,14.135975184204742,-18.798771582167475,2.9745014967540526e-19
1787278688.2792854,resting,fast,1787278684.5223618,-249.74744850574143,-186.95434203268985,1358.175709729735,14.02157565245054,-18.731058637930346,2.9740556114191118e-19
1787278688.2902684,resting,fast,1787278684.5223618,-249.62226408174,-185.97784085835917,1357.5774255338229,13.94833806437602,-18.721669806130357,2.976945490272295e-19
1787278688.3010342,resting,fast,1787278684.5223618,-249.25790488574194,-186.04457983345253,1353.176561358955,13.953343487507883,-18.694342866430347,2.970601368153562e-19
1787278688.3120937,resting,fast,1787278684.5223618,-248.99706182384716,-185.7671487122078,1354.1719844635327,13.932536153414535,-18.674779636788166,2.973588305256019e-19
1787278688.3235748,resting,fast,1787278684.5223618,-248.73712039335396,-187.32043154228438,1355.582205274287,14.04903236567009,-18.6552840295015,2.9710534400420136e-19
1787278688.3347259,resting,fast,1787278684.5223618,-249.31077683813646,-186.46175954964872,1358.7043812153688,13.98463196622274,-18.698308262860074,2.9725046148840865e-19
1787278688.3458679,resting,fast,1787278684.5223618,-250.37739055251086,-188.77755548344737,1356.6243620517935,14.158316661257505,-18.778304291438296,2.9750006218195195e-19
1787278688.3570392,resting,fast,1787278684.5223618,-249.52904038138104,-187.44107764234525,1351.286241534578,14.05808082317461,-18.71467802860336,2.969520126255023e-19
1787278688.3676329,resting,fast,1787278684.5223618,-249.0063986074042,-189.7559365026408,1348.6283610075907,14.231695237696957,-18.675479895555164,2.9682540572681805e-19
1787278688.3787072,resting,fast,1787278684.5223618,-246.4735467064761,-189.0551141400482,1342.1527084963918,14.179133560502368,-18.485516002985527,2.962223116109426e-19
1787278688.389733,resting,fast,1787278684.5223618,-247.6935909204417,-189.40859700522344,1347.5726442261757,14.205644775390656,-18.57701931903282,2.9647135653788575e-19
1787278688.4030182,resting,fast,1787278684.5223618,-247.5631789692702,-188.2223004915569,1347.3526722345314,14.116672536865469,-18.567238422695134,2.9640917822192557e-19
1787278688.4124675,resting,fast,1787278684.5223618,-249.00053143437117,-188.29025936551932,1351.9418660665006,14.12176945241271,-18.67503985757765,2.9644597482329977e-19
1787278688.423526,resting,fast,1787278684.5223618,-247.6446021289189,-188.73912073215945,1343.950424724334,14.155434054910632,-18.57334515966854,2.9598393896377036e-19
1787278688.4346526,resting,fast,1787278684.5223618,-248.20579482122912,-188.8300292844882,1345.2287388082104,14.162252196335405,-18.61543461159205,2.962890956624278e-19
1787278688.4458158,resting,fast,1787278684.5223618,-248.09027665162785,-187.52304748938639,1344.5502092936558,14.064228561703036,-18.606770748872158,2.9628226888607725e-19
1787278688.4567788,resting,fast,1787278684.5223618,-249.2688060994774,-188.02368858086845,1349.2964848513848,14.101776643564225,-18.695160457460823,2.971737739561645e-19
1787278688.4697804,resting,fast,1787278684.5223618,-249.0178934929104,-188.13356328929137,1350.8164257538492,14.110017246695723,-18.676342011968167,2.9717133107885153e-19
1787278688.4790428,resting,fast,1787278684.5223618,-249.25731474179838,-188.6517196566325,1352.628839656999,14.148878974246347,-18.694298605634863,2.9709080723959497e-19
1787278688.4900646,resting,fast,1787278684.5223618,-247.9410333731962,-186.9180422087651,1349.4771990503368,14.018853165656257,-18.595577502989848,2.9681472264513623e-19
1787278688.5038524,resting,fast,1787278684.5223618,-248.18571078407194,-187.0428811656301,1348.029436917649,14.028216087421033,-18.613928308805406,2.9695289728032445e-19
1787278688.512205,resting,fast,1787278684.5223618,-247.01070511769058,-187.4155822068061,1345.8294581119017,14.05616866550955,-18.52580288382665,2.968286366595153e-19
1787278688.5235276,resting,fast,1787278684.5223618,-248.28454468380414,-188.31808510308872,1350.2774985116603,14.123856382730484,-18.621340851284984,2.969918524054486e-19
1787278688.5367715,resting,fast,1787278684.5223618,-247.75211102519506,-186.22442410200813,1353.371902464708,13.966831807649474,-18.581408326889452,2.966515325643308e-19
1787278688.5456429,resting,fast,1787278684.5223618,-248.638958792822,-185.57413762801514,1353.8147586903842,13.918060322099937,-18.647921909461395,2.9669265473053016e-19
1787278688.5566707,resting,fast,1787278684.5223618,-247.76160338517593,-184.87485022504222,1352.900689748657,13.865613766877178,-18.582120253888,2.9653601607552835e-19
1787278688.570222,resting,fast,1787278684.5223618,-248.07217262977292,-184.7145110512755,1351.242050057116,13.853588328844697,-18.6054129472329,2.966161690258844e-19
1787278688.5789747,resting,fast,1787278684.5223618,-248.07491666113083,-184.11902715595545,1351.865881683966,13.808927036695412,-18.605618749584472,2.9653515398338667e-19
1787278688.590033,resting,fast,1787278684.5223618,-249.39158048383024,-185.77212004731007,1351.6447584009993,13.932909003547156,-18.704368536287113,2.966894993980004e-19
1787278688.6028917,resting,fast,1787278684.5223618,-249.78288165417553,-186.43864951525882,1354.087908138842,13.982898713643397,-18.733716124063065,2.971173336294366e-19
1787278688.612348,resting,fast,1787278684.5223618,-249.9893973959811,-186.12912134704777,1353.3899472176226,13.95968410102748,-18.749204804698437,2.9709936317280803e-19
1787278688.6233542,resting,fast,1787278684.5223618,-249.95252291139286,-186.0244213262755,1352.601996823273,13.951831599469461,-18.74643921835441,2.968444099779823e-19
1787278688.6356068,resting,fast,1787278684.5223618,-248.97170061100996,-187.41588128690557,1351.3928968867376,14.056191096516915,-18.672877545825713,2.9676289378364776e-19
1787278688.6455054,resting,fast,1787278684.5223618,-247.4766783096943,-188.21210424966318,1347.7776423521364,14.115907818723588,-18.560750873226837,2.9709705786617474e-19
1787278688.6565692,resting,fast,1787278684.5223618,-246.52929091850865,-187.29069935266386,1349.4285462449398,14.046802451448773,-18.489696818888156,2.9735527338767235e-19
1787278688.6687002,resting,fast,1787278684.5223618,-247.27222351095452,-187.48931480783756,1350.7783910884327,14.061698610586692,-18.545416763321334,2.97502516524812e-19
1787278688.6788597,resting,fast,1787278684.5223618,-246.85554362046742,-187.35641467588778,1351.7387106717333,14.05173110069035,-18.514165771534834,2.9732873108834764e-19
1787278688.6899543,resting,fast,1787278684.5223618,-246.40730171609675,-188.0761716906453,1346.8920757509704,14.105712876797217,-18.48054762870718,2.969920388217725e-19
1787278688.702129,resting,fast,1787278684.5223618,-245.7526724481554,-186.50521710481428,1343.1631082042813,13.987891282859795,-18.431450433611488,2.965653011748651e-19
1787278688.711824,resting,fast,1787278684.5223618,-246.74596735332443,-185.81568497738692,1344.6533733422157,13.936176373302875,-18.505947551499176,2.9688346714681187e-19
1787278688.7230923,resting,fast,1787278684.5223618,-246.45355170237008,-184.60217029651574,1349.1716184059287,13.845162772237504,-18.484016377677534,2.96986420683636e-19
1787278688.7343874,resting,fast,1787278684.5223618,-246.98946722551,-185.4983023498454,1349.1044713024958,13.912372676237272,-18.52421004191296,2.9699283901628204e-19
1787278688.745356,resting,fast,1787278684.5223618,-246.89099827255222,-186.89200340831337,1347.7249686434325,14.016900255622065,-18.51682487044122,2.97128256270805e-19
1787278688.7564304,resting,fast,1787278684.5223618,-247.39058202817114,-186.36524757189034,1343.986195931383,13.977393567890449,-18.55429365211281,2.968455183672264e-19
1787278688.7670126,resting,fast,1787278684.5223618,-247.17838663256725,-186.8054315479768,1347.055577850785,14.010407366097073,-18.538378997442344,2.970747555636131e-19
1787278688.7781358,resting,fast,1787278684.5223618,-246.41000637055413,-187.04220459101214,1345.9344159157854,14.02816534432458,-18.48075047779141,2.966098204111008e-19
1787278688.7893326,resting,fast,1787278684.5223618,-245.6845377973209,-187.59936681278225,1345.70802791607,14.069952510957226,-18.426340334798667,2.9689081370128753e-19
1787278688.8009331,resting,fast,1787278684.5223618,-246.46791564382556,-187.14907870901095,1342.4083488902515,14.036180903174756,-18.48509367328684,2.9662695725743493e-19
1787278688.812095,resting,fast,1787278684.5223618,-247.3982240691389,-186.76436262588834,1342.6605607184965,14.007327196940597,-18.554866805185114,2.9651071833081753e-19
1787278688.823065,resting,fast,1787278684.5223618,-248.76321887035238,-186.9707877145803,1344.989869204911,14.022809078592179,-18.657241415276175,2.965021592588787e-19
1787278688.834334,resting,fast,1787278684.5223618,-248.2794579156166,-187.77414266049766,1345.7482806161997,14.08306069953628,-18.620959343671146,2.9646284146417683e-19
1787278688.8453548,resting,fast,1787278684.5223618,-249.25335093219246,-189.34957885668575,1346.5664244945683,14.201218414250366,-18.69400131991445,2.9667868738108984e-19
1787278688.8564048,resting,fast,1787278684.5223618,-247.98836434956183,-189.42637512114436,1342.789643134748,14.206978134084753,-18.59912732621693,2.9650980986856864e-19
1787278688.8678024,resting,fast,1787278684.5223618,-247.05463127290705,-188.94950110044044,1340.7369240954222,14.171212582531826,-18.52909734546794,2.964571771508301e-19
1787278688.8785725,resting,fast,1787278684.5223618,-246.46887919120536,-186.03942670707954,1343.9854944736499,13.952957003029685,-18.48516593934022,2.964466564868476e-19
1787278688.8896985,resting,fast,1787278684.5223618,-246.69313290993114,-186.49998808681164,1344.619205706932,13.987499106509606,-18.501984968244678,2.9640402574683085e-19
1787278688.900766,resting,fast,1787278684.5223618,-247.38020350709894,-188.03015634103087,1344.6946261121966,14.102261725576032,-18.553515263032303,2.9676470841659224e-19
1787278688.9120579,resting,fast,1787278684.5223618,-246.09034781076343,-189.80529393031077,1341.9602311829394,14.235397044772132,-18.456776085807135,2.966551981634355e-19
1787278688.923102,resting,fast,1787278684.5223618,-245.30703334535474,-189.25087100836652,1343.4619499300416,14.193815325626236,-18.398027500901215,2.9703610931300066e-19
1787278688.9343216,resting,fast,1787278684.5223618,-244.98405080998282,-187.64394629395713,1342.5107170622296,14.07329597204539,-18.373803810748427,2.9689283579881393e-19
1787278688.9452386,resting,fast,1787278684.5223618,-244.77390676643836,-186.6082176627839,1339.1139573135833,13.995616324707473,-18.358043007482706,2.9699809342775586e-19
1787278688.9562497,resting,fast,1787278684.5223618,-246.38858100290372,-187.47494420904388,1343.4510606359863,14.060620815676874,-18.479143575217506,2.970427617612137e-19
1787278688.967484,resting,fast,1787278684.5223618,-247.09925067149516,-187.24484268518393,1347.1480335399474,14.043363201387681,-18.532443800361918,2.9734274667497177e-19
1787278688.978496,resting,fast,1787278684.5223618,-247.0162684796519,-186.5049811413088,1350.1600667980392,13.987873585597246,-18.52622013597395,2.9745174659112443e-19
1787278688.9897034,resting,fast,1787278684.5223618,-246.31643215580743,-185.57005422219402,1346.3672334339162,13.917754066663509,-18.473732411685432,2.9740498311825733e-19
1787278689.0007467,resting,fast,1787278684.5223618,-246.2798303683062,-185.7895082878714,1345.0790899211124,13.934213121589284,-18.470987277622882,2.9687890029950286e-19
1787278689.0117862,resting,fast,1787278684.5223618,-247.68021178896606,-187.93169849823983,1345.233232391044,14.094877387367038,-18.576015884172364,2.969982841386838e-19
1787278689.0227861,resting,fast,1787278684.5223618,-248.7449200822025,-187.5445775285558,1347.4473643437696,14.065843314640578,-18.655869006165126,2.9688193019847582e-19
1787278689.0340762,resting,fast,1787278684.5223618,-248.4439134716572,-187.93934132717948,1350.3127771308727,14.095450599537177,-18.63329351037398,2.972190926680718e-19
1787278689.045159,resting,fast,1787278684.5223618,-248.99446481863697,-186.72405254949524,1348.6587016033873,14.004303941210711,-18.674584861397463,2.9674023974952476e-19
1787278689.0562208,resting,fast,1787278684.5223618,-247.69046742167257,-187.24876019837177,1345.259880923929,14.043657014876718,-18.576785056625212,2.965210458016833e-19
1787278689.0671973,resting,fast,1787278684.5223618,-247.94394716063334,-187.046145864888,1342.7731304160961,14.028460939865344,-18.59579603704706,2.9633628421422937e-19
1787278689.0782156,resting,fast,1787278684.5223618,-246.97298670124792,-185.841838827292,1345.6415501890779,13.938137912045821,-18.522974002593358,2.9679492798431477e-19
1787278689.089402,resting,fast,1787278684.5223618,-247.74716362449954,-185.71415165659812,1347.999291551293,13.928561374243575,-18.581037271837275,2.9693767052544004e-19
1787278689.1005764,resting,fast,1787278684.5223618,-246.7885466888706,-184.5104708214468,1346.6008602437769,13.838285311607454,-18.5091410016651,2.967495195940438e-19
1787278689.1115797,resting,fast,1787278684.5223618,-247.14783664938977,-185.61811201690455,1343.8554202985206,13.92135840126669,-18.536087748704063,2.961427766919918e-19
1787278689.122439,resting,fast,1787278684.5223618,-246.92635710506192,-186.42204878071868,1345.3301045208127,13.981653658552876,-18.519476782879273,2.964262227722628e-19
1787278689.1339135,resting,fast,1787278684.5223618,-247.8739510873088,-187.15124674671222,1352.638166699343,14.036343506002428,-18.590546331548225,2.9685186203843575e-19
1787278689.1449845,resting,fast,1787278684.5223618,-248.1088985991687,-186.55622010379022,1349.864407983906,13.99171650778317,-18.608167394937404,2.966447520660438e-19
1787278689.1562076,resting,fast,1787278684.5223618,-248.28422211184215,-185.3176142904955,1350.5174447174495,13.898821071786134,-18.621316658387705,2.9653786364651617e-19
1787278689.1671278,resting,fast,1787278684.5223618,-248.76366097122582,-185.88857479008732,1347.5314969719157,13.94164310925527,-18.657274572841807,2.966675145266513e-19
1787278689.1784294,resting,fast,1787278684.5223618,-248.48844184036852,-186.13453208530916,1351.504589489302,13.960089906396878,-18.636633138027754,2.973645793632948e-19
1787278689.1895509,resting,fast,1787278684.5223618,-246.13751856442514,-186.6978716304476,1341.30325200085,14.002340372282251,-18.46031389233176,2.9661370705998967e-19
1787278689.200398,resting,fast,1787278684.5223618,-245.0977135470116,-185.51313724447084,1340.95768806855,13.913485293333938,-18.38232851602551,2.9632696017846023e-19
1787278689.2117136,resting,fast,1787278684.5223618,-245.91140099118775,-187.0980798064801,1345.6883173012475,14.032355985485001,-18.44335507433881,2.9595880877574374e-19
1787278689.2229176,resting,fast,1787278684.5223618,-247.7572796214713,-187.34070838837295,1353.6052623952792,14.050553129126602,-18.581795971610028,2.966809405093598e-19
1787278689.2340438,resting,fast,1787278684.5223618,-247.46606445395855,-188.5669961721718,1351.3181450408674,14.14252471291174,-18.55995483404662,2.9665000568709883e-19
1787278689.2449841,resting,fast,1787278684.5223618,-246.88115914156015,-187.29193904027363,1342.2544239218905,14.046895428019074,-18.516086935616684,2.9641719778486573e-19
1787278689.2560468,resting,fast,1787278684.5223618,-247.83584473601104,-188.0962188413231,1344.860023371878,14.107216413098119,-18.58768835520057,2.966857978056087e-19
1787278689.267207,resting,fast,1787278684.5223618,-247.81567227803635,-186.8054160385126,1342.4257401791501,14.010406202887399,-18.58617542085254,2.964838696881141e-19
1787278689.2781165,resting,fast,1787278684.5223618,-247.8332982483348,-186.54093326339432,1348.10697934771,13.990569994753333,-18.587497368624966,2.9700663415166923e-19
1787278689.2894173,resting,fast,1787278684.5223618,-246.26108476598756,-185.36977851834683,1344.6514794041805,13.902733388874712,-18.469581357449023,2.9668323625035204e-19
1787278689.3006084,resting,fast,1787278684.5223618,-246.5188506141908,-185.66526548163586,1344.5182264165333,13.924894911121473,-18.48891379606401,2.9644817371279917e-19
1787278689.3115537,resting,fast,1787278684.5223618,-247.05665011364954,-185.82508230327755,1346.9348087042226,13.93688117274478,-18.52924875852353,2.965692107883926e-19
1787278689.322677,resting,fast,1787278684.5223618,-248.54809284378325,-185.79218307134954,1347.4019129314138,13.93441373034982,-18.641106963283555,2.96373300184251e-19
1787278689.3337357,resting,fast,1787278684.5223618,-249.31232455867894,-186.9801462744548,1353.572203497787,14.023510970583022,-18.698424341900825,2.9693571910414267e-19
1787278689.3448927,resting,fast,1787278684.5223618,-248.59046794418964,-187.80698113043252,1352.9719230012624,14.08552358478136,-18.64428509581409,2.9692412649293323e-19
1787278689.3559601,resting,fast,1787278684.5223618,-247.81149510964906,-187.70001372460604,1352.2448120606432,14.077501029344493,-18.585862133223166,2.9714200581624916e-19
1787278689.367195,resting,fast,1787278684.5223618,-246.77687172572905,-187.09443591678667,1348.9802736365318,14.03208269375789,-18.50826537942951,2.9676387708804466e-19
1787278689.3781383,resting,fast,1787278684.5223618,-247.48046733098226,-186.66155567907197,1352.395544087799,13.999616675929449,-18.561035049823445,2.969123345840291e-19
1787278689.3892272,resting,fast,1787278684.5223618,-246.96747100286984,-186.4566410625879,1349.9241920287031,13.984248079692822,-18.52256032521514,2.9643678146851045e-19
1787278689.4003901,resting,fast,1787278684.5223618,-248.55742427150335,-186.85162334944732,1353.60325912777,14.013871751207308,-18.641806820362547,2.9686049397688382e-19
1787278689.411355,resting,fast,1787278684.5223618,-246.81222819445657,-185.65907042870128,1347.1819422353465,13.924430282151366,-18.510917114584153,2.961941912715479e-19
1787278689.4225552,resting,fast,1787278684.5223618,-247.49279110870657,-185.39490938236884,1351.7053682240266,13.904618203676623,-18.561959333152807,2.963045883255493e-19
1787278689.4335155,resting,fast,1787278684.5223618,-246.11916326548953,-183.89090511721827,1345.8485579289327,13.791817883790262,-18.458937244911603,2.9570247035914354e-19
1787278689.4446464,resting,fast,1787278684.5223618,-248.9062245738437,-187.11561889885877,1351.0315586288098,14.033671417413291,-18.66796684303789,2.966352498633768e-19
1787278689.4559357,resting,fast,1787278684.5223618,-248.91353405785912,-187.9029000162201,1350.3481839267924,14.092717501215336,-18.668515054339295,2.97236596139947e-19
1787278689.4672027,resting,fast,1787278684.5223618,-249.17935028323927,-189.01238949664787,1351.7458251154376,14.1759292122474,-18.688451271242847,2.9761014315490624e-19
1787278689.4779599,resting,fast,1787278684.5223618,-247.07961981788185,-188.1122090101909,1347.1604498972874,14.108415675763244,-18.53097148634116,2.9698234694159905e-19
1787278689.489111,resting,fast,1787278684.5223618,-247.96193459796677,-186.85056363300953,1345.6815618594092,14.013792272474479,-18.597145094847342,2.962543528523174e-19
1787278689.500109,resting,fast,1787278684.5223618,-248.10714199916538,-187.20013596594697,1348.4376018343582,14.040010197444833,-18.6080356499371,2.963946334434588e-19
1787278689.5110927,resting,fast,1787278684.5223618,-249.73628992783824,-187.48528912328118,1352.5224454683766,14.06139668424493,-18.730221744587652,2.9630161378294825e-19
1787278689.522027,resting,fast,1787278684.5223618,-248.90355850045808,-188.56614659175182,1353.442242272079,14.14246099438029,-18.667766887534206,2.9636835619140038e-19
1787278689.533098,resting,fast,1787278684.5223618,-246.97998044219594,-187.31150740604187,1344.0157737987201,14.048363055451862,-18.523498533164336,2.9595023148416905e-19
1787278689.5441735,resting,fast,1787278684.5223618,-246.54678730007572,-187.74842969707095,1343.413677082718,14.081132227279273,-18.491009047505443,2.961223051675455e-19
1787278689.5556798,resting,fast,1787278684.5223618,-246.6079771696118,-189.41078193867145,1341.6542326228582,14.205808645399063,-18.49559828772066,2.965244616215592e-19
1787278689.566684,resting,fast,1787278684.5223618,-248.21506451190226,-191.528558552783,1349.9395981697644,14.364641891457484,-18.616129838392624,2.9653910180898457e-19
1787278689.5777397,resting,fast,1787278684.5223618,-247.67727052768578,-189.49878923837457,1353.3246170341163,14.212409192876937,-18.575795289576398,2.9645470776437583e-19
1787278689.5889997,resting,fast,1787278684.5223618,-248.63102181553722,-189.35910160812398,1358.7797861901608,14.201932620608023,-18.64732663616504,2.966398629338199e-19
1787278689.6000547,resting,fast,1787278684.5223618,-249.71905123682836,-188.9082808747031,1358.8510298372594,14.1681210656015,-18.728928842761952,2.9711626333404395e-19
1787278689.6110213,resting,fast,1787278684.5223618,-250.39359807500614,-190.6382301898385,1355.0979812711548,14.297867264236618,-18.779519855624905,2.973907310904149e-19
1787278689.6222386,resting,fast,1787278684.5223618,-250.09337819365965,-187.87343359546787,1352.6623210459993,14.09050751965886,-18.757003364524216,2.9691444180003545e-19
1787278689.6332145,resting,fast,1787278684.5223618,-249.22559282441352,-186.57168242026057,1351.4430065704337,13.992876181518486,-18.69191946183075,2.9670286606082897e-19
1787278689.6443596,resting,fast,1787278684.5223618,-248.56003267282767,-184.48950238117175,1348.8029118869026,13.836712678586768,-18.64200245046193,2.963970311784538e-19
1787278689.6554782,resting,fast,1787278684.5223618,-248.15925747488336,-186.0068639763398,1347.3552480260541,13.95051479822411,-18.611944310615918,2.965154008044082e-19
1787278689.666568,resting,fast,1787278684.5223618,-248.69187413719328,-187.59416770013206,1349.0508035330522,14.069562577508808,-18.65189056028921,2.9665766511656897e-19
1787278689.677653,resting,fast,1787278684.5223618,-249.25409957330112,-188.62907752864078,1352.791761934629,14.147180814646934,-18.694057467997418,2.970250095672615e-19
1787278689.688913,resting,fast,1787278684.5223618,-249.98363582707543,-189.49687478843532,1354.1857923854286,14.212265609131553,-18.748772687030524,2.974018096298706e-19
1787278689.6999986,resting,fast,1787278684.5223618,-250.0697993448116,-189.60595597269105,1354.0678923293663,14.220446697950681,-18.75523495086081,2.972813928213986e-19
1787278689.711221,resting,fast,1787278684.5223618,-249.07489947247132,-189.46828814679122,1351.0372079967246,14.21012161100828,-18.680617460435222,2.965009680203805e-19
1787278689.722214,resting,fast,1787278684.5223618,-248.2787815785473,-188.19231196101634,1351.6524592865671,14.114423397075075,-18.620908618390978,2.960333868697041e-19
1787278689.7333148,resting,fast,1787278684.5223618,-248.0836577791929,-186.904431663144,1353.8383337430014,14.017832374734684,-18.60627433343945,2.9641653653570114e-19
1787278689.744358,resting,fast,1787278684.5223618,-247.69274340085076,-185.86255289904545,1353.1293767676552,13.939691467427341,-18.576955755063786,2.965616725000417e-19
1787278689.7554562,resting,fast,1787278684.5223618,-248.61432967706833,-186.56863543327688,1354.5336197751103,13.992647657494619,-18.646074725779883,2.968763688190852e-19
1787278689.7665637,resting,fast,1787278684.5223618,-248.7635385125891,-186.87818025766944,1351.7472812697515,14.015863519324046,-18.657265388443975,2.9665998410971576e-19
1787278689.7777426,resting,fast,1787278684.5223618,-249.72771604737636,-188.6893760884658,1354.9739304672776,14.151703206633801,-18.72957870355301,2.970986202577348e-19
1787278689.7889502,resting,fast,1787278684.5223618,-247.93397073067854,-187.6405352102155,1351.696302743404,14.073040140765276,-18.595047804800906,2.969121584154731e-19
1787278689.7998078,resting,fast,1787278684.5223618,-247.5448808313572,-186.92082580947965,1353.950470181312,14.019061935710003,-18.565866062351617,2.967138388792223e-19
1787278689.8110256,resting,fast,1787278684.5223618,-246.50250080124488,-185.3450295150177,1349.5918204206655,13.900877213625368,-18.48768756009322,2.9659268940478365e-19
1787278689.8220646,resting,fast,1787278684.5223618,-246.8337376100576,-186.27431961026957,1349.8891275058259,13.97057397076917,-18.512530320754195,2.9654312625501555e-19
1787278689.833032,resting,fast,1787278684.5223618,-246.88355238105714,-187.88826858699315,1347.5856532852422,14.091620144023185,-18.516266428579122,2.963213031198836e-19
1787278689.8442273,resting,fast,1787278684.5223618,-248.2703465077343,-188.35876578981458,1352.3958382430546,14.126907434235026,-18.620275988079797,2.963956833245682e-19
1787278689.855259,resting,fast,1787278684.5223618,-248.84296362499254,-186.72782816269034,1352.7940143100213,14.004587112200742,-18.663222271874403,2.964761658722937e-19
1787278689.8659856,resting,fast,1787278684.5223618,-250.8880405130326,-186.03143049518633,1359.8671533916959,13.95235728713762,-18.81660303847734,2.973419708342214e-19
1787278689.8773496,resting,fast,1787278684.5223618,-249.68422672230872,-185.70046391630365,1356.545249481519,13.927534793721652,-18.72631700417312,2.9736239343821034e-19
1787278689.8886726,resting,fast,1787278684.5223618,-248.91663111823573,-187.41541207389548,1355.629100300931,14.056155905540965,-18.668747333867508,2.9741283821891995e-19
1787278689.8996625,resting,fast,1787278684.5223618,-247.22948974281053,-186.86327336020292,1351.7810738167746,14.014745502014296,-18.54221173071069,2.968858930874661e-19
1787278689.9107108,resting,fast,1787278684.5223618,-247.5430437557884,-186.85233343591278,1350.6034282819974,14.013925007692212,-18.56572828168381,2.966975259485986e-19
1787278689.9245257,resting,fast,1787278684.5223618,-248.2188651841384,-186.1078983094941,1351.732282343225,13.958092373210864,-18.61641488881026,2.963707859232425e-19
1787278689.933028,resting,fast,1787278684.5223618,-247.03988022578915,-186.12585184789862,1348.9625319030902,13.959438888591126,-18.52799101693393,2.959153354051434e-19
1787278689.9441257,resting,fast,1787278684.5223618,-247.23801592170958,-186.0520065784575,1348.4461656744252,13.95390049338349,-18.542851194128154,2.958424674264665e-19
1787278689.9565506,resting,fast,1787278684.5223618,-247.19505715842615,-186.45165011324946,1346.0401233040202,13.983873758492525,-18.53962928688189,2.962678180858545e-19
1787278689.9663403,resting,fast,1787278684.5223618,-246.5270296084159,-186.73141477268848,1343.916362991923,14.004856107950378,-18.489527220631025,2.966969752411314e-19
1787278689.9774306,resting,fast,1787278684.5223618,-246.76755648302196,-187.3374135323926,1348.1281324373786,14.050306014928314,-18.507566736226437,2.9731946796306467e-19
1787278689.9895265,resting,fast,1787278684.5223618,-247.45911529667637,-188.22878946306457,1350.9101007047675,14.117159209728815,-18.559433647250273,2.973902795063811e-19
1787278689.9995208,resting,fast,1787278684.5223618,-249.58503420834813,-189.169123396381,1351.8109445865512,14.187684254727433,-18.718877565625775,2.9770454932430664e-19
1787278690.0103335,resting,fast,1787278684.5223618,-249.17347993544945,-188.17913086076567,1350.7382171157142,14.113434814556275,-18.688010995158436,2.9765183429923655e-19
1787278690.0224533,resting,fast,1787278684.5223618,-248.1034187896107,-187.64255030376637,1348.3440830449226,14.073191272781632,-18.60775640922072,2.9745871095999936e-19
1787278690.0328894,resting,fast,1787278684.5223618,-246.9950957205342,-185.973827352822,1349.7301447071995,13.94803705146062,-18.524632179040033,2.971647644746756e-19
1787278690.043977,resting,fast,1787278684.5223618,-246.80229529605504,-187.48872812038564,1348.0201757257646,14.061654609027915,-18.51017214720393,2.9703159192706626e-19
1787278690.0558784,resting,fast,1787278684.5223618,-247.99002417758356,-187.14267093141586,1350.0148357978314,14.035700319855042,-18.599251813318638,2.970449778841376e-19
1787278690.0661857,resting,fast,1787278684.5223618,-248.30050720053214,-187.4474890557252,1349.0370940729035,14.058561679178073,-18.622538040039736,2.97057878362808e-19
1787278690.0773277,resting,fast,1787278684.5223618,-248.66495284189887,-187.44377263021204,1348.516626940681,14.058282947264662,-18.64987146314224,2.9672781081679667e-19
1787278690.0894141,resting,fast,1787278684.5223618,-248.64761122057234,-188.0214172896948,1348.6135106089177,14.101606296725866,-18.648570841542785,2.9693003536564696e-19
1787278690.0995512,resting,fast,1787278684.5223618,-249.3755335628607,-188.9119634119371,1349.2028089009154,14.168397255894025,-18.703165017214374,2.97162945649772e-19
1787278690.1106236,resting,fast,1787278684.5223618,-249.54802582850107,-189.90099421682305,1348.9016364098052,14.242574566260718,-18.716101937137502,2.9717817272329904e-19
1787278690.1216981,resting,fast,1787278684.5223618,-248.54106362164248,-189.05817156570436,1347.1649996905226,14.17936286742665,-18.64057977162311,2.969835170977917e-19
1787278690.1327732,resting,fast,1787278684.5223618,-247.9219245628533,-187.23587034400668,1347.686929884073,14.042690275799433,-18.594144342213852,2.963557091262163e-19
1787278690.1438107,resting,fast,1787278684.5223618,-247.56570581796996,-185.86800548519784,1346.344448018338,13.940100411388688,-18.56742793634757,2.9655320279468007e-19
1787278690.1551871,resting,fast,1787278684.5223618,-247.71189504631775,-185.48844036015714,1346.4868411029265,13.911633027010769,-18.57839212847378,2.967825708730815e-19
1787278690.1662633,resting,fast,1787278684.5223618,-247.74592379767319,-186.609564887715,1345.0145012199891,13.99571736657747,-18.58094428482532,2.9730195032888135e-19
1787278690.177345,resting,fast,1787278684.5223618,-248.1701525743215,-187.3462479692788,1349.1184795601248,14.050968597694425,-18.61276144307415,2.9770973882525875e-19
1787278690.1883729,resting,fast,1787278684.5223618,-248.6968748597542,-188.48157729419324,1351.2456923794916,14.136118297063422,-18.652265614481607,2.9746406434810126e-19
1787278690.1993985,resting,fast,1787278684.5223618,-248.24706780795123,-188.17447820301493,1349.063903332234,14.113085865225006,-18.618530085595907,2.970251001771326e-19
1787278690.210121,resting,fast,1787278684.5223618,-247.61093431369636,-187.69796998558002,1345.0263238434718,14.07734774891755,-18.570820073527067,2.9632078438052e-19
1787278690.2213635,resting,fast,1787278684.5223618,-246.68033800540934,-187.46372898805623,1341.6214652576427,14.059779674103101,-18.501025350405655,2.963042908919387e-19
1787278690.2326186,resting,fast,1787278684.5223618,-245.24575553167188,-187.1864961137304,1341.2156188336076,14.038987208528557,-18.39343166487501,2.963138899638273e-19
1787278690.2437718,resting,fast,1787278684.5223618,-245.13935157123296,-186.85502494770265,1343.6880982704342,14.014126871076716,-18.385451367842307,2.9675526866424036e-19
1787278690.2550206,resting,fast,1787278684.5223618,-245.77157585521354,-187.11300021746194,1347.9784025084055,14.033475016308646,-18.432868189140606,2.9706575323856936e-19
1787278690.2661202,resting,fast,1787278684.5223618,-247.68998448012235,-189.15535229355112,1346.8030733639143,14.186651422015093,-18.576748836009166,2.970725383893186e-19
1787278690.2771182,resting,fast,1787278684.5223618,-247.8755170725385,-188.25570757661956,1344.2620432866343,14.119178068245251,-18.590663780440153,2.9664885439037084e-19
1787278690.288301,resting,fast,1787278684.5223618,-248.6134083111915,-188.8113685421912,1344.66921105442,14.160852640663197,-18.646005623338993,2.965471076724555e-19
1787278690.2991867,resting,fast,1787278684.5223618,-247.22273561421434,-187.42999957373092,1349.0027716841278,14.057249968028803,-18.54170517106583,2.966663769372669e-19
1787278690.310433,resting,fast,1787278684.5223618,-247.0206141960839,-188.57462030301815,1348.2298462065019,14.143096522725248,-18.526546064706125,2.9653627694474286e-19
1787278690.321547,resting,fast,1787278684.5223618,-246.11048376151803,-188.19786129174338,1347.4048321385972,14.114839596879666,-18.458286282113832,2.9648383251943918e-19
1787278690.3325758,resting,fast,1787278684.5223618,-247.27912407989197,-186.65843016607585,1346.267724998458,13.999382262454507,-18.545934305991807,2.9672651250820326e-19
1787278690.343495,resting,fast,1787278684.5223618,-247.71000122145824,-185.03250744726495,1352.2769433489057,13.877438058543948,-18.578250091609654,2.9719325205727246e-19
1787278690.3550205,resting,fast,1787278684.5223618,-247.74578034342767,-185.09034160207773,1352.398242621236,13.881775620154674,-18.58093352575672,2.9743830871446965e-19
1787278690.3659246,resting,fast,1787278684.5223618,-247.11673519123224,-187.17738487880013,1351.4006950732992,14.038303865908848,-18.533755139342382,2.973043082005011e-19
1787278690.377035,resting,fast,1787278684.5223618,-246.02173593138423,-188.96554916582602,1346.9727551824626,14.172416187435832,-18.451630194853394,2.971647782423445e-19
1787278690.3884058,resting,fast,1787278684.5223618,-245.43199461881204,-187.0769436995987,1345.7651386315129,14.030770777468877,-18.407399596410748,2.967570449151367e-19
1787278690.3993108,resting,fast,1787278684.5223618,-245.38268096840193,-185.49089843244303,1345.9194338956704,13.911817382432165,-18.403701072629964,2.9704085950764746e-19
1787278690.4101412,resting,fast,1787278684.5223618,-246.42259529696685,-185.55819237471962,1346.4248585053,13.916864428102844,-18.481694647272356,2.9710478794561733e-19
1787278690.4213676,resting,fast,1787278684.5223618,-247.21916187984561,-187.73619095996708,1345.1222055607004,14.080214321996596,-18.541437140988243,2.968385441861434e-19
1787278690.432374,resting,fast,1787278684.5223618,-248.2111172702048,-189.46215180635716,1344.705751574068,14.209661385475673,-18.61583379526514,2.965530709757476e-19
1787278690.443551,resting,fast,1787278684.5223618,-248.113495424132,-189.10182755937774,1343.344643634643,14.182637066952157,-18.60851215680953,2.9658291329848735e-19
1787278690.454704,resting,fast,1787278684.5223618,-247.84232637484502,-187.4063581937827,1345.926039978881,14.055476864532668,-18.58817447811348,2.97162736231874e-19
1787278690.4656022,resting,fast,1787278684.5223618,-248.4704215327506,-186.86035723464113,1352.0842910342262,14.014526792597028,-18.63528161495612,2.979545617269487e-19
1787278690.4767435,resting,fast,1787278684.5223618,-249.13301778358846,-186.27902723641466,1358.115924318835,13.970927042729887,-18.684976333768745,2.9818033790439143e-19
1787278690.4879541,resting,fast,1787278684.5223618,-248.63567521442337,-187.34790554813378,1356.8993204764456,14.05109291610879,-18.64767564108162,2.979782287622163e-19
1787278690.4991117,resting,fast,1787278684.5223618,-247.16034485089995,-187.22402288906517,1348.203630084875,14.041801716678851,-18.537025863817192,2.9698256766027254e-19
1787278690.510176,resting,fast,1787278684.5223618,-246.1146743006052,-186.86814443103538,1342.4695299580826,14.015110832326446,-18.4586005725453,2.9646216968944206e-19
1787278690.5213883,resting,fast,1787278684.5223618,-246.71948376636328,-186.23054452923918,1343.606239738935,13.967290839691788,-18.503961282476993,2.9658602337172025e-19
1787278690.5324008,resting,fast,1787278684.5223618,-246.73516260109,-186.82659302387935,1345.3313660345657,14.011994476789713,-18.505137195081538,2.963107026471455e-19
1787278690.5433586,resting,fast,1787278684.5223618,-247.75672987077678,-188.05658532518112,1348.4438847498232,14.104243899387729,-18.581754740308078,2.9670716044108833e-19
1787278690.5544264,resting,fast,1787278684.5223618,-247.68786807818424,-187.39680457773727,1349.8300927309674,14.054760343329296,-18.57659010586356,2.967904248639948e-19
1787278690.565319,resting,fast,1787278684.5223618,-247.53700543788864,-186.79804537901362,1349.9873857223001,14.009853403424646,-18.565275407841497,2.972877600190242e-19
1787278690.5763013,resting,fast,1787278684.5223618,-246.4109686736224,-186.2353973582109,1345.812181940336,13.967654801864814,-18.480822650521453,2.969991554797957e-19
1787278690.587495,resting,fast,1787278684.5223618,-247.31680917059612,-189.73318621606234,1343.2911487512729,14.22998896620351,-18.54876068779459,2.971934597739097e-19
1787278690.598736,resting,fast,1787278684.5223618,-246.79435436924314,-189.34617000768446,1341.3677391306983,14.200962750575105,-18.50957657769316,2.9696535874459216e-19
1787278690.6100287,resting,fast,1787278684.5223618,-246.68465220822918,-188.82244547076778,1342.4742959790374,14.16168341030637,-18.501348915617015,2.9672049232440394e-19
1787278690.6211834,resting,fast,1787278684.5223618,-245.5255898410528,-186.4669673675279,1343.7887638484508,13.98502255256351,-18.414419238078658,2.9643802572079244e-19
1787278690.6323156,resting,fast,1787278684.5223618,-246.96507742090625,-188.65964812313916,1347.350426190279,14.149473609234168,-18.522380806567938,2.9674421544928874e-19
1787278690.643415,resting,fast,1787278684.5223618,-248.07413492448768,-189.14285928798483,1349.7062970957095,14.185714446597505,-18.60556011933634,2.970987997743361e-19
1787278690.6545405,resting,fast,1787278684.5223618,-248.96329657589877,-187.71924829231227,1349.5978083855089,14.078943621922267,-18.672247243192153,2.9712879992437854e-19
1787278690.6655354,resting,fast,1787278684.5223618,-247.52029358511527,-185.55635204640737,1346.630862269324,13.91672640347949,-18.564022018883193,2.971005960907943e-19
1787278690.6766264,resting,fast,1787278684.5223618,-247.74657534778316,-186.58023777809547,1347.8253108057552,13.993517833355899,-18.58099315108344,2.9726388339548036e-19
1787278690.6877675,resting,fast,1787278684.5223618,-247.39923515213786,-189.00835746827227,1347.663442594593,14.175626810119116,-18.55494263640987,2.9716837385862177e-19
1787278690.6989756,resting,fast,1787278684.5223618,-247.223409023391,-188.8609456226883,1348.6121325099857,14.164570921700193,-18.541755676754136,2.96680235464998e-19
1787278690.7099512,resting,fast,1787278684.5223618,-246.56926217323735,-187.84373761335712,1346.8366312780154,14.088280321000855,-18.492694662992683,2.964989617912251e-19
1787278690.7211092,resting,fast,1787278684.5223618,-246.8368497594215,-187.5886015031257,1346.5781019340748,14.069145112733057,-18.512763731956603,2.9634733290467755e-19
1787278690.7322536,resting,fast,1787278684.5223618,-247.40265529777525,-188.3709632464803,1345.7627875966546,14.127822243484946,-18.555199147333013,2.9644275581071683e-19
1787278690.743407,resting,fast,1787278684.5223618,-247.5662193365938,-188.3277400523781,1347.1862394727077,14.124580503927167,-18.567466450244147,2.966720625876735e-19
1787278690.7540836,resting,fast,1787278684.5223618,-246.91986471059727,-187.1652328623826,1346.3288622500231,14.037392464677811,-18.518989853294585,2.966623820263398e-19
1787278690.7656054,resting,fast,1787278684.5223618,-247.18832633139436,-185.57088045252328,1345.246284806065,13.917816033938212,-18.539124474854546,2.966176658527677e-19
1787278690.7766197,resting,fast,1787278684.5223618,-246.09976688051893,-185.62645664435615,1341.8404948307243,13.921984248325575,-18.45748251603861,2.9608726495804978e-19
1787278690.7878141,resting,fast,1787278684.5223618,-247.1681545467768,-186.25614205003205,1340.9847800300295,13.969210653751308,-18.537611591007874,2.9611251205991868e-19
1787278690.7989473,resting,fast,1787278684.5223618,-247.52783987758585,-188.5110217967573,1344.0307090327706,14.13832663475586,-18.564587990818872,2.9644950266866437e-19
1787278690.8099844,resting,fast,1787278684.5223618,-249.20806004791257,-190.14780546205145,1345.5997320539,14.261085409652726,-18.69060450359303,2.968512163372445e-19
1787278690.8210235,resting,fast,1787278684.5223618,-248.46195478676464,-190.55170558474595,1347.8636085918542,14.29137791885471,-18.634646609007284,2.9704810106799107e-19
1787278690.8320982,resting,fast,1787278684.5223618,-247.72946574124535,-187.73138728163497,1348.7856052304242,14.079854046121444,-18.57970993059307,2.966917855650061e-19
1787278690.8435316,resting,fast,1787278684.5223618,-246.927815556925,-186.03277734643063,1349.870314577708,13.95245830098121,-18.519586166769017,2.9664183815884815e-19
1787278690.8543692,resting,fast,1787278684.5223618,-247.46315769612238,-185.9925938319942,1349.245425707658,13.949444537398453,-18.55973682720878,2.967450262635703e-19
1787278690.865404,resting,fast,1787278684.5223618,-247.4679840570875,-188.5122549704837,1345.8185844811824,14.138419122785255,-18.56009880428131,2.9695556484942544e-19
1787278690.8764849,resting,fast,1787278684.5223618,-247.534702945351,-188.5867737792761,1342.8450094859045,14.144008033444639,-18.565102720901322,2.96674341365398e-19
1787278690.8875046,resting,fast,1787278684.5223618,-246.26798721656223,-187.1176527548613,1342.4477853789895,14.03382395661362,-18.47009904124205,2.964324353981033e-19
1787278690.8986626,resting,fast,1787278684.5223618,-246.89255840309897,-187.5353822962992,1340.9141643996309,14.065153672221246,-18.516941880232608,2.9640805833350674e-19
1787278690.909804,resting,fast,1787278684.5223618,-245.76492706710678,-187.12588858279867,1341.3109553427012,14.034441643708522,-18.43236953003283,2.965933991123016e-19
1787278690.9209695,resting,fast,1787278684.5223618,-246.52900643472594,-189.57899009627147,1340.565812703212,14.218424257219187,-18.489675482604284,2.970060091941363e-19
1787278690.9319522,resting,fast,1787278684.5223618,-244.8175721800012,-186.5507844030236,1340.5797746268408,13.991308830225808,-18.361317913500116,2.965762374830705e-19
1787278690.9430916,resting,fast,1787278684.5223618,-244.95342051710986,-184.98553812093166,1340.6761585913637,13.87391535906885,-18.371506538783123,2.9629747868028965e-19
1787278690.9537716,resting,fast,1787278684.5223618,-245.45943632044828,-183.7613714882408,1342.6959516491343,13.782102861616881,-18.409457724033317,2.961555451632024e-19
1787278690.9648592,resting,fast,1787278684.5223618,-248.42534545370245,-185.43619113538387,1351.5408594892515,13.907714335152637,-18.631900909027493,2.9708944077945694e-19
1787278690.9759202,resting,fast,1787278684.5223618,-248.8395943413011,-188.58527676044957,1352.760775728987,14.143895757032542,-18.662969575597387,2.9733528336473513e-19
1787278690.9873922,resting,fast,1787278684.5223618,-247.27941452535424,-187.69723992901288,1348.8682281881456,14.077292994675023,-18.545956089401074,2.968989529524414e-19
1787278690.998464,resting,fast,1787278684.5223618,-246.09549820908387,-188.18473728844026,1340.5857832830561,14.113855296631758,-18.45716236568112,2.960749070484446e-19
1787278691.0096622,resting,fast,1787278684.5223618,-246.32848165146834,-187.48639664577001,1338.8205794530231,14.061479748431328,-18.474636123859817,2.959015621488527e-19
1787278691.0207849,resting,fast,1787278684.5223618,-246.7917616328691,-188.18632411645774,1341.0515217806724,14.113974308733251,-18.50938212246505,2.9586856884654655e-19
1787278691.031727,resting,fast,1787278684.5223618,-246.9961909297649,-187.50025625833985,1343.7279565886483,14.062519219374398,-18.524714319732155,2.9655436846165057e-19
1787278691.042936,resting,fast,1787278684.5223618,-246.93807918683387,-188.27500547074476,1347.8710802983906,14.120625410304772,-18.520355939012255,2.971486035345011e-19
1787278691.0540934,resting,fast,1787278684.5223618,-247.02619469178762,-187.0989214868954,1347.6249906872736,14.032419111516166,-18.526964601884004,2.9729187020186955e-19
1787278691.0650804,resting,fast,1787278684.5223618,-246.12777661796417,-187.6627885158697,1346.9220578030681,14.074709138689105,-18.459583246347023,2.9712033771648575e-19
1787278691.0762157,resting,fast,1787278684.5223618,-246.58931216292012,-184.70546361997924,1344.759105625356,13.852909771497483,-18.494198412218722,2.965344692683001e-19
1787278691.0873694,resting,fast,1787278684.5223618,-247.6700277262894,-186.0629704551351,1344.2609377600902,13.954722784134095,-18.57525207947161,2.9661255667014434e-19
1787278691.0983665,resting,fast,1787278684.5223618,-248.2262300494026,-184.88570317495544,1350.6052626852588,13.866427738120596,-18.61696725370507,2.970959379273135e-19
1787278691.1095607,resting,fast,1787278684.5223618,-248.75946351952962,-188.05759089079731,1350.348740512275,14.104319316808787,-18.656959763964686,2.975884885624549e-19
1787278691.120682,resting,fast,1787278684.5223618,-247.95249939053838,-187.75553966782024,1353.4714080339372,14.08166547508532,-18.596437454290218,2.9771157475729667e-19
1787278691.1317303,resting,fast,1787278684.5223618,-249.34640666495807,-188.84835497614915,1349.9525003861572,14.163626623209968,-18.700980499871584,2.970064922120789e-19
1787278691.1428773,resting,fast,1787278684.5223618,-248.83917934760984,-185.8584776877775,1350.3695562005023,13.939385826582257,-18.66293845107068,2.9652712546639106e-19
1787278691.1539986,resting,fast,1787278684.5223618,-249.34072499781587,-184.95473350962686,1349.0558641115595,13.871605013221032,-18.700554374836074,2.9634877061829397e-19
1787278691.1649747,resting,fast,1787278684.5223618,-247.51556813934394,-183.91037485996674,1348.313341088492,13.793278114496392,-18.563667610450565,2.9645474812094263e-19
1787278691.1762946,resting,fast,1787278684.5223618,-246.43666865553996,-185.41107496045277,1345.3265969846989,13.905830622032799,-18.482750149165298,2.9675684079224775e-19
1787278691.1874044,resting,fast,1787278684.5223618,-245.79734378885723,-185.54597469437874,1344.1991076765926,13.915948102077312,-18.434800784164295,2.9672320497365623e-19
1787278691.198375,resting,fast,1787278684.5223618,-246.4925259834049,-185.80163727431307,1345.0817156525,13.935122795572159,-18.4869394487552,2.967687427519345e-19
1787278691.209516,resting,fast,1787278684.5223618,-246.55091101810876,-184.71851327878255,1346.5490197791287,13.853888495907686,-18.49131832635775,2.9632839065350246e-19
1787278691.2205458,resting,fast,1787278684.5223618,-247.7082545710432,-185.9548099396867,1349.7820314680512,13.946610745475343,-18.57811909282804,2.967175581125713e-19
1787278691.2316275,resting,fast,1787278684.5223618,-248.00022323620988,-187.22330614954046,1348.4065593303267,14.041747961214387,-18.60001674271563,2.966574832914835e-19
1787278691.2426918,resting,fast,1787278684.5223618,-248.49657799154875,-189.1959998177132,1350.0667458196212,14.189699986327387,-18.637243349365832,2.9725189454483295e-19
1787278691.2538192,resting,fast,1787278684.5223618,-247.38584959857735,-187.80255298654868,1348.4906137292483,14.085191473990012,-18.553938719893225,2.9712986424397246e-19
1787278691.2649612,resting,fast,1787278684.5223618,-248.35996184620808,-187.5739362535288,1351.3045201723971,14.06804521901353,-18.6269971384653,2.9749826495118313e-19
1787278691.2761729,resting,fast,1787278684.5223618,-247.9733520535724,-186.71588493310549,1351.211793430538,14.003691369981969,-18.598001404017594,2.9748684301611956e-19
1787278691.287162,resting,fast,1787278684.5223618,-250.2542015766444,-188.9743543726712,1353.566138489653,14.173076577949136,-18.769065118248065,2.9756344602132547e-19
1787278691.298315,resting,fast,1787278684.5223618,-249.34547649930892,-188.52595110546747,1354.793231383036,14.139446332908793,-18.700910737447842,2.97290232343895e-19
1787278691.3093686,resting,fast,1787278684.5223618,-250.46965773228885,-189.38765214791272,1354.1492022519114,14.204073911092468,-18.785224329921483,2.9725989512880105e-19
1787278691.3205538,resting,fast,1787278684.5223618,-247.0968471040028,-187.0860582729357,1348.102736920352,14.031454370468953,-18.532263532799995,2.967809336111372e-19
1787278691.3315735,resting,fast,1787278684.5223618,-245.65905641892414,-186.30533588094283,1343.9203092510752,13.972900191069602,-18.424429231419232,2.964375358198657e-19
1787278691.3427436,resting,fast,1787278684.5223618,-245.1863725350736,-185.1751272265293,1345.3208164670223,13.888134541988425,-18.388977940130296,2.965134727819236e-19
1787278691.3537471,resting,fast,1787278684.5223618,-246.62604188292926,-186.2637544139087,1347.199113277543,13.969781581042145,-18.496953141219514,2.965430467501532e-19
1787278691.364847,resting,fast,1787278684.5223618,-247.61693398431498,-185.72689042982017,1353.1111638163684,13.929516782235485,-18.57127004882345,2.969643401718052e-19
1787278691.3760724,resting,fast,1787278684.5223618,-248.06252576940597,-186.67422013830753,1355.4915559040028,14.000566510372028,-18.604689432705435,2.965677345002822e-19
1787278691.3869903,resting,fast,1787278684.5223618,-248.71856875345975,-187.01318106728525,1355.6671806905879,14.025988580045126,-18.653892656509285,2.9664697817483185e-19
1787278691.3982732,resting,fast,1787278684.5223618,-250.36522059464323,-189.38482369478027,1351.301123916065,14.203861777107281,-18.77739154459796,2.9679528340553264e-19
1787278691.4091825,resting,fast,1787278684.5223618,-249.43754623823907,-188.02935547667346,1350.5640222980137,14.102201660749376,-18.70781596786771,2.968941176988804e-19
1787278691.420327,resting,fast,1787278684.5223618,-247.78405830679503,-186.55661736944842,1351.620337394358,13.99174630270743,-18.583804373009535,2.9695360830293883e-19
1787278691.431434,resting,fast,1787278684.5223618,-247.4043443621299,-186.06509877127326,1354.7249951014865,13.954882407844298,-18.555325827159535,2.9682714434547738e-19
1787278691.4425843,resting,fast,1787278684.5223618,-248.6649962025581,-186.96904125841945,1350.6352320961169,14.0226780943803,-18.64987471519153,2.9646687353620226e-19
1787278691.4536774,resting,fast,1787278684.5223618,-250.04469930988716,-188.31347305138513,1349.85299126661,14.123510478852783,-18.753352448241493,2.9659961438456883e-19
1787278691.4645793,resting,fast,1787278684.5223618,-249.1997865208873,-187.55347372237873,1346.4853818659112,14.06651052917734,-18.689983989066334,2.965383151457405e-19
1787278691.4758463,resting,fast,1787278684.5223618,-248.08853413406678,-187.5185751129119,1346.589844694371,14.063893133467179,-18.606640060054865,2.9729633673061663e-19
1787278691.4868362,resting,fast,1787278684.5223618,-247.42603989352438,-186.27033267968056,1346.9356420723989,13.97027495097483,-18.55695299201411,2.970873854373088e-19
1787278691.4978833,resting,fast,1787278684.5223618,-247.69237709584695,-187.4456362624045,1348.0800832197756,14.058422719679374,-18.57692828218859,2.9709579038320346e-19
1787278691.5092616,resting,fast,1787278684.5223618,-248.39748722999366,-187.30057614251302,1349.7864216243897,14.047543210687468,-18.629811542249648,2.966570556068142e-19
1787278691.520216,resting,fast,1787278684.5223618,-247.54629817745854,-187.26916542322363,1347.2580239328245,14.045187406740656,-18.56597236330935,2.9664201654037587e-19
1787278691.5313518,resting,fast,1787278684.5223618,-246.69016250441337,-185.9870943897273,1346.463943991902,13.949032079228449,-18.501762187830693,2.9659391042831095e-19
1787278691.5424974,resting,fast,1787278684.5223618,-246.78303594575345,-186.3612483349781,1348.8113636384014,13.97709362512217,-18.508727695931285,2.9709532427478345e-19
1787278691.5534713,resting,fast,1787278684.5223618,-248.10531481698717,-187.1630436404772,1350.5354469418571,14.03722827303449,-18.607898611273946,2.9706580864896246e-19
1787278691.564759,resting,fast,1787278684.5223618,-249.10471326746256,-187.7249341302546,1356.11735705099,14.079370059767815,-18.68285349505937,2.974272458587559e-19
1787278691.575697,resting,fast,1787278684.5223618,-248.7263655214433,-186.60346420429312,1356.9471568285999,13.995259815320797,-18.654477414108108,2.9712408676989724e-19
1787278691.586884,resting,fast,1787278684.5223618,-246.18278254509687,-185.96077740896783,1349.6692368052436,13.947058305671494,-18.46370869088205,2.966701912105503e-19
1787278691.597499,resting,fast,1787278684.5223618,-247.02541408310162,-187.36197984963462,1350.8583720311299,14.052148488721532,-18.526906056232583,2.9660490593879417e-19
1787278691.6090016,resting,fast,1787278684.5223618,-247.15899850770393,-188.972794934847,1345.8115354851116,14.172959620112369,-18.5369248880778,2.9657298610317757e-19
1787278691.620182,resting,fast,1787278684.5223618,-249.05957723651636,-188.93395774751764,1351.2243264552244,14.170046831062852,-18.679468292738697,2.967586683439428e-19
1787278691.6313746,resting,fast,1787278684.5223618,-248.97341269014078,-186.9384587028802,1348.6296556981424,14.020384402714857,-18.673005951760466,2.965590270290744e-19
1787278691.641935,resting,fast,1787278684.5223618,-249.7662903191508,-186.6969089291125,1353.3067892066492,14.002268169682413,-18.73247177393616,2.966585237474184e-19
1787278691.6529658,resting,fast,1787278684.5223618,-250.3140502558458,-187.82886337717161,1356.9097299171854,14.08716475328649,-18.773553769188112,2.9731063175941125e-19
1787278691.6640399,resting,fast,1787278684.5223618,-248.21838237473048,-189.1250153973209,1353.3269777409778,14.184376154797949,-18.61637867810459,2.969723672260312e-19
1787278691.6757731,resting,fast,1787278684.5223618,-246.75450431311174,-187.99212990261833,1352.2873631257999,14.099409742695261,-18.506587823483315,2.966849036261572e-19
1787278691.6867423,resting,fast,1787278684.5223618,-248.1755758821996,-187.89864626016845,1355.1337691923118,14.092398469511654,-18.613168191164824,2.9681477729853524e-19
1787278691.6979015,resting,fast,1787278684.5223618,-248.96969543427394,-187.58386851475723,1357.4130619503258,14.068790138605568,-18.672727157570492,2.972567933482317e-19
1787278691.7088912,resting,fast,1787278684.5223618,-249.67721402826692,-188.81844993318998,1355.702447209428,14.161383744988061,-18.72579105211991,2.97299977803739e-19
1787278691.720116,resting,fast,1787278684.5223618,-248.48185234860512,-188.61783176916185,1350.203083210702,14.14633738268596,-18.636138926145286,2.966186239810673e-19
1787278691.731012,resting,fast,1787278684.5223618,-248.21866083673785,-188.56284641088234,1348.142043293611,14.142213480815176,-18.616399562755092,2.9666376631957664e-19
1787278691.7421796,resting,fast,1787278684.5223618,-248.55331243516457,-188.6271716535499,1348.6239729632298,14.147037874015215,-18.641498432637327,2.9701378260904085e-19
1787278691.7532175,resting,fast,1787278684.5223618,-248.17350348296486,-187.7749784257977,1352.1861575366538,14.083123381933692,-18.61301276122206,2.9712640613995063e-19
1787278691.764504,resting,fast,1787278684.5223618,-248.9708743737533,-188.0922204175141,1354.4710641857318,14.10691653131234,-18.67281557803136,2.972670535112795e-19
1787278691.7749932,resting,fast,1787278684.5223618,-248.82415159418952,-189.25040237288533,1354.680184680551,14.19378017796544,-18.661811369564035,2.968677669651882e-19
1787278691.7862551,resting,fast,1787278684.5223618,-248.74560494636307,-191.00800068274214,1349.9749369048177,14.325600051204464,-18.655920370976908,2.970959103673989e-19
1787278691.797753,resting,fast,1787278684.5223618,-249.45301229093138,-191.25765632675223,1347.3543132937311,14.344324224505034,-18.708975921819608,2.9687213286968435e-19
1787278691.8087814,resting,fast,1787278684.5223618,-249.73683133300938,-191.03876519301423,1344.8178180452187,14.327907389474934,-18.730262349975547,2.9690706994942466e-19
1787278691.819852,resting,fast,1787278684.5223618,-249.1210163197061,-189.68141026888577,1348.6597159762068,14.226105770165379,-18.68407622397762,2.9672853069627387e-19
1787278691.8310065,resting,fast,1787278684.5223618,-247.59131759035836,-189.21221514752017,1349.2286993792395,14.190916136062743,-18.569348819276648,2.9651593591585824e-19
1787278691.8421683,resting,fast,1787278684.5223618,-247.4422282391174,-187.27842604348336,1353.3144224163125,14.045881953260025,-18.55816711793357,2.969284154082127e-19
1787278691.8531258,resting,fast,1787278684.5223618,-248.90727815550827,-186.96843644067746,1354.5368799501784,14.022632733049694,-18.668045861662748,2.9716487502789715e-19
1787278691.864388,resting,fast,1787278684.5223618,-249.75123546052282,-187.87865492386697,1353.8372028251497,14.090899119288995,-18.73134265953906,2.974702555474186e-19
1787278691.8755567,resting,fast,1787278684.5223618,-249.7992242382984,-188.1591547956017,1352.638655905007,14.111936609668948,-18.734941817872212,2.9701664930182393e-19
1787278691.8865461,resting,fast,1787278684.5223618,-249.23914150302016,-189.97118850249728,1350.9648481501617,14.247839137686032,-18.692935612726338,2.9680967505982397e-19
1787278691.8976665,resting,fast,1787278684.5223618,-249.44781118881065,-188.07254532576428,1351.1639173461563,14.10544089943112,-18.708585839160534,2.9664361001221953e-19
1787278691.9087136,resting,fast,1787278684.5223618,-249.82594367431784,-188.60244963659545,1351.288522993239,14.145183722743429,-18.73694577557366,2.9695306854149965e-19
1787278691.919797,resting,fast,1787278684.5223618,-250.6535931304711,-187.57694582041643,1353.8966023020885,14.068270936530045,-18.799019484785155,2.9709942925997684e-19
1787278691.9309058,resting,fast,1787278684.5223618,-249.3522482303183,-187.97616118148483,1353.4845227448286,14.098212088610186,-18.701418617273575,2.9714542931516675e-19
1787278691.9420028,resting,fast,1787278684.5223618,-248.41323505107766,-187.6447518694048,1352.1080111338933,14.073356390204157,-18.630992628830747,2.973378308063615e-19
1787278691.9530716,resting,fast,1787278684.5223618,-247.7162351227821,-188.50961229274264,1349.0341195658193,14.138220921954517,-18.57871763420846,2.971446342512052e-19
1787278691.9642015,resting,fast,1787278684.5223618,-248.39427079453208,-188.42093034083962,1347.3183800536017,14.131569775561804,-18.629570309589937,2.9710676789443287e-19
1787278691.975036,resting,fast,1787278684.5223618,-248.82259952915,-187.51090307361858,1347.9381957468477,14.063317730520243,-18.66169496468617,2.9676715744689163e-19
1787278691.9864454,resting,fast,1787278684.5223618,-249.7051160736096,-187.4061283909731,1352.590963292375,14.05545962932192,-18.72788370552039,2.971645425156414e-19
1787278691.997306,resting,fast,1787278684.5223618,-249.4562096007171,-187.37702333722984,1353.725706155893,14.053276750291179,-18.70921572005379,2.96737271743294e-19
1787278692.00867,resting,fast,1787278684.5223618,-248.34253269767805,-188.1314208632499,1350.4140090346636,14.109856564742632,-18.625689952325565,2.96240743267798e-19
1787278692.0195436,resting,fast,1787278684.5223618,-247.28549084571705,-186.82332629734776,1348.6768803824825,14.01174947229973,-18.54641181342854,2.9619456587361476e-19
1787278692.030893,resting,fast,1787278684.5223618,-246.3138962752305,-186.17465274235303,1346.8063070289381,13.963098955675225,-18.473542220642123,2.9656102248375915e-19
1787278692.0418737,resting,fast,1787278684.5223618,-247.4754053216334,-185.750151534878,1350.7535779335112,13.931261365114882,-18.560655399122233,2.9736517020356387e-19
1787278692.0530486,resting,fast,1787278684.5223618,-247.33301469367916,-185.62038811340187,1352.3171543678973,13.921529108503965,-18.54997610202559,2.979164451552358e-19
1787278692.0640287,resting,fast,1787278684.5223618,-247.68217310390946,-185.2092313040945,1351.0052733173225,13.890692347806183,-18.576162982793328,2.9758068442171775e-19
1787278692.0751932,resting,fast,1787278684.5223618,-248.4358482957755,-186.21818248654438,1352.3477191831416,13.966363686489974,-18.632688622183117,2.9763322830144095e-19
1787278692.0862153,resting,fast,1787278684.5223618,-249.76036646429247,-188.20174008334777,1355.0887679446396,14.11513050624983,-18.73202748482167,2.9785395138561307e-19
1787278692.0972502,resting,fast,1787278684.5223618,-250.9508052975375,-189.50213816682674,1362.1531506107667,14.212660362510892,-18.821310397315145,2.987439465108625e-19
1787278692.1086478,resting,fast,1787278684.5223618,-250.13460842304676,-189.22608052831504,1359.720595659287,14.191956039622543,-18.760095631728333,2.9838017603752714e-19
1787278692.119615,resting,fast,1787278684.5223618,-250.11510772738575,-187.79780281354454,1355.1098757890677,14.084835211014823,-18.758633079553746,2.9765948293112857e-19
1787278692.1307046,resting,fast,1787278684.5223618,-250.43984880690687,-190.06757302150174,1351.53799740679,14.255067976611489,-18.782988660517717,2.973830228098542e-19
1787278692.141999,resting,fast,1787278684.5223618,-250.3574943035569,-188.9691375058336,1351.3115055686421,14.172685312936554,-18.776812072766468,2.9747214398348556e-19
1787278692.1529694,resting,fast,1787278684.5223618,-250.11330218161083,-189.52091509430204,1350.8523957028183,14.21406863207162,-18.758497663620638,2.97344408813866e-19
1787278692.1639998,resting,fast,1787278684.5223618,-249.89155957247613,-187.3487207126883,1352.432671182517,14.051154053450436,-18.741866967935373,2.9709253012438387e-19
1787278692.1750028,resting,fast,1787278684.5223618,-249.47353260495083,-188.6295829379793,1351.9330209025075,14.147218720347343,-18.710514945370953,2.9686708191485327e-19
1787278692.1861472,resting,fast,1787278684.5223618,-248.27024641555045,-188.34191957872474,1350.9707914136152,14.125643968403214,-18.620268481166164,2.9682953939129406e-19
1787278692.1972582,resting,fast,1787278684.5223618,-247.81486940724562,-188.83129361654312,1352.0161814879293,14.162347021239515,-18.586115205543237,2.9701321402879526e-19
1787278692.2083561,resting,fast,1787278684.5223618,-247.80762736261886,-188.77607196824886,1354.5546539813104,14.158205397617753,-18.58557205219637,2.9727134709354903e-19
1787278692.219447,resting,fast,1787278684.5223618,-248.3008106013117,-188.72004678432438,1355.9400870440013,14.154003508823454,-18.62256079509828,2.974481103098916e-19
1787278692.2305653,resting,fast,1787278684.5223618,-248.26572403388082,-189.28058888518456,1352.081234302318,14.196044166387455,-18.61992930254089,2.970680182365322e-19
1787278692.2418184,resting,fast,1787278684.5223618,-248.59198236819202,-189.90204249622332,1346.313475881835,14.242653187215613,-18.644398677614085,2.9660156595149597e-19
1787278692.2527628,resting,fast,1787278684.5223618,-249.1359817732614,-189.11973050534345,1346.3294081798567,14.183979787899634,-18.6851986329945,2.964824856223596e-19
1787278692.2638278,resting,fast,1787278684.5223618,-249.10301400102935,-189.0080585890761,1348.8053196658338,14.175604394179647,-18.68272605007705,2.967422198524981e-19
1787278692.2750733,resting,fast,1787278684.5223618,-249.61699725353947,-188.06864514288316,1355.209869861349,14.105148385715001,-18.721274794015365,2.970984867804988e-19
1787278692.2860906,resting,fast,1787278684.5223618,-250.0746294298683,-188.38768992717166,1352.776530371927,14.129076744536778,-18.755597207239965,2.9711114959288115e-19
1787278692.2972329,resting,fast,1787278684.5223618,-250.6788017858794,-188.0080866468062,1353.7108964059744,14.100606498509283,-18.800910133940796,2.9700595278969006e-19
1787278692.3083427,resting,fast,1787278684.5223618,-250.10559956943916,-188.58917612331732,1351.249793730357,14.144188209247833,-18.757919967707757,2.9679517372775044e-19
1787278692.3193834,resting,fast,1787278684.5223618,-250.28980934377842,-188.38771859737187,1353.0765747726846,14.129078894801712,-18.771735700783246,2.969222597937542e-19
1787278692.3304632,resting,fast,1787278684.5223618,-249.10855926053455,-188.18393101488584,1351.7957518645753,14.11379482611547,-18.683141944539848,2.969142594582386e-19
1787278692.341686,resting,fast,1787278684.5223618,-248.81725178566148,-187.68864532225018,1349.908057215779,14.076648399167514,-18.661293883924422,2.967275584684251e-19
1787278692.3525443,resting,fast,1787278684.5223618,-246.98209299373548,-188.6236954359007,1344.8904152874247,14.146777157691364,-18.523656974529878,2.960283765384577e-19
1787278692.3637693,resting,fast,1787278684.5223618,-248.51058806325955,-189.37015482073446,1351.3200999926494,14.202761611553928,-18.638294104744183,2.966706902694519e-19
1787278692.3747773,resting,fast,1787278684.5223618,-248.90722608047736,-189.96493280771608,1353.5174567538243,14.247369960577533,-18.668041956035566,2.9735769926493134e-19
1787278692.3858657,resting,fast,1787278684.5223618,-249.70315670350237,-189.2933990081068,1358.7038961070584,14.197004925606866,-18.727736752762567,2.9796396917053787e-19
1787278692.3971944,resting,fast,1787278684.5223618,-247.6737874985697,-186.79183424929136,1351.1807647900323,14.009387568695733,-18.575534062392542,2.972278441310767e-19
1787278692.4083023,resting,fast,1787278684.5223618,-247.50923299551914,-185.39992912108153,1349.5600976654323,13.904994684080155,-18.563192474663857,2.9689540276231605e-19
1787278692.4192343,resting,fast,1787278684.5223618,-247.15585943579254,-184.89247724745212,1346.897822938111,13.866935793557875,-18.536689457684382,2.965943946017967e-19
1787278692.430338,resting,fast,1787278684.5223618,-247.33508414595008,-186.11973068905343,1343.9498052698846,13.958979801677675,-18.55013131094598,2.963196993854832e-19
1787278692.4414408,resting,fast,1787278684.5223618,-247.06697162049431,-187.67661183455255,1345.9639800408868,14.075745887590333,-18.5300228715369,2.9653502259221132e-19
1787278692.4526248,resting,fast,1787278684.5223618,-247.7259187919558,-188.58843236206974,1345.2198909673416,14.144132427154052,-18.579443909396524,2.9619674834720685e-19
1787278692.463731,resting,fast,1787278684.5223618,-249.04538511933652,-189.51424590974045,1351.9653123902708,14.21356844322948,-18.678403883950295,2.967672167963806e-19
1787278692.4748762,resting,fast,1787278684.5223618,-247.59455221453345,-187.84004558460208,1346.378941930573,14.088003418843886,-18.569591416089665,2.9595067463296826e-19
1787278692.4859016,resting,fast,1787278684.5223618,-248.12807138896687,-188.51301526104533,1351.120056852361,14.138476144577215,-18.609605354172295,2.968378362290939e-19
1787278692.4969227,resting,fast,1787278684.5223618,-248.82652589373038,-187.6801851571887,1350.906305953632,14.076013886787994,-18.6619894420294,2.969109770319351e-19
1787278692.5081894,resting,fast,1787278684.5223618,-250.97105105226592,-188.81839852641326,1359.5949692972072,14.161379889479964,-18.822828828919732,2.9794404187541087e-19
1787278692.519211,resting,fast,1787278684.5223618,-249.70565685951033,-188.1025760215142,1357.8674117305864,14.107693201612424,-18.727924264463056,2.977341087754622e-19
1787278692.5302935,resting,fast,1787278684.5223618,-249.0861933087458,-189.25901626392658,1355.9397197497337,14.194426219793346,-18.681464498156053,2.9765033710781245e-19
1787278692.541432,resting,fast,1787278684.5223618,-249.17049406779051,-188.99257045827665,1352.8724202926178,14.174442784369493,-18.687787055084193,2.972870359494832e-19
1787278692.5525415,resting,fast,1787278684.5223618,-249.09549361150266,-188.59530800804157,1353.9324168963676,14.144648100602158,-18.682162020862528,2.974603767141873e-19
1787278692.563572,resting,fast,1787278684.5223618,-248.04187542755926,-186.9691614995146,1348.651344958901,14.022687112462553,-18.60314065706679,2.9689308388591163e-19
1787278692.5746734,resting,fast,1787278684.5223618,-247.39109407480055,-187.0951623299187,1346.2303066395843,14.032137174742946,-18.55433205560969,2.966160968784546e-19
1787278692.5858877,resting,fast,1787278684.5223618,-247.44947754860414,-186.6977483229531,1342.1797262382106,14.002331124220365,-18.558710816145172,2.9609752676478072e-19
1787278692.5969284,resting,fast,1787278684.5223618,-247.57430307477853,-188.13767652126955,1345.8411117192454,14.110325739094225,-18.568072730608193,2.9656756676477693e-19
1787278692.6080067,resting,fast,1787278684.5223618,-247.14233450521124,-186.81117345165364,1346.4674392813222,14.010838008872657,-18.535675087890617,2.9676726419117015e-19
1787278692.6190934,resting,fast,1787278684.5223618,-247.64068333400837,-188.13581271286705,1349.193893359684,14.11018595346383,-18.573051250050675,2.966541920030365e-19
1787278692.6302125,resting,fast,1787278684.5223618,-248.4409384741116,-188.09614285427222,1350.554081224337,14.1072107140692,-18.633070385558206,2.9637607253657123e-19
1787278692.6414392,resting,fast,1787278684.5223618,-248.03206952991013,-188.40447656652157,1347.1773109179167,14.13033574248799,-18.60240521474296,2.960289380114413e-19
1787278692.652393,resting,fast,1787278684.5223618,-247.43929755636373,-187.6213757988993,1348.8379843224038,14.071603184916416,-18.557947316726988,2.9651072380085223e-19
1787278692.6634638,resting,fast,1787278684.5223618,-246.72944418746238,-187.21005951516065,1346.795452654901,14.040754463635825,-18.504708314059556,2.9664359224086043e-19
1787278692.6746922,resting,fast,1787278684.5223618,-248.92927373286193,-188.4600645019217,1356.5593477291632,14.134504837642968,-18.66969552996448,2.9734770153244236e-19
1787278692.6853914,resting,fast,1787278684.5223618,-250.933081895128,-189.05031544235192,1357.8745955539098,14.17877365817515,-18.81998114213446,2.9758748153247943e-19
1787278692.6969194,resting,fast,1787278684.5223618,-251.2917476718626,-189.84776642746522,1356.372139767719,14.238582482058721,-18.846881075389476,2.977194542881393e-19
1787278692.7079616,resting,fast,1787278684.5223618,-250.40417060040136,-189.25037468155085,1352.52363600029,14.193778101115004,-18.780312795029957,2.9758567519204927e-19
1787278692.718966,resting,fast,1787278684.5223618,-248.214691718807,-188.54471792946526,1347.9738241695313,14.140853844708719,-18.616101878910413,2.9716909400507754e-19
1787278692.7300687,resting,fast,1787278684.5223618,-248.41431208872973,-187.4709071120352,1351.0418520786125,14.060318033401376,-18.63107340665462,2.9701323898038403e-19
1787278692.7411308,resting,fast,1787278684.5223618,-248.73771653901304,-188.084249967745,1349.4600374532465,14.10631874757971,-18.655328740425986,2.966380180136865e-19
1787278692.7523105,resting,fast,1787278684.5223618,-249.72411387338389,-188.49234108206895,1352.7046077199202,14.136925581154035,-18.729308540503766,2.968532884122096e-19
1787278692.763474,resting,fast,1787278684.5223618,-249.4983932412647,-189.28318861290347,1351.3392884977266,14.196239145966747,-18.71237949309476,2.9692584387762154e-19
1787278692.7772713,resting,fast,1787278684.5223618,-248.73076147067468,-188.93032783619662,1352.4761091284827,14.16977458771338,-18.65480711030051,2.970419113547367e-19
1787278692.785584,resting,fast,1787278684.5223618,-247.70732626775816,-188.59585285313835,1351.8835242615542,14.144688963984283,-18.57804947008168,2.9714281832011343e-19
1787278692.7964816,resting,fast,1787278684.5223618,-248.19482754606224,-187.87464789372746,1353.744470181885,14.090598592028446,-18.614612065954425,2.971458381919176e-19
1787278692.809998,resting,fast,1787278684.5223618,-250.06281887938758,-189.35909259303605,1359.135788902643,14.20193194447656,-18.754711415953786,2.977318752090316e-19
1787278692.8189209,resting,fast,1787278684.5223618,-251.21393908735126,-189.27281064608712,1361.276206763766,14.195460798455574,-18.841045431551137,2.9777294904534266e-19
1787278692.829797,resting,fast,1787278684.5223618,-250.70463941551088,-188.99046567005155,1361.2178551523548,14.174284925252838,-18.802847956163227,2.979879542819462e-19
1787278692.841046,resting,fast,1787278684.5223618,-250.04038589511538,-188.34792348864505,1354.7450670547632,14.126094261647214,-18.75302894213368,2.974536233864105e-19
1787278692.852148,resting,fast,1787278684.5223618,-249.1144041127759,-189.30020438311146,1349.7903512935163,14.197515328732283,-18.683580308457998,2.969616216300726e-19
1787278692.8632221,resting,fast,1787278684.5223618,-250.23294135783226,-189.59518527120406,1350.2848910592957,14.219638895339234,-18.767470601837182,2.969351427437258e-19
1787278692.874523,resting,fast,1787278684.5223618,-249.91055997900048,-188.17316442758136,1348.501548240597,14.112987332067451,-18.74329199842491,2.9658453098039053e-19
1787278692.8854673,resting,fast,1787278684.5223618,-249.42490380902427,-187.5500707682155,1346.3004631280792,14.066255307615226,-18.70686778567677,2.9645531903627023e-19
1787278692.8967228,resting,fast,1787278684.5223618,-247.86710545178403,-187.75038450803606,1345.185089100557,14.081278838101458,-18.59003290888362,2.964638403498088e-19
1787278692.9100826,resting,fast,1787278684.5223618,-247.94089656851202,-188.4322397630093,1349.564992208193,14.132417982224514,-18.595567242638147,2.9686096249281873e-19
1787278692.918779,resting,fast,1787278684.5223618,-248.1395884368535,-188.5241020356376,1350.5988386148774,14.139307652671665,-18.610469132763583,2.9695632256605417e-19
1787278692.9298484,resting,fast,1787278684.5223618,-248.67789578394104,-189.03582721590362,1352.1255688545143,14.177687041191607,-18.65084218379551,2.967088702382644e-19
1787278692.9433253,resting,fast,1787278684.5223618,-247.5832425963922,-188.37546688979967,1350.8213300906182,14.128160016733947,-18.56874319472906,2.968040664665439e-19
1787278692.952071,resting,fast,1787278684.5223618,-248.0071426274494,-187.9466023994263,1355.1576784601539,14.095995179956123,-18.600535697058696,2.970158453956474e-19
1787278692.9631581,resting,fast,1787278684.5223618,-247.26377971520606,-188.1016392695327,1352.2142287784236,14.107622945213567,-18.544783478640177,2.973722908298825e-19
1787278692.9758747,resting,fast,1787278684.5223618,-246.90527840299137,-189.34190517624404,1346.7669403434238,14.20064288821715,-18.51789588022426,2.9681112087562564e-19
1787278692.9854121,resting,fast,1787278684.5223618,-246.72345412386267,-189.92890393950836,1343.2036220915443,14.24466779546194,-18.504259059289488,2.96638639742712e-19
1787278692.996215,resting,fast,1787278684.5223618,-248.57171938576676,-189.04148792870194,1345.4096874051402,14.178111594651444,-18.64287895393236,2.963839486728235e-19
1787278693.0087602,resting,fast,1787278684.5223618,-250.3773589551488,-189.45990791618112,1353.245918854066,14.209493093712442,-18.77830192163605,2.970352982507356e-19
1787278693.0186338,resting,fast,1787278684.5223618,-250.25323395725582,-190.34681020587016,1352.4596074083302,14.276010765439128,-18.768992546794067,2.9738171953779574e-19
1787278693.0297828,resting,fast,1787278684.5223618,-248.09707657962872,-189.74660430692768,1349.126570920157,14.230995323018309,-18.60728074347201,2.9724306273174765e-19
1787278693.0422463,resting,fast,1787278684.5223618,-247.45386542189,-188.93755858368365,1344.9548412227914,14.170316893775155,-18.559039906641708,2.97096115294847e-19
1787278693.0520298,resting,fast,1787278684.5223618,-248.35389593449645,-187.25505444562566,1347.9790274957913,14.044129083420874,-18.62654219508731,2.969833697522431e-19
1787278693.0630398,resting,fast,1787278684.5223618,-248.72918325625096,-186.84831857818097,1352.1826662128524,14.013623893362595,-18.654688744218845,2.970234337355192e-19
1787278693.0751743,resting,fast,1787278684.5223618,-248.18730990854465,-186.64984417028506,1349.6059134447742,13.998738312770232,-18.614048243140445,2.966718375783276e-19
1787278693.085224,resting,fast,1787278684.5223618,-247.67040953992318,-187.86595828439874,1346.0528048209462,14.08994687132888,-18.575280715493925,2.966898541510049e-19
1787278693.096428,resting,fast,1787278684.5223618,-247.27136072499843,-188.6291973100416,1340.9958783066368,14.147189798251691,-18.545352054374646,2.9677150584286593e-19
1787278693.1085522,resting,fast,1787278684.5223618,-247.2245951178288,-188.60813012281267,1343.2599954461866,14.145609759209723,-18.541844633836824,2.9694031136230965e-19
1787278693.1182995,resting,fast,1787278684.5223618,-247.32247139365927,-187.8104789325563,1342.8382641266353,14.085785919940623,-18.549185354524397,2.967853102147647e-19
1787278693.129654,resting,fast,1787278684.5223618,-247.89553319762263,-188.23485676851362,1348.5817955726916,14.117614257637445,-18.592164989821804,2.969025109593282e-19
1787278693.1421916,resting,fast,1787278684.5223618,-248.4321242037763,-188.91602726470967,1352.177168919351,14.168702044852058,-18.632409315282914,2.975938485682982e-19
1787278693.1518924,resting,fast,1787278684.5223618,-248.91484332427763,-189.75709696709703,1354.159982783066,14.23178227253128,-18.668613249320778,2.975138648716445e-19
1787278693.1628969,resting,fast,1787278684.5223618,-249.0431939150708,-189.37629553597128,1352.614110390191,14.203222165196696,-18.678239543630283,2.9763537731939986e-19
1787278693.1755183,resting,fast,1787278684.5223618,-248.3724111503575,-188.30856813631146,1348.972780718047,14.12314261022222,-18.627930836276498,2.9697992761475907e-19
1787278693.1851637,resting,fast,1787278684.5223618,-246.79823587922192,-188.15851182860604,1345.9279578951255,14.111888387144152,-18.509867690941533,2.9680251451090276e-19
1787278693.1962886,resting,fast,1787278684.5223618,-248.34283666670444,-189.18179486399697,1347.849803369928,14.188634614798463,-18.625712750002698,2.967875463837607e-19
1787278693.2091796,resting,fast,1787278684.5223618,-249.3930475591792,-188.8740437732523,1350.8719727853922,14.165553282992807,-18.704478566938356,2.9703898529135935e-19
1787278693.2184873,resting,fast,1787278684.5223618,-248.924858962921,-186.55724062960542,1350.877265615477,13.99179304721925,-18.669364422219083,2.9715827107252956e-19
1787278693.2296042,resting,fast,1787278684.5223618,-247.08112434772602,-184.85998836658325,1348.476653592449,13.864499127492724,-18.531084326079146,2.9697055500149216e-19
1787278693.2422657,resting,fast,1787278684.5223618,-246.73895705722543,-185.46377575800432,1348.3147432358246,13.909783181849281,-18.505421779291872,2.9685329806536394e-19
1787278693.2516127,resting,fast,1787278684.5223618,-248.65095539397544,-187.18941680937485,1358.140562035086,14.039206260702091,-18.648821654547866,2.9729775510604096e-19
1787278693.2627845,resting,fast,1787278684.5223618,-250.5281986153609,-188.6618034935599,1359.6354733871858,14.149635262016165,-18.789614896151853,2.9752559491754797e-19
1787278693.2757907,resting,fast,1787278684.5223618,-249.7675453957704,-187.2074083615745,1357.7709271068316,14.040555627117161,-18.73256590468251,2.973255532226436e-19
1787278693.2849271,resting,fast,1787278684.5223618,-248.25128418076702,-187.52188913779958,1349.7782627891584,14.06414168533367,-18.61884631355737,2.966844867550714e-19
1787278693.2960968,resting,fast,1787278684.5223618,-246.97641641797463,-186.61876033805754,1346.2071280115206,13.996407025353196,-18.52323123134802,2.9620661085660687e-19
1787278693.3095937,resting,fast,1787278684.5223618,-247.3021492661478,-188.54210015070737,1349.1963998410092,14.1406575113018,-18.547661194960945,2.9654653019155934e-19
1787278693.318379,resting,fast,1787278684.5223618,-248.09637746118688,-187.66805213111127,1349.3752123789463,14.075103909832155,-18.60722830958902,2.965560930989656e-19
1787278693.329425,resting,fast,1787278684.5223618,-248.371408004125,-186.42279485786833,1353.861977813035,13.981709614338886,-18.627855600308962,2.9673408912797305e-19
1787278693.3418796,resting,fast,1787278684.5223618,-248.26720592791435,-185.91743069116694,1351.8687126107989,13.943807301836646,-18.620040444593705,2.965421865173555e-19
1787278693.351609,resting,fast,1787278684.5223618,-249.58737327157223,-187.33463326652657,1352.3694150053807,14.050097494988325,-18.71905299536759,2.969397763659811e-19
1787278693.3627222,resting,fast,1787278684.5223618,-249.0293208632388,-187.17722346055177,1347.1422023643818,14.038291759540119,-18.677199064742673,2.9681315496735686e-19
1787278693.3750918,resting,fast,1787278684.5223618,-249.29312175347104,-185.83207454955038,1347.659336845828,13.9374055912152,-18.696984131510128,2.967969918999471e-19
1787278693.3844693,resting,fast,1787278684.5223618,-248.07258082911858,-185.73609310655127,1347.3215398387374,13.930206982990075,-18.605443562183744,2.9679026585419346e-19
1787278693.3956034,resting,fast,1787278684.5223618,-248.3372850051869,-187.27542103717462,1344.7667347911856,14.045656577787103,-18.625296375388835,2.964999662871247e-19
1787278693.407534,resting,fast,1787278684.5223618,-248.29353437607688,-188.2760439493585,1345.641303698677,14.120703296200833,-18.622015078205415,2.9688442156505875e-19
1787278693.417726,resting,fast,1787278684.5223618,-247.06187869671476,-187.10627853814856,1341.1356107137317,14.03297089035981,-18.529640902253355,2.9632139836924057e-19
1787278693.4291742,resting,fast,1787278684.5223618,-245.97410066915063,-186.95937767021485,1344.6698831159365,14.021953325264963,-18.44805755018629,2.9661723821027124e-19
1787278693.4405084,resting,fast,1787278684.5223618,-245.7497684498444,-187.6039147515927,1341.5714445675849,14.0702936063682,-18.43123263373797,2.965069936884581e-19
1787278693.4515762,resting,fast,1787278684.5223618,-245.48971482538082,-187.23620963098244,1343.4303121868516,14.042715722322729,-18.41172861190345,2.966848040678536e-19
1787278693.462615,resting,fast,1787278684.5223618,-246.63400694443544,-186.89989356222065,1344.0782023186975,14.017492017165441,-18.49755052083254,2.9697183595987247e-19
1787278693.4743974,resting,fast,1787278684.5223618,-247.05322513270266,-185.9925954921133,1346.7566863646362,13.949444661907425,-18.528991884952532,2.9668591543591057e-19
1787278693.4848924,resting,fast,1787278684.5223618,-247.36288850057053,-185.54126094506512,1349.960826957119,13.9155945708787,-18.55221663754279,2.9691178831401985e-19
1787278693.4958875,resting,fast,1787278684.5223618,-246.5594527632743,-186.1625283146701,1349.227422985491,13.962189623599134,-18.49195895724516,2.9681093190694747e-19
1787278693.507948,resting,fast,1787278684.5223618,-246.78480689182697,-187.31838017617167,1348.2339723797513,14.048878513211736,-18.50886051688697,2.9701997512498033e-19
1787278693.5181646,resting,fast,1787278684.5223618,-247.79584898362418,-187.72242667879925,1349.6072907124226,14.079182000908919,-18.584688673771566,2.9730628026461337e-19
1787278693.5293345,resting,fast,1787278684.5223618,-247.52359293000745,-187.85902958478675,1345.461147935127,14.08942721885791,-18.56426946975035,2.971043840465472e-19
1787278693.5416589,resting,fast,1787278684.5223618,-246.9689592351474,-186.44026938559762,1343.7305491681427,13.983020203918688,-18.52267194263576,2.9681745573795828e-19
1787278693.5514684,resting,fast,1787278684.5223618,-247.1454783995191,-187.67985662161243,1343.4338750070647,14.075989246619788,-18.535910879963595,2.9674737928562006e-19
1787278693.5624835,resting,fast,1787278684.5223618,-248.50997606966894,-186.76076132469768,1346.9980886345738,14.007057099351062,-18.63824820522499,2.9672141153513187e-19
1787278693.5741796,resting,fast,1787278684.5223618,-249.03346536824438,-186.68653351144565,1347.6287302851206,14.001490013357131,-18.67750990261812,2.9689616776919128e-19
1787278693.5848897,resting,fast,1787278684.5223618,-248.13047344141933,-185.3943009713538,1346.1689576518538,13.904572572850586,-18.6097855081063,2.9680447705861616e-19
1787278693.5958903,resting,fast,1787278684.5223618,-247.6750933903536,-187.4925224525972,1347.7549355751134,14.061939183943512,-18.57563200427635,2.9701552359416e-19
1787278693.6077104,resting,fast,1787278684.5223618,-246.90026045882814,-188.11034241475852,1347.356934612134,14.108275681105855,-18.517519534412088,2.967983600772718e-19
1787278693.618073,resting,fast,1787278684.5223618,-247.9200057848634,-189.5326876019982,1349.9695333349346,14.21495157014883,-18.5940004338645,2.9750018451003166e-19
1787278693.629229,resting,fast,1787278684.5223618,-246.82286112344946,-187.09202573116397,1347.8588426926735,14.031901929836213,-18.51171458425864,2.9723487394975243e-19
1787278693.640408,resting,fast,1787278684.5223618,-246.44555911221732,-186.74135527956776,1348.7962775956594,14.00560164596634,-18.483416933416244,2.972472242863663e-19
1787278693.6514335,resting,fast,1787278684.5223618,-246.01491106669027,-186.6736734602831,1344.347651768091,14.00052550952012,-18.45111833000182,2.965696552436171e-19
1787278693.6625235,resting,fast,1787278684.5223618,-246.80836991689694,-187.73305177932264,1344.863357690837,14.07997888344801,-18.510627743767195,2.965993226930987e-19
1787278693.6735883,resting,fast,1787278684.5223618,-246.08840915597602,-188.31709515922682,1343.3917965481369,14.123782136940779,-18.456630686697956,2.9645785708706105e-19
1787278693.6847289,resting,fast,1787278684.5223618,-245.33875852951633,-188.30879054942682,1340.4532556587137,14.12315929120587,-18.400406889713757,2.9604191971815407e-19
1787278693.6957173,resting,fast,1787278684.5223618,-245.11060183987456,-188.796605807555,1340.112805527092,14.1597454355656,-18.383295137990523,2.9617501398639377e-19
1787278693.7069738,resting,fast,1787278684.5223618,-246.44172974812,-189.2064811612994,1340.953157624136,14.190486087096208,-18.48312973110896,2.9644453492116e-19
1787278693.7179337,resting,fast,1787278684.5223618,-246.85149884309203,-188.8206568704244,1341.3393736060489,14.16154926528073,-18.513862413231607,2.9653412920104064e-19
1787278693.7291374,resting,fast,1787278684.5223618,-245.9807735546142,-188.35486002098753,1341.3529591740307,14.126614501572906,-18.448558016596124,2.9685008914091413e-19
1787278693.7402189,resting,fast,1787278684.5223618,-245.34298089624963,-187.64168530496215,1342.2816894764246,14.073126397870954,-18.400723567218407,2.9678860272556613e-19
1787278693.7513688,resting,fast,1787278684.5223618,-245.44854224333676,-187.1573523455894,1345.5790502157588,14.036801425918018,-18.40864066825003,2.968588142751875e-19
1787278693.7623618,resting,fast,1787278684.5223618,-246.55580312825123,-187.51565175012945,1343.9444098061622,14.063673881258456,-18.49168523461885,2.9624945302045625e-19
1787278693.7734978,resting,fast,1787278684.5223618,-246.67534268488407,-187.70059521727546,1341.445369678303,14.077544641294597,-18.50065070136621,2.9606470831837855e-19
1787278693.7847502,resting,fast,1787278684.5223618,-247.40835669187027,-188.86497910189394,1337.4180358199965,14.164873432640977,-18.555626751889925,2.9602416558059595e-19
1787278693.795551,resting,fast,1787278684.5223618,-248.08297877617906,-189.38925981865066,1342.3419564562,14.2041944863977,-18.60622340821336,2.963825288717715e-19
1787278693.8068342,resting,fast,1787278684.5223618,-249.32593744186897,-189.1128228402896,1343.8318912003679,14.183461713020595,-18.699445308140213,2.9663626328833426e-19
1787278693.817398,resting,fast,1787278684.5223618,-247.8360939435711,-188.07238590902546,1346.7198881138747,14.10542894317577,-18.587707045767836,2.9693795442936564e-19
1787278693.8284948,resting,fast,1787278684.5223618,-247.4536769052479,-187.77264777791981,1346.2952913195231,14.08294858334283,-18.55902576789334,2.9665158733221923e-19
1787278693.8399014,resting,fast,1787278684.5223618,-246.2472854408893,-189.19015433675634,1345.8087423226525,14.189261575255617,-18.468546408066615,2.9681351727966724e-19
1787278693.8512452,resting,fast,1787278684.5223618,-248.02557943501733,-188.81027682985666,1347.9021143054624,14.160770762238204,-18.6019184576261,2.9709107954567907e-19
1787278693.8618743,resting,fast,1787278684.5223618,-247.616703497662,-188.08031908437454,1342.0040741041075,14.106023931326678,-18.571252762324278,2.971785697021643e-19
1787278693.8729048,resting,fast,1787278684.5223618,-248.25731466708157,-187.7144598647102,1344.0722975893832,14.078584489852265,-18.61929860003096,2.9728648239824965e-19
1787278693.884445,resting,fast,1787278684.5223618,-246.52807119414547,-187.50710216150276,1339.3889615920298,14.063032662111528,-18.489605339560633,2.9677364634412805e-19
1787278693.8955717,resting,fast,1787278684.5223618,-246.48524052119365,-188.1606288205761,1344.1172017109266,14.112047161542055,-18.486393039089293,2.9689795360828515e-19
1787278693.9066763,resting,fast,1787278684.5223618,-246.1581944927043,-187.39380797571482,1342.7275713457866,14.054535598177385,-18.4618645869528,2.9634482323945385e-19
1787278693.9177907,resting,fast,1787278684.5223618,-246.46565280207187,-188.1594901421921,1345.495878991057,14.11196176066328,-18.484923960154987,2.9646787584540564e-19
1787278693.9287553,resting,fast,1787278684.5223618,-247.26712932733108,-187.53372263107383,1347.0299662452808,14.065029197329583,-18.54503469954959,2.9666244308861254e-19
1787278693.9399476,resting,fast,1787278684.5223618,-248.60634245649226,-188.4585796673697,1350.0754680088621,14.13439347505157,-18.6454756842365,2.972909746811344e-19
1787278693.9510758,resting,fast,1787278684.5223618,-249.98107978938197,-188.49682658432891,1352.7923676440596,14.137261993823248,-18.748580984203294,2.9698188604549387e-19
1787278693.9621663,resting,fast,1787278684.5223618,-249.76649863374905,-187.80693457912514,1349.4834277691161,14.085520093433093,-18.73248739753091,2.9663928009997885e-19
1787278693.9733431,resting,fast,1787278684.5223618,-248.39529465178884,-186.55767115196488,1346.1392170885601,13.991825336396108,-18.62964709888397,2.9614800261361132e-19
1787278693.9843552,resting,fast,1787278684.5223618,-247.94727586585168,-186.31821699361706,1342.8858917351727,13.973866274519967,-18.596045689938755,2.9602976674656457e-19
1787278693.9954462,resting,fast,1787278684.5223618,-247.4469257674141,-188.68176316675056,1341.783730623175,14.151132237505085,-18.558519432555862,2.962001369824691e-19
1787278694.0065784,resting,fast,1787278684.5223618,-247.99806199751447,-189.5603163322943,1341.0538116767448,14.217023724920825,-18.599854649813544,2.9627743862452435e-19
1787278694.0177824,resting,fast,1787278684.5223618,-247.2642779768471,-189.11233695873295,1343.1386638214944,14.183425271903946,-18.544820848263363,2.96491671518976e-19
1787278694.028699,resting,fast,1787278684.5223618,-247.36274094920145,-186.206770972041,1348.0082612881406,13.965507822901959,-18.55220557118991,2.965549093372928e-19
1787278694.039784,resting,fast,1787278684.5223618,-247.26138057690468,-186.58855613811727,1350.7033945671492,13.994141710357514,-18.544603543267577,2.9704074306935484e-19
1787278694.0508192,resting,fast,1787278684.5223618,-247.8004132553865,-186.1609836740937,1355.4740675769253,13.962073775555854,-18.585030994153684,2.9784467304784415e-19
1787278694.0620728,resting,fast,1787278684.5223618,-247.90081727234656,-186.3910662325635,1352.7462056286322,13.979329967441178,-18.592561295425973,2.9768175612242885e-19
1787278694.0731435,resting,fast,1787278684.5223618,-247.69343157525827,-186.19376576162665,1353.1477551191156,13.964532432120809,-18.577007368144187,2.973730100065243e-19
1787278694.0841696,resting,fast,1787278684.5223618,-247.90125300388854,-188.29292020036894,1347.1912999052865,14.121969015026483,-18.59259397529142,2.965864612372624e-19
1787278694.0955286,resting,fast,1787278684.5223618,-248.69741552647383,-189.5504495594497,1349.7278079020425,14.216283716957808,-18.652306164485488,2.9728005327687784e-19
1787278694.1064143,resting,fast,1787278684.5223618,-248.75743006331913,-189.36115103503846,1348.064296897669,14.202086327626777,-18.65680725474867,2.9721788497559025e-19
1787278694.1174295,resting,fast,1787278684.5223618,-247.93602247720492,-187.70197082883044,1348.8980376607333,14.07764781216132,-18.595201685790173,2.974764199694014e-19
1787278694.1286595,resting,fast,1787278684.5223618,-246.6061237743629,-185.7871928657779,1344.6929585883054,13.934039464932216,-18.495459283076954,2.965205766442462e-19
1787278694.1398134,resting,fast,1787278684.5223618,-246.24291825198952,-185.39752371378756,1346.402870154755,13.904814278532942,-18.46821886889905,2.965231417111782e-19
1787278694.150754,resting,fast,1787278684.5223618,-245.89871644552886,-184.0985455106744,1345.8745019369353,13.80739091329919,-18.44240373341431,2.9636843913133115e-19
1787278694.1619337,resting,fast,1787278684.5223618,-245.94568422623297,-185.35823245348604,1350.15343759802,13.901867434010331,-18.445926316967274,2.9668610744524347e-19
1787278694.1730459,resting,fast,1787278684.5223618,-246.24665717712514,-185.32557050686103,1346.8961638927367,13.899417788013412,-18.4684992882844,2.963665875373457e-19
1787278694.1840267,resting,fast,1787278684.5223618,-247.76228727859916,-186.61403686195456,1352.6087089591574,13.996052764645501,-18.58217154589469,2.966717638387246e-19
1787278694.1952677,resting,fast,1787278684.5223618,-248.99098706571795,-188.84634242025152,1350.122422881078,14.163475681517856,-18.67432402992857,2.9680391784351943e-19
1787278694.2062473,resting,fast,1787278684.5223618,-249.45669421956381,-189.26609534249462,1351.831783769493,14.194957150686196,-18.70925206646696,2.9720886917166562e-19
1787278694.2173705,resting,fast,1787278684.5223618,-249.72552214462985,-189.97997426301765,1349.6295401617963,14.24849806972512,-18.72941416084724,2.9718848671411006e-19
1787278694.2283664,resting,fast,1787278684.5223618,-249.89034979724647,-188.50655283859044,1351.9103077769787,14.13799146289286,-18.741776234793306,2.9723639127137745e-19
1787278694.239484,resting,fast,1787278684.5223618,-248.76585881474102,-188.00652431652009,1352.1179477323321,14.100489323737865,-18.657439411105308,2.9754519014080466e-19
1787278694.2506702,resting,fast,1787278684.5223618,-247.56613406736824,-187.39040383002873,1350.3848096789561,14.05428028725095,-18.567460055052614,2.970273279304578e-19
1787278694.2618992,resting,fast,1787278684.5223618,-246.5791552706637,-186.4186232863036,1348.9046819642435,13.981396746471564,-18.493436645299766,2.9706623643452644e-19
1787278694.2729168,resting,fast,1787278684.5223618,-246.79214105453093,-186.1081371241579,1347.4870042048906,13.958110284310653,-18.50941057908964,2.965501381898933e-19
1787278694.2839441,resting,fast,1787278684.5223618,-247.83004143863627,-186.80175938026684,1348.1418365060354,14.01013195351884,-18.58725310789753,2.9686735084201943e-19
1787278694.2949564,resting,fast,1787278684.5223618,-247.97700060841862,-187.72143048462283,1346.7049280556612,14.07910728634555,-18.598275045631134,2.9673464317988444e-19
1787278694.3060455,resting,fast,1787278684.5223618,-248.0665450364727,-188.57180804664938,1344.4117996436007,14.142885603497607,-18.604990877735197,2.964767989972283e-19
1787278694.3171742,resting,fast,1787278684.5223618,-249.04566295168433,-189.21267827880308,1347.2835529619197,14.190950870909095,-18.678424721376025,2.9670448099402606e-19
1787278694.3284066,resting,fast,1787278684.5223618,-249.17733156991335,-189.10328754343675,1350.7812886955517,14.182746565756407,-18.688299867743275,2.968927501206393e-19
1787278694.339344,resting,fast,1787278684.5223618,-249.42770558474012,-189.809077030273,1353.508384810103,14.235680777269241,-18.707077918855298,2.9709145159018743e-19
1787278694.3506393,resting,fast,1787278684.5223618,-248.1536083886972,-188.34618851881544,1350.1431310815924,14.125964138909882,-18.61152062915214,2.9663552822498773e-19
1787278694.361769,resting,fast,1787278684.5223618,-248.54253246970666,-187.62043147643305,1348.658633333319,14.07153236073123,-18.64068993522806,2.966309651812588e-19
1787278694.3727102,resting,fast,1787278684.5223618,-247.7888511740116,-187.24295117002714,1346.6222234587194,14.043221337750882,-18.584163838050685,2.9648561277098466e-19
1787278694.383804,resting,fast,1787278684.5223618,-248.68888675147673,-188.93051180439932,1349.041555351937,14.169788385328747,-18.651666506360634,2.9663214876545776e-19
1787278694.3949847,resting,fast,1787278684.5223618,-248.67310748856062,-188.7689076563355,1349.73899722441,14.15766807422408,-18.650483061641822,2.964257158268693e-19
1787278694.4062796,resting,fast,1787278684.5223618,-250.05104609951604,-188.0065128338416,1354.6377221674948,14.100488462537019,-18.75382845746344,2.9682251026533143e-19
1787278694.4171407,resting,fast,1787278684.5223618,-248.9666936837134,-186.6722714612671,1351.99059270807,14.000420359593907,-18.672502026278238,2.9684464283158794e-19
1787278694.4281423,resting,fast,1787278684.5223618,-248.52245604171048,-188.17568787050402,1349.8184864001933,14.113176590286674,-18.639184203128146,2.967295922165502e-19
1787278694.439318,resting,fast,1787278684.5223618,-247.27986105369337,-188.3377205375101,1347.2497338367439,14.125329040312213,-18.545989579026873,2.96752138951723e-19
1787278694.4504123,resting,fast,1787278684.5223618,-247.32955263652775,-187.55922888184807,1350.015353197109,14.066942166137412,-18.5497164477394,2.9676978832513515e-19
1787278694.4615936,resting,fast,1787278684.5223618,-248.19052501502983,-188.35447225205314,1354.2422651325023,14.126585418902994,-18.614289376127005,2.972103745640336e-19
1787278694.472655,resting,fast,1787278684.5223618,-248.8086405326244,-187.65797652388267,1355.2926440598558,14.074348239290135,-18.660648039946636,2.9687083642275895e-19
1787278694.483664,resting,fast,1787278684.5223618,-248.6648703273554,-187.74147484958382,1353.2717777789703,14.080610613717585,-18.649865274551367,2.9700663827354277e-19
1787278694.4948726,resting,fast,1787278684.5223618,-247.74910799051077,-185.63570868434624,1349.329208694472,13.922678151324607,-18.58118309928802,2.968688016252445e-19
1787278694.5059044,resting,fast,1787278684.5223618,-248.33214368922245,-185.56974845985303,1352.2072840225092,13.91773113448804,-18.624910776691642,2.974250585598228e-19
1787278694.5169616,resting,fast,1787278684.5223618,-249.1365723287031,-188.35737902797212,1357.0134219718411,14.126803427096792,-18.68524292465254,2.9765001298165964e-19
1787278694.5282197,resting,fast,1787278684.5223618,-249.86696505873397,-189.44044758576604,1357.7392835213896,14.208033568931246,-18.740022379404863,2.9746144920979254e-19
1787278694.5392828,resting,fast,1787278684.5223618,-249.68213778600466,-189.6251679659673,1356.9140570969676,14.221887597446273,-18.72616033395,2.9727351978849625e-19
1787278694.5503595,resting,fast,1787278684.5223618,-248.78218257397066,-187.6092248346464,1352.232353082586,14.070691862597474,-18.658663693047636,2.9679521533428313e-19
1787278694.5614781,resting,fast,1787278684.5223618,-248.1991479343801,-187.07076018298233,1352.7178118681268,14.030307013722666,-18.614936095078278,2.967145691959525e-19
1787278694.5725284,resting,fast,1787278684.5223618,-247.73828993013785,-187.16445188201453,1351.9342531380616,14.03733389114986,-18.580371744760114,2.9672390006320433e-19
1787278694.5836604,resting,fast,1787278684.5223618,-247.49297354599048,-186.6033620184461,1353.7736157348927,13.995252151382463,-18.561973015949228,2.970068536113575e-19
1787278694.594796,resting,fast,1787278684.5223618,-247.5048912643092,-186.60268409789512,1352.1576032973417,13.995201307340896,-18.56286684482319,2.970123796152748e-19
1787278694.605816,resting,fast,1787278684.5223618,-248.09224399551613,-187.7323424374232,1351.0808554317873,14.079925682805413,-18.606918299663448,2.9675764260533923e-19
1787278694.6169643,resting,fast,1787278684.5223618,-247.24871150104218,-188.2027699633935,1346.948239006525,14.115207747253127,-18.543653362577885,2.964665758209429e-19
1787278694.6278524,resting,fast,1787278684.5223618,-246.54602398279576,-188.01925752608338,1345.829615924894,14.101444314455069,-18.490951798709425,2.9644294704833017e-19
1787278694.639154,resting,fast,1787278684.5223618,-245.83843017705976,-185.93962039857217,1341.1642768767279,13.945471529891979,-18.4378822632791,2.9633512489108125e-19
1787278694.6503286,resting,fast,1787278684.5223618,-247.78514856254196,-187.90509433062095,1345.8632273340854,14.092882074795643,-18.583886142190543,2.967326667992549e-19
1787278694.661332,resting,fast,1787278684.5223618,-248.7242404266276,-188.2953718828254,1348.963259201183,14.122152891210735,-18.654318031997,2.965994314558531e-19
1787278694.6719496,resting,fast,1787278684.5223618,-249.28668556952698,-188.9699701006731,1357.6614261822224,14.172747757549434,-18.696501417714167,2.9692038175510646e-19
1787278694.6832945,resting,fast,1787278684.5223618,-248.5954463520252,-187.52083439120258,1355.328870751683,14.064062579338998,-18.64465847640185,2.9686881577486057e-19
1787278694.694701,resting,fast,1787278684.5223618,-247.641556988076,-186.72566372823883,1353.255167652941,14.00442477961693,-18.573116774105728,2.9703946982779044e-19
1787278694.7058015,resting,fast,1787278684.5223618,-248.23414577184894,-187.9703959259947,1351.5684013317577,14.097779694448452,-18.61756093288843,2.9697822090620013e-19
1787278694.716892,resting,fast,1787278684.5223618,-247.71139230324252,-188.3237826094363,1350.006784925722,14.124283695706698,-18.578354422742898,2.965139957415719e-19
1787278694.7279258,resting,fast,1787278684.5223618,-249.50616115840012,-189.74484811398304,1354.564707366525,14.230863608547669,-18.71296208687992,2.97030544601544e-19
1787278694.7390456,resting,fast,1787278684.5223618,-248.57509906832956,-188.69634132844556,1351.1820768762673,14.152225599632377,-18.643132430124503,2.967599480318189e-19
1787278694.7501347,resting,fast,1787278684.5223618,-248.4335246237565,-189.5363521115263,1350.5566656561068,14.215226408363339,-18.63251434678154,2.9740149277667773e-19
1787278694.7640824,resting,fast,1787278684.5223618,-246.94234672803168,-188.13845443562252,1347.1561151756405,14.11038408267041,-18.520676004602244,2.966874816266255e-19
1787278694.7723029,resting,fast,1787278684.5223618,-247.46761341820684,-188.2527887917655,1350.9776148823357,14.118959159381479,-18.56007100636512,2.9709359257139206e-19
1787278694.78339,resting,fast,1787278684.5223618,-247.87942307816456,-185.9183829901607,1354.7363932863964,13.943878724260788,-18.590956730862217,2.969992748375822e-19
1787278694.7969058,resting,fast,1787278684.5223618,-247.4988082353616,-186.32886853938032,1352.9271809531392,13.974665140452476,-18.562410617651828,2.9727031841926065e-19
1787278694.805634,resting,fast,1787278684.5223618,-247.27134401106605,-186.82881157969211,1353.641022028968,14.012160868475764,-18.54535080082963,2.972714940868194e-19
1787278694.816891,resting,fast,1787278684.5223618,-247.27610411438445,-186.85420521409776,1352.023867855186,14.014065391056054,-18.545707808578506,2.9710442794273847e-19
1787278694.8300226,resting,fast,1787278684.5223618,-247.89528729310086,-187.20465734925745,1354.9162726064633,14.040349301193135,-18.59214654698242,2.972901560136435e-19
1787278694.8389263,resting,fast,1787278684.5223618,-247.75581184192424,-186.73148147679592,1350.5418107080359,14.004861110758743,-18.581685888144143,2.970931771801387e-19
1787278694.8500018,resting,fast,1787278684.5223618,-248.38639718272725,-187.77693273505326,1352.9228950463157,14.083269955127935,-18.628979788704484,2.968694419860489e-19
1787278694.863546,resting,fast,1787278684.5223618,-247.9001115256583,-186.67469942977084,1353.2337202409808,14.00060245723154,-18.592508364424255,2.969288069572711e-19
1787278694.872184,resting,fast,1787278684.5223618,-247.6470223847241,-186.420211151025,1354.871248546454,13.981515836325745,-18.57352667885398,2.9678308182686465e-19
1787278694.8834293,resting,fast,1787278684.5223618,-247.11603273670926,-186.42419807304702,1350.2657953401076,13.98181485547757,-18.53370245525305,2.970135086918191e-19
1787278694.8955846,resting,fast,1787278684.5223618,-247.7394603881471,-186.7883673379248,1348.4460421412068,14.009127550343084,-18.580459529110804,2.9645745507251164e-19
1787278694.9054852,resting,fast,1787278684.5223618,-249.371727718511,-187.4851350500645,1344.149721091936,14.06138512875346,-18.70287957888813,2.9654932938574796e-19
1787278694.9167097,resting,fast,1787278684.5223618,-248.91878624955416,-187.143347005882,1344.701778130714,14.035751025440153,-18.668908968716387,2.9653333369790445e-19
1787278694.9291618,resting,fast,1787278684.5223618,-249.9582154127488,-187.50961034310615,1345.9700735304186,14.06322077573174,-18.746866155955935,2.9698895098979067e-19
1787278694.938858,resting,fast,1787278684.5223618,-249.35462282739127,-186.79375320976385,1352.2401335288714,14.009531490731124,-18.701596712054275,2.9739744791748454e-19
1787278694.9499378,resting,fast,1787278684.5223618,-249.42980190194658,-188.42621827918072,1350.858119479607,14.131966370937565,-18.70723514264572,2.973907370386786e-19
1787278694.962958,resting,fast,1787278684.5223618,-248.68248347916824,-187.74598198708384,1351.509084723285,14.080948649030294,-18.651186260937493,2.9727006820774533e-19
1787278694.9720578,resting,fast,1787278684.5223618,-247.64990746123976,-188.80187064728568,1350.8384600931067,14.160140298545318,-18.573743059592978,2.9715310363269186e-19
1787278694.983158,resting,fast,1787278684.5223618,-247.88295871956188,-187.8805406080386,1355.1726347598278,14.091040545601533,-18.59122190396669,2.972798390452953e-19
1787278694.9961174,resting,fast,1787278684.5223618,-247.49103977846198,-189.21692594368267,1354.9353620701613,14.191269445775095,-18.56182798338456,2.9747599281092965e-19
1787278695.0053623,resting,fast,1787278684.5223618,-247.86521689697338,-189.32910549789574,1351.0421882812143,14.199682912341206,-18.589891267272982,2.971537547305688e-19
1787278695.0165658,resting,fast,1787278684.5223618,-248.9674758926326,-188.03344824235126,1351.5826693090266,14.102508618175055,-18.672560691947446,2.972232419829615e-19
1787278695.0294468,resting,fast,1787278684.5223618,-249.79485787179465,-187.50549881418863,1354.5084964769458,14.062912411063,-18.734614340384695,2.9718559828134213e-19
1787278695.0384536,resting,fast,1787278684.5223618,-250.43817575627554,-186.6985200184073,1356.268163722897,14.002389001379346,-18.782863181720387,2.9739975710678297e-19
1787278695.0492558,resting,fast,1787278684.5223618,-249.91209692189068,-188.2080090273913,1353.878837618112,14.115600677053141,-18.743407269141564,2.9708035976654365e-19
1787278695.0618448,resting,fast,1787278684.5223618,-248.86432999931594,-187.97588681270656,1347.3761062617114,14.098191510952024,-18.664824749948494,2.9648401405777754e-19
1787278695.0716128,resting,fast,1787278684.5223618,-248.12434263727073,-187.95074978279524,1345.4487086177078,14.096306233708493,-18.609325697795136,2.9658091673838563e-19
1787278695.0825586,resting,fast,1787278684.5223618,-247.83305824352692,-187.85542405701324,1344.233946131385,14.089156804274953,-18.587479368264397,2.9660229529125834e-19
1787278695.0945601,resting,fast,1787278684.5223618,-248.89280245968757,-188.40928421131946,1352.4021827928018,14.130696315847832,-18.666960184476395,2.9717131535141564e-19
1787278695.104884,resting,fast,1787278684.5223618,-246.95406094092368,-188.51143854036366,1349.4921673537983,14.13835789052607,-18.52155457056896,2.964888010210239e-19
1787278695.1163225,resting,fast,1787278684.5223618,-246.238700162226,-186.91484569515217,1347.9607314812283,14.018613427135254,-18.467902512166766,2.9634237030392165e-19
1787278695.1279018,resting,fast,1787278684.5223618,-244.72154893751804,-186.5563539362439,1340.7715376488459,13.99172654521708,-18.354116170313617,2.96208409076806e-19
1787278695.138761,resting,fast,1787278684.5223618,-245.44111326437405,-186.3047628579585,1341.7136345181634,13.972857214345883,-18.40808349482787,2.962412457182056e-19
1787278695.1497693,resting,fast,1787278684.5223618,-245.6049729858555,-186.95371629839826,1344.8390779371848,14.021528722378452,-18.420372973938974,2.965367909426418e-19
1787278695.1610649,resting,fast,1787278684.5223618,-246.11012169058586,-186.785164178341,1344.4991765662844,14.008887313374334,-18.458259126793784,2.9628962929423134e-19
1787278695.1719415,resting,fast,1787278684.5223618,-246.00257564166122,-186.47545486862816,1346.0447804820915,13.985659115146067,-18.45019317312437,2.9648922642712185e-19
1787278695.183175,resting,fast,1787278684.5223618,-245.82743551183694,-186.19215505424665,1343.3172170751905,13.964411629067403,-18.43705766338759,2.9638737180081834e-19
1787278695.1942925,resting,fast,1787278684.5223618,-246.00032077407695,-186.63149528484303,1347.67733417231,13.997362146362025,-18.45002405805551,2.966210666663947e-19
1787278695.2053292,resting,fast,1787278684.5223618,-246.75339958617724,-186.4378748302521,1345.4816718477405,13.982840612267783,-18.506504968963128,2.9671339849609625e-19
1787278695.216368,resting,fast,1787278684.5223618,-247.90864945525982,-187.1083061315486,1348.1099979711062,14.033122959864958,-18.59314870914416,2.9697334333459473e-19
1787278695.2283936,resting,fast,1787278684.5223618,-248.57202785374875,-187.11063709247526,1347.051307182065,14.03329778193444,-18.642902089031125,2.9726237171536175e-19
1787278695.2385163,resting,fast,1787278684.5223618,-249.12528755618268,-188.88672132403792,1350.3375816665384,14.166504099301651,-18.684396566713687,2.9768380622318676e-19
1787278695.2498336,resting,fast,1787278684.5223618,-248.57695653743895,-188.64636851875355,1349.6761830376645,14.148477638905351,-18.64327174030791,2.9746848764397335e-19
1787278695.2612846,resting,fast,1787278684.5223618,-246.65333229839825,-187.09031336488613,1344.4183440513088,14.0317735023653,-18.498999922379525,2.970559551839315e-19
1787278695.2717054,resting,fast,1787278684.5223618,-246.0990702163358,-185.08770341111688,1347.8311880651572,13.881577755832613,-18.457430266224918,2.9700367751414594e-19
1787278695.282917,resting,fast,1787278684.5223618,-245.4813021472787,-183.7102538351611,1348.286876349005,13.778269037635813,-18.41109766104568,2.96893545360502e-19
1787278695.2950966,resting,fast,1787278684.5223618,-246.80832428150325,-185.59204599712632,1350.814101451274,13.91940344978332,-18.510624321112694,2.9668718766851514e-19
1787278695.305089,resting,fast,1787278684.5223618,-247.1169283787126,-186.18927823682577,1348.0991029795068,13.964195867760925,-18.533769628403476,2.965479305480569e-19
1787278695.3162494,resting,fast,1787278684.5223618,-247.46062248868975,-188.30366363375867,1344.4827579665916,14.122774772530821,-18.559546686651494,2.965715254835644e-19
1787278695.3290713,resting,fast,1787278684.5223618,-246.93909614697486,-187.0916443555583,1346.289696919791,14.03187332666582,-18.52043221102293,2.9703109079763705e-19
1787278695.3384027,resting,fast,1787278684.5223618,-247.44552384788904,-187.17920306283997,1346.3652054362692,14.038440229711714,-18.55841428859133,2.9682500694302536e-19
1787278695.3490942,resting,fast,1787278684.5223618,-247.11304387927203,-185.65321128332505,1349.498959536676,13.923990846248163,-18.53347829094536,2.9706505360329793e-19
1787278695.3613486,resting,fast,1787278684.5223618,-246.55577528275217,-185.66021557681495,1347.2814764253371,13.924516168259931,-18.491683146206064,2.9679606735081233e-19
1787278695.3717027,resting,fast,1787278684.5223618,-245.21975045916543,-184.93030173501836,1348.321495312216,13.869772630125045,-18.391481284437205,2.968606001808708e-19
1787278695.3828356,resting,fast,1787278684.5223618,-246.55947574263655,-186.84342630631534,1347.0346141016717,14.013256972972716,-18.49196068069743,2.96656020911824e-19
1787278695.3948483,resting,fast,1787278684.5223618,-248.40870878724718,-187.2491616346341,1350.1846373178641,14.043687122596555,-18.630653159043405,2.9705543773306876e-19
1787278695.4050756,resting,fast,1787278684.5223618,-250.63964415596593,-189.2832066682871,1349.145170555942,14.196240500120542,-18.79797331169752,2.9735201903329425e-19
1787278695.4161582,resting,fast,1787278684.5223618,-250.13579751498537,-188.5731396376783,1354.8741457143924,14.142985472824837,-18.760184813623667,2.977350878607602e-19
1787278695.4278889,resting,fast,1787278684.5223618,-248.91476023932364,-188.38794072526855,1350.475682893114,14.129095554393732,-18.668607017949192,2.9713985554298625e-19
1787278695.438332,resting,fast,1787278684.5223618,-247.89098105230505,-188.33604646809488,1349.8830533544033,14.125203485106002,-18.59182357892302,2.9690133838166076e-19
1787278695.4491966,resting,fast,1787278684.5223618,-248.73781073123746,-187.8091308717111,1348.2627947079427,14.085684815377252,-18.6553358048428,2.96800800643314e-19
1787278695.4604633,resting,fast,1787278684.5223618,-248.97899927966637,-188.95610734312947,1353.722853389202,14.171708050733688,-18.673424945974645,2.9715044761569846e-19
1787278695.4718251,resting,fast,1787278684.5223618,-248.21995896822182,-189.38126465106018,1352.8573748119206,14.203594848828477,-18.616496922616122,2.974045982420978e-19
1787278695.4828007,resting,fast,1787278684.5223618,-248.71405490029838,-190.37818390336986,1355.1840828008872,14.278363792751666,-18.653554117522354,2.9751273046031606e-19
1787278695.4942353,resting,fast,1787278684.5223618,-248.80067282727896,-188.89883935300725,1353.6247940602452,14.167412951474251,-18.66005046204581,2.9769562651558667e-19
1787278695.505085,resting,fast,1787278684.5223618,-248.66471185331693,-187.09572606535642,1353.9994807127796,14.032179454900632,-18.649853388998466,2.9704371805636576e-19
1787278695.516068,resting,fast,1787278684.5223618,-246.46096516969965,-186.13415538781385,1348.8650828415748,13.960061654084857,-18.484572387727347,2.9669705186779003e-19
1787278695.5280743,resting,fast,1787278684.5223618,-246.75444563378687,-186.38382590159142,1348.5184816448245,13.978786942618346,-18.506583422533993,2.9659621275120806e-19
1787278695.5381534,resting,fast,1787278684.5223618,-247.16882484751886,-187.73074132319982,1346.1389762061672,14.079805599238885,-18.53766186356397,2.9698091640914195e-19
1787278695.5490212,resting,fast,1787278684.5223618,-247.07250756946405,-187.0148226969544,1347.0987098548167,14.02611170227036,-18.53043806770951,2.9678472984178293e-19
1787278695.5605202,resting,fast,1787278684.5223618,-246.93423300666882,-187.86747586851232,1348.797849376565,14.090060690137054,-18.52006747549987,2.970903976749811e-19
1787278695.5714579,resting,fast,1787278684.5223618,-245.666420602402,-185.79603004765625,1347.8576960789187,13.934702253572969,-18.424981545179875,2.9656278681585486e-19
1787278695.5827434,resting,fast,1787278684.5223618,-246.78850843415466,-185.99719866662224,1347.9130598446764,13.94978989999547,-18.50913813256126,2.969239622588268e-19
1787278695.593847,resting,fast,1787278684.5223618,-246.91077160426767,-185.3759763226259,1346.942077964076,13.903198224195894,-18.51830787031993,2.962771886307485e-19
1787278695.6048722,resting,fast,1787278684.5223618,-246.96697937071121,-185.8942768267426,1349.2429012646035,13.942070762004537,-18.52252345280327,2.9674540991981094e-19
1787278695.6159098,resting,fast,1787278684.5223618,-247.21262736835297,-186.0654290685835,1350.010573117267,13.954907180142715,-18.540947052626237,2.9670128202706818e-19
1787278695.6268718,resting,fast,1787278684.5223618,-246.91233776108265,-186.67414665229978,1347.5525008458726,14.00056099892159,-18.518425332081165,2.966882207923827e-19
1787278695.6381228,resting,fast,1787278684.5223618,-248.40913251721622,-188.47916038887172,1347.4749206825027,14.135937029164229,-18.6306849387909,2.965867633217783e-19
1787278695.64919,resting,fast,1787278684.5223618,-246.8008992234022,-187.70047743267708,1344.0970973903195,14.077535807449625,-18.510067441754956,2.961299362655812e-19
1787278695.660277,resting,fast,1787278684.5223618,-247.86093275900885,-187.55802944712752,1350.7640396154302,14.066852208533351,-18.58956995692551,2.9665790280641754e-19
1787278695.6715684,resting,fast,1787278684.5223618,-248.01347887742804,-186.10859900062553,1351.153941693462,13.958144925045804,-18.601010915807016,2.9683447561773205e-19
1787278695.6825564,resting,fast,1787278684.5223618,-248.8578579770715,-186.67382278161665,1353.4302537928115,14.00053670862022,-18.664339348280045,2.9721181676495314e-19
1787278695.6937,resting,fast,1787278684.5223618,-247.53661589532885,-184.62392349588833,1349.5387075239405,13.846794262190276,-18.565246192149523,2.969725280337881e-19
1787278695.7048607,resting,fast,1787278684.5223618,-248.00745087125733,-185.49556365194906,1349.8387963003597,13.912167273895111,-18.600558815344222,2.970190936179181e-19
1787278695.7159376,resting,fast,1787278684.5223618,-247.72301261694474,-185.70000373820687,1348.2195511013697,13.927500280364303,-18.579225946270846,2.970209096069008e-19
1787278695.7270153,resting,fast,1787278684.5223618,-248.076353428512,-187.89619751108228,1346.6987023661413,14.092214813330035,-18.6057265071383,2.969935119948322e-19
1787278695.7379491,resting,fast,1787278684.5223618,-246.84538180584377,-186.61729151032512,1346.841875131201,13.996296863273248,-18.513403635438102,2.971173834425748e-19
1787278695.749171,resting,fast,1787278684.5223618,-247.7977946804226,-186.0330360801064,1348.966100092738,13.952477706006707,-18.584834601031538,2.9707421232157803e-19
1787278695.760365,resting,fast,1787278684.5223618,-247.9058089293726,-185.08621002661482,1351.1613817405005,13.881465751995126,-18.59293566970286,2.9711817695556073e-19
1787278695.7713494,resting,fast,1787278684.5223618,-248.26948813106128,-185.5979867917025,1351.5114506254877,13.919849009376637,-18.620211609829518,2.9704475341864174e-19
1787278695.7825103,resting,fast,1787278684.5223618,-247.68328481871367,-185.67891538456922,1351.299370533493,13.925918653841482,-18.576246361403236,2.9690106586229995e-19
1787278695.7936745,resting,fast,1787278684.5223618,-248.576756030277,-186.07701208067726,1352.3663469123358,13.955775906049656,-18.64325670227072,2.9712457428536043e-19
1787278695.8048491,resting,fast,1787278684.5223618,-248.34776195125733,-185.58288030282995,1351.0686541272962,13.918716022711013,-18.626082146344068,2.9655623669939723e-19
1787278695.8157973,resting,fast,1787278684.5223618,-248.1575454459412,-186.71201215435974,1348.6615772156683,14.003400911575714,-18.611815908445365,2.967024517891158e-19
1787278695.8269892,resting,fast,1787278684.5223618,-247.39658208033916,-188.54010124483477,1343.8204993932077,14.14050759336121,-18.554743656025252,2.9641391605052653e-19
1787278695.83795,resting,fast,1787278684.5223618,-246.8661118468267,-188.95411467879433,1345.5139373333323,14.171558600908302,-18.514958388511822,2.969622157539638e-19
1787278695.849147,resting,fast,1787278684.5223618,-247.03284863835825,-189.45542011760529,1348.1366205279892,14.209156508819195,-18.527463647876807,2.970907747846049e-19
1787278695.860089,resting,fast,1787278684.5223618,-247.6642575778219,-188.2573155274148,1351.4356232202454,14.119298664555235,-18.57481931833624,2.9692181667969147e-19
1787278695.8714705,resting,fast,1787278684.5223618,-246.7182702011155,-187.0717502083927,1346.3058329232726,14.030381265628069,-18.50387026508337,2.9641295781166643e-19
1787278695.8823233,resting,fast,1787278684.5223618,-246.3804741328745,-186.0102283826012,1342.944147182866,13.950767128694157,-18.478535559965664,2.9610109038841823e-19
1787278695.8936052,resting,fast,1787278684.5223618,-245.76717288814007,-184.63040209648977,1345.3883762152518,13.847280157235662,-18.43253796661024,2.9651788669663483e-19
1787278695.9046674,resting,fast,1787278684.5223618,-246.95455792064195,-185.6009497923734,1345.8424294170609,13.920071234426917,-18.52159184404796,2.9650248584318776e-19
1787278695.9157534,resting,fast,1787278684.5223618,-246.95286773192902,-184.66314307557116,1348.7056598082354,13.84973573066664,-18.52146507989459,2.968539578856969e-19
1787278695.9268456,resting,fast,1787278684.5223618,-246.96999941331205,-184.78028617376378,1344.332868326871,13.858521463031241,-18.522749955998222,2.965732333763946e-19
1787278695.9379241,resting,fast,1787278684.5223618,-248.26545840650806,-185.59818329758457,1350.1888418392527,13.919863747317894,-18.61990938048777,2.9720804262944377e-19
1787278695.9490757,resting,fast,1787278684.5223618,-248.34464479085864,-187.059506124598,1351.001145965286,14.029462959343864,-18.625848359314098,2.970472500298239e-19
1787278695.960247,resting,fast,1787278684.5223618,-247.86024034132015,-188.1011255751638,1349.946783674387,14.107584418136089,-18.589518025598785,2.96972812830456e-19
1787278695.9712098,resting,fast,1787278684.5223618,-247.07594747058693,-187.6295335864653,1349.693198051088,14.07221501898363,-18.530696060293927,2.9682892064256213e-19
1787278695.982333,resting,fast,1787278684.5223618,-246.91108805172507,-187.16298627390927,1347.0970534840353,14.037223970542147,-18.518331603879112,2.964608242231314e-19
1787278695.99338,resting,fast,1787278684.5223618,-247.05046688138327,-186.80744769069372,1349.2389905808768,14.010558576800978,-18.52878501610374,2.9675941479676717e-19
1787278696.0044389,resting,fast,1787278684.5223618,-248.36197281289196,-187.20846158911615,1349.8460792399828,14.040634619182558,-18.627147960966525,2.96671514887351e-19
1787278696.0155678,resting,fast,1787278684.5223618,-248.09190683810039,-186.6545120166453,1350.79844014004,13.999088401247437,-18.606893012857263,2.9722964699532023e-19
1787278696.0267174,resting,fast,1787278684.5223618,-248.62208918781062,-187.82141944333273,1348.0603707142973,14.0866064582487,-18.646656689085646,2.9692387967994027e-19
1787278696.037707,resting,fast,1787278684.5223618,-248.46301987385095,-189.12306330990134,1351.589818456764,14.184229748241538,-18.634726490538803,2.9740669427924987e-19
1787278696.0489738,resting,fast,1787278684.5223618,-250.00472439229134,-190.3960888133223,1354.5029210223265,14.27970666099785,-18.750354329421533,2.97680948551978e-19
1787278696.0599182,resting,fast,1787278684.5223618,-250.364225310434,-190.57494651063973,1358.3766148519271,14.293120988296895,-18.777316898282614,2.9819692932321784e-19
1787278696.0711665,resting,fast,1787278684.5223618,-250.36056880748447,-189.97868174275175,1355.7090727078366,14.248401130705123,-18.777042660561136,2.9799400137978505e-19
1787278696.0823774,resting,fast,1787278684.5223618,-249.5600539376669,-188.60066207741636,1354.8891364254823,14.1450496558051,-18.717004045324877,2.9776720653988903e-19
1787278696.0933676,resting,fast,1787278684.5223618,-248.749248931867,-186.934076249874,1353.642677030709,14.020055718739403,-18.656193669889817,2.97777730676272e-19
1787278696.1043591,resting,fast,1787278684.5223618,-247.96159124894666,-184.72325503283025,1351.9428660094063,13.854244127461232,-18.59711934367077,2.975710514836399e-19
1787278696.1155741,resting,fast,1787278684.5223618,-248.70840889046713,-187.0849851266977,1351.4808496979504,14.031373884501367,-18.65313066678486,2.977539501985358e-19
1787278696.1265874,resting,fast,1787278684.5223618,-248.24232545882342,-187.01497809731097,1351.2567914888796,14.026123357297354,-18.618174409411793,2.975552802247094e-19
1787278696.137687,resting,fast,1787278684.5223618,-248.55493933942262,-189.19444081435688,1350.2177926458253,14.18958306107567,-18.641620450456394,2.9744332065928136e-19
1787278696.1488907,resting,fast,1787278684.5223618,-246.44945225982747,-187.49580456834963,1346.9118339153965,14.062185342625003,-18.48370891948715,2.9651107223869415e-19
1787278696.1599536,resting,fast,1787278684.5223618,-246.41607943822828,-186.83368412973834,1344.5690484909837,14.012526309729157,-18.48120595786677,2.963100636663271e-19
1787278696.1710093,resting,fast,1787278684.5223618,-246.2186877525105,-185.29244716344976,1348.5441577322754,13.896933537257656,-18.466401581438014,2.9655741577406896e-19
1787278696.1816869,resting,fast,1787278684.5223618,-248.26386709118879,-185.58139544408584,1352.697052799108,13.918604658305117,-18.619790031838875,2.9740317631415607e-19
1787278696.1929808,resting,fast,1787278684.5223618,-248.5062469901227,-186.84694703454136,1351.8041724416462,14.013521027589551,-18.637968524259144,2.9734158331282404e-19
1787278696.2043781,resting,fast,1787278684.5223618,-250.16300151930636,-188.38506382343132,1353.0225045669004,14.12887978675639,-18.762225113948155,2.974828969024773e-19
1787278696.2154467,resting,fast,1787278684.5223618,-250.1700724843481,-189.2127455666306,1353.0622889528777,14.190955917496172,-18.762755436325868,2.9746374141381925e-19
1787278696.2264752,resting,fast,1787278684.5223618,-250.30398368013584,-189.94142531893942,1354.6637768109804,14.245606898919437,-18.77279877600997,2.974834701588034e-19
1787278696.2375417,resting,fast,1787278684.5223618,-247.68019174214305,-187.49182694866965,1350.6617718039279,14.061887021149108,-18.576014380660652,2.972879896921647e-19
1787278696.2486246,resting,fast,1787278684.5223618,-247.29253648035,-186.12280661974557,1351.4142874064355,13.959210496479972,-18.54694023602618,2.9707351403311095e-19
1787278696.25967,resting,fast,1787278684.5223618,-248.2319575050119,-185.88323860295588,1352.2873566586031,13.941242895220828,-18.617396812875704,2.971234610460512e-19
1787278696.2708867,resting,fast,1787278684.5223618,-249.07162076206032,-186.91806720296893,1350.3532540186143,14.018855040221343,-18.680371557154125,2.9692535719312817e-19
1787278696.2820375,resting,fast,1787278684.5223618,-249.74056714909466,-188.1292434172925,1348.8781377714977,14.109693256295731,-18.730542536181943,2.9683048111599783e-19
1787278696.2930222,resting,fast,1787278684.5223618,-249.0904870304471,-187.8503646560588,1350.4794793547453,14.08877734920333,-18.68178652728335,2.9678593713956805e-19
1787278696.3037498,resting,fast,1787278684.5223618,-250.86857147476303,-189.66162997999174,1355.1328834048736,14.22462224849841,-18.815142860607274,2.971226113210547e-19
1787278696.3150556,resting,fast,1787278684.5223618,-250.86959648422408,-188.2078346576135,1354.7465226144823,14.115587599319785,-18.815219736316642,2.971528204310029e-19
1787278696.3260527,resting,fast,1787278684.5223618,-249.31520095846963,-187.01263085027438,1350.6204048311856,14.025947313769326,-18.698640071884974,2.969059882334839e-19
1787278696.3375065,resting,fast,1787278684.5223618,-246.23031781626332,-185.4389084866708,1348.5289866005742,13.90791813649911,-18.467273836219483,2.96974063592126e-19
1787278696.3487084,resting,fast,1787278684.5223618,-244.9086230849848,-186.90898744759545,1346.526521949795,14.01817405856831,-18.36814673137372,2.9674995786092204e-19
1787278696.3599174,resting,fast,1787278684.5223618,-247.19442609578937,-188.31255164238667,1350.2236908041968,14.123441373177815,-18.539581957184133,2.970665455545461e-19
1787278696.3709254,resting,fast,1787278684.5223618,-248.6580495378289,-187.71444787596636,1350.0670892365315,14.078583590696429,-18.64935371533712,2.970283538694166e-19
1787278696.382007,resting,fast,1787278684.5223618,-249.0959451868507,-186.44013730708036,1354.280859053827,13.983010298029843,-18.682195889013656,2.97421217926566e-19
1787278696.3930814,resting,fast,1787278684.5223618,-248.58624665601428,-186.28514509623926,1354.6161932141722,13.971385882216982,-18.643968499200938,2.975118576644004e-19
1787278696.4040992,resting,fast,1787278684.5223618,-247.65093218949596,-187.75577193411175,1353.9318359801082,14.081682895057359,-18.573819914212052,2.972764804906217e-19
1787278696.4152167,resting,fast,1787278684.5223618,-246.93040729923678,-188.33566153600657,1347.4809646461626,14.125174615199104,-18.519780547442664,2.967680407310905e-19
1787278696.4264069,resting,fast,1787278684.5223618,-247.06122885364994,-188.24319313956732,1350.2336640935146,14.118239485466479,-18.529592164023498,2.970421004815907e-19
1787278696.4373631,resting,fast,1787278684.5223618,-248.0038049806558,-186.34593486146366,1351.083742142334,13.975945114608738,-18.60028537354917,2.971519592398151e-19
1787278696.4484134,resting,fast,1787278684.5223618,-248.53837109218375,-186.65814572028023,1354.8497928199768,13.999360929019918,-18.64037783191376,2.9738597583104286e-19
1787278696.459595,resting,fast,1787278684.5223618,-249.15516095836892,-186.71241260800036,1351.74605068025,14.003430945599153,-18.68663707187754,2.9702296277744043e-19
1787278696.470625,resting,fast,1787278684.5223618,-250.52422458730734,-188.31585029131236,1358.3819474496677,14.123688771847473,-18.789316844047967,2.974005479088072e-19
1787278696.4817572,resting,fast,1787278684.5223618,-250.12211263502786,-188.06339168055695,1358.145403793721,14.104754376040734,-18.75915844762676,2.9755588137875415e-19
1787278696.4928682,resting,fast,1787278684.5223618,-249.00881528325363,-186.6441854935175,1357.0467591936458,13.998313912012595,-18.67566114624386,2.975427784414806e-19
1787278696.503813,resting,fast,1787278684.5223618,-247.65061506212942,-185.97480399476365,1349.1672094097366,13.948110299606046,-18.573796129659613,2.97028650581128e-19
1787278696.5151916,resting,fast,1787278684.5223618,-248.47218929804285,-186.34074264913977,1348.8311660886347,13.975555698684278,-18.635414197353306,2.968271455665181e-19
1787278696.5263047,resting,fast,1787278684.5223618,-248.91285364424084,-188.22820323562917,1350.315007350834,14.117115242671236,-18.66846402331781,2.9699849683091e-19
1787278696.537376,resting,fast,1787278684.5223618,-249.38006603293115,-189.1270300386351,1352.1089770723602,14.184527252896462,-18.703504952469714,2.974170596705889e-19
1787278696.548567,resting,fast,1787278684.5223618,-248.92286096996622,-190.02611041433113,1346.9578441263848,14.25195828107353,-18.669214572747293,2.970377116157171e-19
1787278696.5595753,resting,fast,1787278684.5223618,-248.80749705078188,-190.24404313550588,1346.1448503473903,14.268303235161856,-18.66056227880857,2.9667248550204337e-19
1787278696.5706856,resting,fast,1787278684.5223618,-248.2259706429536,-188.7895607938118,1346.4025067515113,14.159217059534544,-18.616947798221403,2.9615444921765227e-19
1787278696.5818596,resting,fast,1787278684.5223618,-248.64352441066558,-188.03402026589958,1352.4689586081213,14.10255151994129,-18.64826433079965,2.967315984280912e-19
1787278696.5929291,resting,fast,1787278684.5223618,-248.35730983135863,-187.57344613909538,1352.9110438553716,14.068008460431106,-18.626798237351814,2.9684136530947323e-19
1787278696.6039271,resting,fast,1787278684.5223618,-248.76320111871655,-190.06899772338681,1351.0458539825459,14.25517482925284,-18.657240083903574,2.968577813591486e-19
1787278696.6151443,resting,fast,1787278684.5223618,-248.05671453963487,-187.78365674393933,1351.2272873402426,14.083774255794314,-18.60425359047234,2.966674964233035e-19
1787278696.6261744,resting,fast,1787278684.5223618,-248.03834168230105,-187.72082003502226,1348.0406595960822,14.079061502625468,-18.60287562617244,2.96730632687817e-19
1787278696.6372728,resting,fast,1787278684.5223618,-247.7351745113906,-186.62708926530206,1349.5197542590658,13.99703169489678,-18.58013808835419,2.969154231965682e-19
1787278696.6484091,resting,fast,1787278684.5223618,-247.31346418402836,-188.2713398916984,1345.4283476505507,14.120350491876298,-18.54850981380183,2.966123521498885e-19
1787278696.6593451,resting,fast,1787278684.5223618,-247.23647638584907,-187.22852046020478,1347.14560459722,14.04213903451424,-18.542735728938247,2.960449378047768e-19
1787278696.6704633,resting,fast,1787278684.5223618,-246.86017630453034,-187.908526616848,1344.2976789026843,14.093139496262243,-18.514513222839653,2.958361225821162e-19
1787278696.6816912,resting,fast,1787278684.5223618,-247.83148767901503,-188.34099320204757,1347.9550972123407,14.125574490152292,-18.587361575926067,2.961040604581691e-19
1787278696.6926796,resting,fast,1787278684.5223618,-247.54396981997297,-187.8474072538512,1349.0914949853004,14.08855554403775,-18.565797736497544,2.9658052817895135e-19
1787278696.7038252,resting,fast,1787278684.5223618,-247.083410304092,-185.85464332763456,1349.4243580496595,13.939098249571433,-18.531255772806638,2.962741908905986e-19
1787278696.7148778,resting,fast,1787278684.5223618,-247.3581299001994,-186.1965320668029,1350.1285904086299,13.964739905008972,-18.551859742514687,2.96647482243229e-19
1787278696.7259557,resting,fast,1787278684.5223618,-247.45091361300229,-187.81376576025798,1351.9042820950644,14.086032432017863,-18.558818520975002,2.9695757939928805e-19
1787278696.7371724,resting,fast,1787278684.5223618,-247.7386625313361,-188.20092247223067,1349.3798628533305,14.11506918541615,-18.58039968985006,2.970833584394719e-19
1787278696.7482421,resting,fast,1787278684.5223618,-247.542422001477,-187.32623911387338,1349.9285616845855,14.049467933539407,-18.56568165011059,2.96822780236487e-19
1787278696.7594597,resting,fast,1787278684.5223618,-248.74963580936628,-187.8619058292296,1350.648986986128,14.08964293719136,-18.656222685702254,2.9673255673874555e-19
1787278696.7704592,resting,fast,1787278684.5223618,-249.8612763821252,-189.5485444857967,1354.2396519012082,14.216140836433684,-18.73959572865894,2.970805551908577e-19
1787278696.7815309,resting,fast,1787278684.5223618,-249.61303864594493,-188.18127087077698,1350.111012896662,14.113595315306998,-18.720977898445746,2.965489376505511e-19
1787278696.7927327,resting,fast,1787278684.5223618,-249.7696404109588,-187.1402060919903,1351.5745438897748,14.035515456897915,-18.732723030821568,2.9666563557856076e-19
1787278696.8038716,resting,fast,1787278684.5223618,-249.20298243739808,-186.0020072773135,1351.4446200660996,13.950150545797317,-18.690223682804707,2.9645895148287505e-19
1787278696.8149414,resting,fast,1787278684.5223618,-249.45758583212637,-188.71407037734696,1352.5553626941373,14.153555278300107,-18.709318937409414,2.9695872952078143e-19
1787278696.82606,resting,fast,1787278684.5223618,-249.29133419367236,-188.96088387127713,1349.7008494988668,14.17206629034455,-18.696850064525435,2.9676044319323245e-19
1787278696.837144,resting,fast,1787278684.5223618,-249.04532960925326,-188.4624764127019,1348.9294260754223,14.134685730951237,-18.67839972069372,2.9662979698382573e-19
1787278696.848208,resting,fast,1787278684.5223618,-249.74708420373418,-188.42026537124127,1353.2815037039281,14.131519902842175,-18.73103131528002,2.968779764509802e-19
1787278696.8592308,resting,fast,1787278684.5223618,-250.02536469683446,-189.75152375079062,1354.236848553025,14.231364281307936,-18.7519023522623,2.9696098668404623e-19
1787278696.8699076,resting,fast,1787278684.5223618,-248.5686842046548,-189.61768503932547,1356.3754296281068,14.221326377948277,-18.642651315348886,2.9672061640106164e-19
1787278696.8812246,resting,fast,1787278684.5223618,-246.24926539899798,-188.5534028208316,1345.2985751106362,14.141505211561086,-18.468694904924625,2.9606318969826036e-19
1787278696.8925736,resting,fast,1787278684.5223618,-245.09041148252572,-187.82136326868124,1343.4730869968598,14.086602245149965,-18.38178086118932,2.9592208216544977e-19
1787278696.9036624,resting,fast,1787278684.5223618,-246.79248407168734,-187.95123100002832,1345.5087363769771,14.096342325001007,-18.50943630537639,2.9655530488444485e-19
1787278696.914707,resting,fast,1787278684.5223618,-248.92495220867522,-189.43767531308947,1355.7967210460001,14.207825648480696,-18.669371415650645,2.971740880304504e-19
1787278696.9258842,resting,fast,1787278684.5223618,-248.8743402052046,-187.41617000336885,1355.848503417329,14.056212750251465,-18.665575515390238,2.9705679353929687e-19
1787278696.9370332,resting,fast,1787278684.5223618,-248.6648497145493,-188.1245945846607,1353.4389728221222,14.10934459384848,-18.649863728590965,2.9710547475332135e-19
1787278696.948072,resting,fast,1787278684.5223618,-248.53971786381453,-187.63914048950699,1349.336780381117,14.072935536712013,-18.640478839785814,2.9672273135750176e-19
1787278696.9592416,resting,fast,1787278684.5223618,-250.01836715153922,-188.39110503047584,1357.4323968650142,14.129332877284444,-18.751377536365403,2.976527420442957e-19
1787278696.970205,resting,fast,1787278684.5223618,-250.44047060448747,-188.7335516886984,1360.8536027759428,14.15501637665135,-18.783035295336212,2.977990875531121e-19
1787278696.9814792,resting,fast,1787278684.5223618,-250.5123859200171,-188.46140149859332,1365.1090091801952,14.134605112393277,-18.78842894400107,2.9803549459945716e-19
1787278696.9924383,resting,fast,1787278684.5223618,-249.5446936532112,-188.30257078461602,1360.1284456121548,14.122692808845006,-18.715852023990593,2.9749781489852943e-19
1787278697.003561,resting,fast,1787278684.5223618,-249.91764572170587,-188.14607750742846,1359.0038023874886,14.110955813056027,-18.743823429127836,2.970628951141415e-19
1787278697.0146213,resting,fast,1787278684.5223618,-249.02728594232076,-186.78193379860284,1357.9569234736327,14.008645034893892,-18.677046445673902,2.9714952175686355e-19
1787278697.025756,resting,fast,1787278684.5223618,-249.34609420648258,-187.55381195346342,1360.0904097405028,14.066535896508771,-18.700957065485866,2.9715753623903257e-19
1787278697.0367987,resting,fast,1787278684.5223618,-248.79414363455953,-187.24593948267045,1357.911900406555,14.04344546119906,-18.659560772591746,2.9728643505004313e-19
1787278697.048015,resting,fast,1787278684.5223618,-248.61739956246447,-187.9222757490212,1354.8703935245658,14.094170681175587,-18.64630496718467,2.971037363833874e-19
1787278697.0591288,resting,fast,1787278684.5223618,-246.61127016983528,-188.84771001493266,1347.9511047704354,14.163578251119052,-18.495845262737518,2.9691911707174726e-19
1787278697.0701082,resting,fast,1787278684.5223618,-247.04991862716406,-191.42940528591123,1347.6733580075152,14.357205396442101,-18.528743897037167,2.970855984738892e-19
1787278697.0813348,resting,fast,1787278684.5223618,-247.2748782874428,-191.6584936614853,1349.1419106941203,14.374387024610332,-18.545615871558063,2.975175050289953e-19
1787278697.0920901,resting,fast,1787278684.5223618,-249.5424500572467,-190.18040286310213,1352.7863931332258,14.263530214731535,-18.715683754293252,2.9738542556027294e-19
1787278697.103515,resting,fast,1787278684.5223618,-248.6184474362658,-186.2854319597899,1355.7306945244227,13.971407396983114,-18.646383557719894,2.972748196277762e-19
1787278697.11473,resting,fast,1787278684.5223618,-248.33925857456916,-185.7209256403811,1353.354675588941,13.929069423027432,-18.625444393092558,2.965259651495648e-19
1787278697.1257424,resting,fast,1787278684.5223618,-247.03878458675763,-184.54588051939834,1351.5327735347828,13.84094103895389,-18.52790884400674,2.965674767195494e-19
1787278697.1364558,resting,fast,1787278684.5223618,-246.65283556127497,-186.08209142213502,1346.9885470748604,13.956156856659081,-18.49896266709554,2.964763123472946e-19
1787278697.1478539,resting,fast,1787278684.5223618,-247.6911676609284,-186.79754330688922,1353.336268566546,14.009815748015416,-18.576837574569247,2.975640598939899e-19
1787278697.1590292,resting,fast,1787278684.5223618,-247.98689998462714,-188.3670316662343,1355.0888039057418,14.127527374966409,-18.599017498846834,2.979403688749782e-19
1787278697.1701155,resting,fast,1787278684.5223618,-248.34472205387783,-188.56708697825331,1354.6697246182039,14.142531523367683,-18.625854154040503,2.982551820896331e-19
1787278697.1812804,resting,fast,1787278684.5223618,-247.8430753421876,-188.15406903827136,1352.2368173250152,14.111555177869224,-18.588230650663867,2.9764580090357553e-19
1787278697.192342,resting,fast,1787278684.5223618,-248.98217678830997,-188.05860151221293,1355.7665299564587,14.10439511341507,-18.673663259123153,2.979904056328153e-19
1787278697.203521,resting,fast,1787278684.5223618,-249.67458062377273,-188.31366955019473,1356.0202265519029,14.12352521626342,-18.725593546782775,2.9782664389096897e-19
1787278697.2170527,resting,fast,1787278684.5223618,-250.5911047725881,-188.89494483943292,1358.2137300952809,14.167120862956427,-18.794332857944084,2.9806390440727748e-19
1787278697.2256207,resting,fast,1787278684.5223618,-249.25197858008005,-187.7813763759665,1353.189222704269,14.0836032281962,-18.69389839350589,2.9722283266445125e-19
1787278697.2367773,resting,fast,1787278684.5223618,-248.8747434979855,-187.08198672159108,1353.7378981426345,14.031149004118095,-18.66560576234891,2.9708489270630755e-19
1787278697.2478294,resting,fast,1787278684.5223618,-247.84087466622032,-186.9372271705173,1351.021279712776,14.020292037787673,-18.588065599966463,2.966814547121307e-19
1787278697.2588937,resting,fast,1787278684.5223618,-247.36785308365734,-186.92812131947278,1349.1845425145411,14.019609098959197,-18.552588981274234,2.967461040676005e-19
1787278697.2699432,resting,fast,1787278684.5223618,-246.36197391299766,-185.93992808258588,1347.3436471639006,13.945494606192671,-18.477148043474706,2.963701580142801e-19
1787278697.281021,resting,fast,1787278684.5223618,-247.72974141663008,-185.91388633345275,1349.6297391975213,13.94354147500798,-18.579730606247026,2.967164776170702e-19
1787278697.292172,resting,fast,1787278684.5223618,-249.17952515710795,-187.06881280998334,1355.2046303577818,14.030160960747626,-18.688464386782798,2.971352977087114e-19
1787278697.3032548,resting,fast,1787278684.5223618,-250.2410824683343,-187.4746113973432,1356.882419048493,14.06059585479959,-18.768081185124863,2.9728545372066505e-19
1787278697.3145466,resting,fast,1787278684.5223618,-249.20263008155098,-187.41219062192215,1352.636240172048,14.055914296643042,-18.6901972561162,2.9694492754679314e-19
1787278697.3255596,resting,fast,1787278684.5223618,-248.45316696885448,-187.025077206864,1346.7728938235477,14.026880790513761,-18.633987522663865,2.9617508492887434e-19
1787278697.3365934,resting,fast,1787278684.5223618,-248.7330033920266,-187.44061688719592,1351.6942487550377,14.058046266538529,-18.654975254401684,2.967514945988882e-19
1787278697.3476608,resting,fast,1787278684.5223618,-248.09235049091467,-187.1041592423611,1353.8924515700373,14.032811943175961,-18.606926286818307,2.9648989056385343e-19
1787278697.3588092,resting,fast,1787278684.5223618,-248.8713662130308,-187.09072528490572,1358.6420935242086,14.031804396366656,-18.66535246597713,2.971821660322484e-19
1787278697.3699896,resting,fast,1787278684.5223618,-248.04105993990515,-186.1738500163841,1355.4590468875094,13.963038751227689,-18.603079495492587,2.966666153670233e-19
1787278697.3826575,resting,fast,1787278684.5223618,-248.99057106146347,-185.54501861695064,1358.5319421820814,13.91587639627014,-18.67429282960959,2.973371779978368e-19
1787278697.392075,resting,fast,1787278684.5223618,-248.98192143754432,-186.6899543707176,1357.056355041309,14.001746577802553,-18.673644107815775,2.975515995893685e-19
1787278697.403198,resting,fast,1787278684.5223618,-248.15674760102456,-186.5444905692267,1352.8070106542136,13.990836792690889,-18.61175607007688,2.9731852575299265e-19
1787278697.4170914,resting,fast,1787278684.5223618,-247.00800775629568,-186.01233766499956,1348.7493923449083,13.950925324873825,-18.52560058172196,2.970349948573475e-19
1787278697.4250453,resting,fast,1787278684.5223618,-246.6571523946609,-185.53426408938492,1349.6107573498402,13.91506980670265,-18.499286429599564,2.9673865870055613e-19
1787278697.4360774,resting,fast,1787278684.5223618,-247.6165238391245,-187.55588107961978,1350.9851461067983,14.066691080970191,-18.571239287934212,2.9703447238583056e-19
1787278697.4474618,resting,fast,1787278684.5223618,-247.97027660856975,-187.85247543898083,1348.9206467005488,14.088935657922693,-18.597770745642705,2.9683159458542735e-19
1787278697.4587083,resting,fast,1787278684.5223618,-247.8696109350053,-188.3298646517893,1347.4082197571124,14.124739848882971,-18.590220820124998,2.9678027805562744e-19
1787278697.469829,resting,fast,1787278684.5223618,-248.07875475663377,-188.1154385497697,1350.221670129281,14.108657891231719,-18.605906606747318,2.968517864019653e-19
1787278697.4828613,resting,fast,1787278684.5223618,-248.34908253665571,-189.35898771245945,1350.9678289273152,14.201924078433397,-18.62618119024888,2.969662123322773e-19
1787278697.4918578,resting,fast,1787278684.5223618,-247.22061345856446,-188.18605295910186,1347.6455768737624,14.11395397193144,-18.54154600939217,2.9669154609746374e-19
1787278697.502962,resting,fast,1787278684.5223618,-246.6880053923146,-188.1188685929568,1345.4351017172585,14.108915144470576,-18.5016004044232,2.966720676213387e-19
1787278697.5162508,resting,fast,1787278684.5223618,-246.25269972135493,-188.3308440709178,1343.7796785388427,14.124813305317506,-18.46895247910158,2.966434189096189e-19
1787278697.524969,resting,fast,1787278684.5223618,-247.92288152760239,-188.45196898970028,1347.0146662345423,14.133897674226464,-18.59421611457018,2.9698420394573184e-19
1787278697.5362868,resting,fast,1787278684.5223618,-248.8464735026705,-189.67382878698288,1348.6404069854807,14.225537159022355,-18.663485512700028,2.9724289914249704e-19
1787278697.5494895,resting,fast,1787278684.5223618,-250.41502924267252,-189.29408161915524,1355.1982711251158,14.197056121435498,-18.781127193200284,2.975916782672486e-19
1787278697.5585854,resting,fast,1787278684.5223618,-250.06616741919743,-190.20934504990817,1354.866456216644,14.265700878742084,-18.754962556439544,2.970958866020318e-19
1787278697.5697029,resting,fast,1787278684.5223618,-249.71150002913282,-187.2114898208839,1356.0484158899226,14.040861736565095,-18.728362502184723,2.967428024966576e-19
1787278697.5828102,resting,fast,1787278684.5223618,-249.09291697960498,-186.79599355737525,1351.1406347524035,14.00969951680202,-18.681968773470025,2.9626724906454147e-19
1787278697.5919373,resting,fast,1787278684.5223618,-248.34457396708012,-185.78259129469836,1349.3601418211156,13.933694347101355,-18.625843047530893,2.962623212987091e-19
1787278697.602962,resting,fast,1787278684.5223618,-247.38917566820282,-185.8026805027606,1346.6270608636669,13.935201037705813,-18.554188175115165,2.960926576683876e-19
1787278697.6159008,resting,fast,1787278684.5223618,-247.41762948614678,-186.34473781547092,1348.6630116782171,13.975855336159047,-18.55632221146076,2.9634598826054063e-19
1787278697.6252315,resting,fast,1787278684.5223618,-248.1097687263823,-186.39382535123457,1349.863734161473,13.979536901341621,-18.60823265447864,2.9665124347439703e-19
1787278697.6363583,resting,fast,1787278684.5223618,-248.05353279170276,-186.35480914254106,1348.5509493083746,13.976610685689398,-18.60401495937743,2.965524630654788e-19
1787278697.6487126,resting,fast,1787278684.5223618,-246.98973360471928,-184.7018028686672,1350.0502427400743,13.852635215149025,-18.52423002035367,2.96568359735395e-19
1787278697.6582458,resting,fast,1787278684.5223618,-247.3874204071958,-184.9358632502175,1350.0122031980018,13.870189743765184,-18.554056530539654,2.9677377451968737e-19
1787278697.6695898,resting,fast,1787278684.5223618,-247.6382159922773,-185.1726463936319,1351.7615548414842,13.887948479521345,-18.572866199420687,2.9679513505928666e-19
1787278697.6812613,resting,fast,1787278684.5223618,-248.72482157162403,-187.1469244955041,1350.9469755740056,14.036019337161807,-18.654361617871572,2.9677661909578257e-19
1787278697.6918194,resting,fast,1787278684.5223618,-247.68492911345174,-188.46591407325548,1347.3208988112046,14.13494355549297,-18.576369683508588,2.9629471407759587e-19
1787278697.7029817,resting,fast,1787278684.5223618,-247.50657292895767,-189.0192140136695,1346.733078202601,14.176441051023918,-18.56299296967154,2.9643168310397636e-19
1787278697.7155433,resting,fast,1787278684.5223618,-246.74672158663498,-187.05905273337123,1344.7866643404204,14.029428955001737,-18.506004118997424,2.963423331740388e-19
1787278697.7250526,resting,fast,1787278684.5223618,-246.4167914310342,-186.25905067018368,1346.660843187311,13.96942880026268,-18.481259357327254,2.9657182079245655e-19
1787278697.7361863,resting,fast,1787278684.5223618,-247.66041744503445,-187.59862960462362,1347.4848229246008,14.069897220345684,-18.57453130837733,2.970316985417418e-19
1787278697.749477,resting,fast,1787278684.5223618,-248.60569138608798,-189.69395600209884,1352.248113922321,14.227046700156539,-18.64542685395672,2.975463484020707e-19
1787278697.7584584,resting,fast,1787278684.5223618,-249.2141755089201,-189.3744243452137,1355.789556600289,14.203081825889885,-18.691063163168785,2.9760356588006036e-19
1787278697.769895,resting,fast,1787278684.5223618,-248.44433005351266,-188.78303763127508,1354.578225517941,14.158727822344364,-18.633324754013152,2.974392791217411e-19
1787278697.7831051,resting,fast,1787278684.5223618,-248.70104130150094,-188.41244451176806,1350.2461145236239,14.130933338381414,-18.652578097612512,2.9699690569334236e-19
1787278697.7916527,resting,fast,1787278684.5223618,-248.55132436741724,-188.86367437924412,1348.230696913538,14.16477557844232,-18.64134932755603,2.97053159574993e-19
1787278697.802917,resting,fast,1787278684.5223618,-248.9609258263922,-187.8111241244261,1351.2358330519428,14.085834309330796,-18.67206943697927,2.96992850382984e-19
1787278697.813859,resting,fast,1787278684.5223618,-247.9919636642867,-187.85202530850881,1350.0435752490275,14.088901898137056,-18.599397274821293,2.9687596706852282e-19
1787278697.8251524,resting,fast,1787278684.5223618,-248.31040178305147,-189.06936679347166,1349.1350740305343,14.180202509509446,-18.623280133728812,2.9674677946129147e-19
1787278697.8361826,resting,fast,1787278684.5223618,-248.6536388991185,-192.01515853884223,1346.6261198138973,14.401136890412022,-18.649022917433683,2.9666674825513057e-19
1787278697.8473148,resting,fast,1787278684.5223618,-248.28338722244234,-192.22056120274476,1349.180981042212,14.41654209020486,-18.621254041683024,2.969459719324068e-19
1787278697.8584034,resting,fast,1787278684.5223618,-249.04341666606024,-190.7985404724335,1351.7429506632516,14.309890535431553,-18.678256249954195,2.9682077379767084e-19
1787278697.8695385,resting,fast,1787278684.5223618,-249.40798573525944,-188.76661824247446,1357.2083824737501,14.157496368184514,-18.7055989301441,2.973225360738488e-19
1787278697.880591,resting,fast,1787278684.5223618,-249.86124923328816,-188.0178008683057,1358.4523521691108,14.101335065122047,-18.739593692496456,2.9739916161448636e-19
1787278697.891616,resting,fast,1787278684.5223618,-249.20952215578882,-188.14665851393,1360.3829789854399,14.11099938854358,-18.690714161684028,2.979494904275e-19
1787278697.9027576,resting,fast,1787278684.5223618,-248.85078092102458,-186.42455866115108,1357.1209505865563,13.98184189958521,-18.6638085690767,2.974272155363831e-19
1787278697.913895,resting,fast,1787278684.5223618,-250.15890866666678,-187.8742901006325,1355.3037545813595,14.090571757546488,-18.76191815000002,2.9743326918617804e-19
1787278697.9248776,resting,fast,1787278684.5223618,-250.6838295153143,-187.8952758479437,1353.3351374474069,14.092145688594673,-18.801287213648337,2.973174153420204e-19
1787278697.9360583,resting,fast,1787278684.5223618,-250.89539007009307,-189.93188954208688,1354.6444520728319,14.244891715655346,-18.817154255256803,2.9728843785868357e-19
1787278697.9471154,resting,fast,1787278684.5223618,-249.60165718340113,-188.62965625457525,1355.1767234425506,14.147224219091829,-18.720124288754924,2.9705120042621874e-19
1787278697.958199,resting,fast,1787278684.5223618,-249.81316631031905,-188.86331408151875,1359.5694448283493,14.164748556112844,-18.73598747327369,2.9740656456203024e-19
1787278697.9695783,resting,fast,1787278684.5223618,-249.1604628348182,-187.78625604693264,1355.9420290379176,14.083969203518823,-18.687034712611087,2.973908209876507e-19
1787278697.9801075,resting,fast,1787278684.5223618,-249.7946838706016,-188.0519137712687,1356.8011673037627,14.103893532844115,-18.73460129029491,2.9777535557716325e-19
1787278697.9910376,resting,fast,1787278684.5223618,-248.69786883889765,-187.48919398181022,1345.7185943926079,14.061689548634494,-18.65234016291693,2.9686376100222717e-19
1787278698.002222,resting,fast,1787278684.5223618,-250.28069942897446,-189.2448697807796,1352.117961687588,14.19336523355712,-18.771052457172736,2.9724206521954464e-19
1787278698.0136323,resting,fast,1787278684.5223618,-249.83240006767983,-189.2663415737028,1355.0172221963012,14.194975618026351,-18.737430005075815,2.9742530416927824e-19
1787278698.0247972,resting,fast,1787278684.5223618,-250.2967100292185,-189.8776920994968,1360.605075485325,14.240826907461187,-18.772253252191142,2.975077623713913e-19
1787278698.0357783,resting,fast,1787278684.5223618,-247.65262207956266,-187.32822977065678,1352.7689699837765,14.04961723279823,-18.573946655967056,2.972078788352559e-19
1787278698.0469356,resting,fast,1787278684.5223618,-246.62655883215893,-187.10751032598625,1346.925449479454,14.033063274447702,-18.49699191241158,2.9661840259561682e-19
1787278698.0580847,resting,fast,1787278684.5223618,-247.275553495881,-186.8807365905776,1350.9462643119668,14.016055244292236,-18.545666512190806,2.97273949140062e-19
1787278698.0692413,resting,fast,1787278684.5223618,-248.63217188065437,-188.95249202759567,1353.7476715740258,14.171436902068724,-18.64741289104898,2.972995289529534e-19
1787278698.0803132,resting,fast,1787278684.5223618,-249.36133925944023,-188.79226914513436,1352.5821316713236,14.159420185883963,-18.702100444457912,2.972682285656909e-19
1787278698.091087,resting,fast,1787278684.5223618,-249.60105448253262,-187.6492852052296,1354.1271277355017,14.07369639039121,-18.720079086189727,2.971805771009271e-19
1787278698.102292,resting,fast,1787278684.5223618,-250.07631776575226,-187.84263676729677,1358.2803774834747,14.088197757546158,-18.755723832431315,2.9759000027903136e-19
1787278698.1136672,resting,fast,1787278684.5223618,-249.90428550832667,-187.28949990690728,1358.158149103453,14.046712493016972,-18.742821413124247,2.97344717737082e-19
1787278698.1246793,resting,fast,1787278684.5223618,-248.7444077645273,-188.88761472096837,1354.713139162578,14.166571104071298,-18.655830582339227,2.974597671293401e-19
1787278698.1357255,resting,fast,1787278684.5223618,-248.5019994496556,-188.37789202530723,1351.995286840728,14.128341901896977,-18.637649958724346,2.9720572454456593e-19
1787278698.1469262,resting,fast,1787278684.5223618,-247.92107686741792,-188.87237658773245,1350.7151046166155,14.165428244078715,-18.59408076505641,2.9701930096595757e-19
1787278698.1580377,resting,fast,1787278684.5223618,-248.6874675493059,-187.24953539845376,1351.3423389744503,14.043715154882793,-18.651560066197767,2.9615577545603994e-19
1787278698.1691115,resting,fast,1787278684.5223618,-247.65961532596293,-186.7173327272959,1348.5687452801676,14.003799954546114,-18.574471149447056,2.9613208061631564e-19
1787278698.1802127,resting,fast,1787278684.5223618,-248.60597484811615,-186.9909587921328,1352.6921878529274,14.02432190940873,-18.645448113608516,2.9660146879380646e-19
1787278698.1912637,resting,fast,1787278684.5223618,-249.03428242290875,-189.09588133019417,1354.9168633791878,14.182191099763518,-18.677571181718093,2.977209987981376e-19
1787278698.2024002,resting,fast,1787278684.5223618,-250.06494878007425,-189.55515125965633,1357.3465692331383,14.216636344473233,-18.75487115850533,2.976433543172874e-19
1787278698.213549,resting,fast,1787278684.5223618,-249.58607256572168,-188.19654834924438,1359.6090483413873,14.11474112619219,-18.718955442428957,2.9795100881344515e-19
1787278698.2245667,resting,fast,1787278684.5223618,-249.74035479825443,-187.4530323889477,1357.1566939953273,14.058977429169918,-18.730526609868903,2.973861365000912e-19
1787278698.2356613,resting,fast,1787278684.5223618,-249.3187770698728,-187.86101766191325,1353.5301978093512,14.089576324642497,-18.698908280240296,2.971281070894257e-19
1787278698.2468476,resting,fast,1787278684.5223618,-249.54417166548274,-188.84000194371527,1349.5291078385208,14.163000145777549,-18.715812874911038,2.9647999141074655e-19
1787278698.2577827,resting,fast,1787278684.5223618,-248.96692474897145,-188.73006867959032,1348.94334056354,14.154755150967933,-18.672519356172373,2.963673331967909e-19
1787278698.26879,resting,fast,1787278684.5223618,-249.32639524972956,-187.5592201320693,1351.8843800445402,14.06694150990393,-18.699479643729553,2.9650844534496723e-19
1787278698.2800434,resting,fast,1787278684.5223618,-249.67098494977154,-188.00892709340735,1353.0504341473015,14.100669532004478,-18.725323871232746,2.9674464997972767e-19
1787278698.2909737,resting,fast,1787278684.5223618,-249.58080871524044,-187.20816872061062,1353.0959345780657,14.040612654044697,-18.71856065364272,2.965186748163873e-19
1787278698.3021567,resting,fast,1787278684.5223618,-251.02478997770186,-188.29150735157202,1359.1980216195743,14.121863051366677,-18.826859248327587,2.9702058769562154e-19
1787278698.3133578,resting,fast,1787278684.5223618,-250.37556137129513,-186.31936332997145,1358.5723167012939,13.973952249746848,-18.778167102846893,2.9682408542578235e-19
1787278698.3243504,resting,fast,1787278684.5223618,-251.02637222139901,-186.58052181977644,1359.7547023612506,13.993539136481946,-18.826977916604633,2.9727424348621354e-19
1787278698.3354752,resting,fast,1787278684.5223618,-249.67189619932606,-186.05200325953126,1354.5983263138796,13.953900244463714,-18.72539221494923,2.9702513079874597e-19
1787278698.346445,resting,fast,1787278684.5223618,-249.56876538394818,-187.63573160202043,1355.6566101975905,14.072679870150086,-18.717657403795947,2.9747882836663576e-19
1787278698.3577542,resting,fast,1787278684.5223618,-249.213163155026,-187.50969113369467,1357.1407550096783,14.063226835026061,-18.690987236626903,2.977329860576872e-19
1787278698.3693008,resting,fast,1787278684.5223618,-248.18474832997208,-186.0315376116024,1352.2383500236165,13.952365320868982,-18.613856124747677,2.9725911851585e-19
1787278698.3795962,resting,fast,1787278684.5223618,-248.45642598892255,-186.33674956404536,1353.1044833192454,13.97525621730222,-18.634231949169035,2.9748927565703323e-19
1787278698.3908944,resting,fast,1787278684.5223618,-247.56456212257808,-186.5134459097768,1350.2272932106252,13.988508443231897,-18.567342159193366,2.971796409549344e-19
1787278698.402182,resting,fast,1787278684.5223618,-248.86356028197542,-188.3611326647707,1355.6881936454693,14.127084949856698,-18.664767021148045,2.975478570525975e-19
1787278698.4132223,resting,fast,1787278684.5223618,-248.94941376146153,-188.5630589294243,1352.6315865233564,14.14222941970569,-18.67120603210948,2.9692427920872252e-19
1787278698.4243658,resting,fast,1787278684.5223618,-250.4871130542674,-188.75182656538516,1352.738861363826,14.156386992402819,-18.786533479069952,2.9678144915021615e-19
1787278698.4354808,resting,fast,1787278684.5223618,-250.28923770174106,-187.99352546924194,1347.5673337338094,14.09951441019216,-18.771692827630474,2.9646251445214627e-19
1787278698.4464815,resting,fast,1787278684.5223618,-250.47910625946633,-187.49668368852906,1349.3023370407964,14.062251276638523,-18.7859329694597,2.966670878133702e-19
1787278698.4576578,resting,fast,1787278684.5223618,-249.69804037780477,-187.18100072072787,1350.7973457687158,14.038575054053386,-18.72735302833521,2.968862890885512e-19
1787278698.4687119,resting,fast,1787278684.5223618,-250.1593876051288,-187.86397433647846,1356.4773316394703,14.08979807523463,-18.761954070384583,2.9728683598050006e-19
1787278698.4798598,resting,fast,1787278684.5223618,-249.23017284425578,-187.53528250631905,1355.5731564323896,14.065146187972775,-18.692262963318875,2.9716034100801955e-19
1787278698.4909694,resting,fast,1787278684.5223618,-249.56971305645357,-187.49833060722574,1355.161229279317,14.062374795540823,-18.717728479233884,2.9714132708274027e-19
1787278698.502023,resting,fast,1787278684.5223618,-249.26620496530222,-186.50058638657595,1356.4336748681135,13.987543978992182,-18.69496537239749,2.9746232577520627e-19
1787278698.5132143,resting,fast,1787278684.5223618,-248.2599239438291,-187.1262164921053,1353.8208060013667,14.034466236906585,-18.61949429578697,2.9745233438986267e-19
1787278698.5243363,resting,fast,1787278684.5223618,-247.7926357487081,-186.92934368048566,1355.3225597130577,14.019700776035297,-18.584447681152902,2.977305032396005e-19
1787278698.535307,resting,fast,1787278684.5223618,-247.71009314681623,-187.01559835007254,1353.646421499384,14.026169876254276,-18.578256986010786,2.9726598838089525e-19
1787278698.546415,resting,fast,1787278684.5223618,-249.0849320157281,-187.32245678989182,1354.555390586077,14.049184259240779,-18.68136990117936,2.970230874654873e-19
1787278698.557579,resting,fast,1787278684.5223618,-248.806020319857,-189.30267425090608,1351.709096611613,14.197700568816845,-18.660451523989067,2.9680893915004087e-19
1787278698.5690763,resting,fast,1787278684.5223618,-246.68881303826902,-188.93089672119606,1346.3538534654772,14.169817254088546,-18.50166097787006,2.965605054568167e-19
1787278698.5818498,resting,fast,1787278684.5223618,-247.04008484601263,-188.17856439684863,1350.0524985252769,14.113392329762423,-18.528006363450835,2.9701712537674363e-19
1787278698.5904753,resting,fast,1787278684.5223618,-246.8202573670228,-186.66634917481827,1347.245173311624,13.999976188110384,-18.51151930252665,2.964230922371353e-19
1787278698.6020021,resting,fast,1787278684.5223618,-247.75526427351042,-187.3698970665863,1349.6763870721052,14.05274227999293,-18.58164482051314,2.9656361164470993e-19
1787278698.6156876,resting,fast,1787278684.5223618,-248.25684646653144,-186.99750141639072,1353.2457654541113,14.024812606228327,-18.619263484989503,2.9669260835613274e-19
1787278698.624202,resting,fast,1787278684.5223618,-247.79481574562624,-186.3992447667339,1356.0218565883142,13.979943357503902,-18.584611180921726,2.969612803949167e-19
1787278698.6352801,resting,fast,1787278684.5223618,-248.30596782242583,-186.45685034150972,1354.116500352614,13.98426377561221,-18.622947586681754,2.9683435110209e-19
1787278698.6483996,resting,fast,1787278684.5223618,-248.38020445554093,-186.7815204127204,1350.1858171321428,14.008614030953002,-18.628515334165463,2.9665448944309936e-19
1787278698.657486,resting,fast,1787278684.5223618,-248.7862206513596,-187.77963336275786,1351.899000207627,14.083472502205783,-18.65896654885163,2.9696804878393786e-19
1787278698.6685436,resting,fast,1787278684.5223618,-249.4257186523314,-188.328140231465,1357.3960245022308,14.12461051735875,-18.706928898924723,2.9712024436782653e-19
1787278698.6822057,resting,fast,1787278684.5223618,-248.94926365899346,-189.05092068588385,1355.503912576999,14.178819051440161,-18.671194774424144,2.970991080204764e-19
1787278698.6907306,resting,fast,1787278684.5223618,-248.032801431164,-188.51795321328143,1354.4596661870319,14.138846490994926,-18.60246010733706,2.970159721605106e-19
1787278698.701718,resting,fast,1787278684.5223618,-247.2075063283096,-187.14617346677562,1352.8113194143925,14.035963010006999,-18.540562974622937,2.972763533250859e-19
1787278698.7130105,resting,fast,1787278684.5223618,-246.39618606323302,-185.8533125811224,1351.2701692922774,13.938998443582765,-18.479713954742486,2.973500720464812e-19
1787278698.723909,resting,fast,1787278684.5223618,-245.8680046202503,-185.1718557965013,1346.0615238735854,13.887889184736611,-18.440100346518683,2.9701353029597734e-19
1787278698.735006,resting,fast,1787278684.5223618,-246.92832557805514,-186.174366585445,1345.8459930110412,13.963077493907168,-18.519624418353942,2.9696762320665536e-19
1787278698.7462556,resting,fast,1787278684.5223618,-247.68463048830426,-186.388323530531,1347.2492023050227,13.97912426478874,-18.57634728662265,2.9690977254007295e-19
1787278698.757394,resting,fast,1787278684.5223618,-249.20392519545794,-188.2901152462897,1351.5610098395528,14.121758643470589,-18.690294389659115,2.972729453841499e-19
1787278698.768603,resting,fast,1787278684.5223618,-247.61937458377406,-187.75292755405314,1349.2461852519164,14.081469566552745,-18.571453093782978,2.970427549068213e-19
1787278698.782325,resting,fast,1787278684.5223618,-247.1811407301052,-188.83818967339732,1350.5864569303913,14.162864225503728,-18.538585554757525,2.971805786576636e-19
1787278698.7907507,resting,fast,1787278684.5223618,-247.14550976341752,-187.89886669200553,1353.1958798811056,14.092415001899187,-18.535913232256107,2.97125359354608e-19
1787278698.8017402,resting,fast,1787278684.5223618,-248.32896165828015,-187.46380176231457,1354.0006659205,14.059785132172482,-18.624672124370875,2.973697932473312e-19
1787278698.8148196,resting,fast,1787278684.5223618,-247.8974082205964,-185.64053279298867,1351.3858705508655,13.923039959473204,-18.59230561654438,2.971186557216748e-19
1787278698.8238096,resting,fast,1787278684.5223618,-247.61060671789028,-185.80055052890327,1346.7515057996452,13.935041289666561,-18.57079550384151,2.968071206638968e-19
1787278698.8349965,resting,fast,1787278684.5223618,-246.62406036916354,-186.26637723653982,1348.6517576150281,13.969978292739345,-18.496804527687054,2.9678669289822687e-19
1787278698.848111,resting,fast,1787278684.5223618,-246.81920714281978,-188.75021403505832,1346.9714419952606,14.156266052628215,-18.51144053571111,2.964354734113265e-19
1787278698.8572845,resting,fast,1787278684.5223618,-245.8243245483959,-185.84295388206112,1350.1602043050507,13.938221541153272,-18.43682434112941,2.965277418615378e-19
1787278698.8684454,resting,fast,1787278684.5223618,-245.99940468757495,-186.50921088766756,1346.230541694481,13.988190816573951,-18.44995535156785,2.963734350512912e-19
1787278698.8813913,resting,fast,1787278684.5223618,-246.13424762389104,-186.13438378057742,1344.1518884347724,13.960078783542276,-18.460068571791673,2.9616559172206915e-19
1787278698.8906977,resting,fast,1787278684.5223618,-247.0931400366676,-190.05168542483796,1342.3528740720349,14.253876406861952,-18.531985502749826,2.9654649900721657e-19
1787278698.901579,resting,fast,1787278684.5223618,-246.7805110089662,-189.11367589262306,1341.6116646069086,14.183525691945466,-18.508538325672284,2.9624480849723926e-19
1787278698.914698,resting,fast,1787278684.5223618,-247.55003641149915,-188.2418649912412,1347.265459809193,14.118139874342024,-18.566252730862026,2.9643756211371534e-19
1787278698.9237905,resting,fast,1787278684.5223618,-246.8158916571797,-186.74738421646236,1346.9638556502186,14.006053816233607,-18.511191874288272,2.9571197878741433e-19
1787278698.9348814,resting,fast,1787278684.5223618,-248.95816182313183,-188.6946524101362,1355.1422558460426,14.152098930759028,-18.671862136734447,2.965945472740488e-19
1787278698.948046,resting,fast,1787278684.5223618,-248.1201549168477,-188.47809583116975,1352.5553997191719,14.135857187336686,-18.609011618763404,2.967196458993239e-19
1787278698.9571369,resting,fast,1787278684.5223618,-248.44181619688288,-189.41002302914524,1350.1585070120918,14.20575172718478,-18.633136214766076,2.9679953957056367e-19
1787278698.9682016,resting,fast,1787278684.5223618,-245.48059050759866,-187.26525132867994,1344.430586970745,14.044893849649686,-18.411044288069753,2.9640276926932644e-19
1787278698.9814882,resting,fast,1787278684.5223618,-246.8819173910174,-188.64707435743242,1348.9171513305346,14.148530576806085,-18.516143804326084,2.968826665724583e-19
1787278698.9905546,resting,fast,1787278684.5223618,-247.36079509469027,-189.30109315189054,1350.3174636970552,14.197581986390734,-18.552059632101596,2.971082705650543e-19
1787278699.0016425,resting,fast,1787278684.5223618,-247.95612794823182,-189.71204661437707,1348.601449475952,14.22840349607721,-18.5967095961172,2.9676750168740863e-19
1787278699.0151827,resting,fast,1787278684.5223618,-247.8320314088346,-189.43941835534054,1347.3928631807366,14.207956376649381,-18.58740235566237,2.9688409621859532e-19
1787278699.0239103,resting,fast,1787278684.5223618,-248.0612624878181,-188.9996166909176,1351.1795766462901,14.174971251817642,-18.604594686586104,2.968848736192446e-19
1787278699.0348036,resting,fast,1787278684.5223618,-249.23420783725896,-189.21903508730327,1354.8351470081789,14.191427631546606,-18.692565587794093,2.9710672760689564e-19
1787278699.0478628,resting,fast,1787278684.5223618,-248.230479429782,-189.20509409259796,1353.5090374808306,14.190382056943779,-18.61728595723357,2.967108364562144e-19
1787278699.0570288,resting,fast,1787278684.5223618,-247.72566131276062,-187.55921639972541,1350.6559959780034,14.066941229978145,-18.57942459845698,2.966282550877383e-19
1787278699.0681007,resting,fast,1787278684.5223618,-246.93007796343636,-186.77555124209505,1347.6478829767957,14.008166343156038,-18.519755847257734,2.964862517355424e-19
1787278699.0814464,resting,fast,1787278684.5223618,-246.5093867201308,-185.1670819898883,1348.0117905467187,13.887531149240477,-18.488204004009653,2.9670490116927055e-19
1787278699.0903254,resting,fast,1787278684.5223618,-247.21184703213794,-185.59066019838326,1348.8125749241617,13.919299514877483,-18.54088852741011,2.96766918456399e-19
1787278699.101534,resting,fast,1787278684.5223618,-248.0329321111135,-187.20953300773306,1348.7166503728395,14.040714975578727,-18.602469908333276,2.967277970141288e-19
1787278699.1137717,resting,fast,1787278684.5223618,-249.14478653794276,-188.75309820508676,1348.9976467892075,14.156482365380516,-18.685858990345395,2.9658794339811427e-19
1787278699.1238024,resting,fast,1787278684.5223618,-247.76236916133303,-188.5139633143741,1345.7989870403408,14.138547248576973,-18.582177687099644,2.967003940926402e-19
1787278699.1348014,resting,fast,1787278684.5223618,-246.31019700773732,-188.24270329022113,1343.6647232542646,14.118202746765437,-18.473264775580013,2.966669333533176e-19
1787278699.1471872,resting,fast,1787278684.5223618,-246.00183892727227,-187.21076043010964,1343.947259904583,14.040807032257081,-18.450137919545234,2.9641775300947645e-19
1787278699.1569176,resting,fast,1787278684.5223618,-246.80610506720268,-186.9770462366272,1348.322198524359,14.023278467745786,-18.51045788004012,2.970704965097251e-19
1787278699.1680229,resting,fast,1787278684.5223618,-247.41448670866203,-186.03635378933052,1351.0437580150492,13.952726534198366,-18.556086503149558,2.970200760128435e-19
1787278699.180767,resting,fast,1787278684.5223618,-246.75811170631778,-186.25585082666464,1351.7366974368042,13.96918881199878,-18.506858377973543,2.9744674326909127e-19
1787278699.190288,resting,fast,1787278684.5223618,-247.52249269666163,-187.04969747855137,1351.071127628401,14.028727310890066,-18.564186952249493,2.968657743674832e-19
1787278699.2013905,resting,fast,1787278684.5223618,-247.1023386373795,-186.6618969487091,1347.3345895682132,13.99964227115203,-18.532675397803324,2.964220899926757e-19
1787278699.2128584,resting,fast,1787278684.5223618,-246.99486397076316,-185.81101869533938,1343.7946042542835,13.935826402149207,-18.524614797807047,2.957348583041655e-19
1787278699.2236843,resting,fast,1787278684.5223618,-244.7565873032304,-184.31076035712306,1336.8348481684197,13.823307026782903,-18.356744047742083,2.954075364730026e-19
1787278699.2346644,resting,fast,1787278684.5223618,-245.6449592837621,-185.1139726364646,1343.0066948634203,13.883547947733934,-18.423371946281897,2.960685134046329e-19
1787278699.2457488,resting,fast,1787278684.5223618,-246.16752233391026,-185.68280008421482,1344.8928757891272,13.926210006315106,-18.462564175043084,2.962583727129318e-19
1787278699.2569113,resting,fast,1787278684.5223618,-246.76753057050837,-186.82080432893906,1347.2154672828774,14.011560324669436,-18.507564792788017,2.962629837250793e-19
1787278699.2678926,resting,fast,1787278684.5223618,-246.34805735400505,-184.96784507737777,1343.9471876676243,13.87258838080233,-18.476104301550286,2.9608596739576654e-19
1787278699.2794127,resting,fast,1787278684.5223618,-247.68186109841417,-186.02505208890386,1346.3714008538782,13.951878906666668,-18.576139582380783,2.967053503088921e-19
1787278699.2901003,resting,fast,1787278684.5223618,-248.18498274054264,-185.68300964983462,1349.1714235106838,13.92622572373637,-18.61387370554045,2.970123296230779e-19
1787278699.3011022,resting,fast,1787278684.5223618,-248.08768872390056,-188.5905533828858,1348.9040914395782,14.144291503715483,-18.606576654292404,2.9703574073858973e-19
1787278699.312413,resting,fast,1787278684.5223618,-247.29096690400957,-186.9536728581669,1351.7299799463044,14.021525464361435,-18.546822517800557,2.9723062543654757e-19
1787278699.3232727,resting,fast,1787278684.5223618,-247.5551962300965,-187.2065558302353,1352.013316887981,14.040491687266655,-18.566639717257203,2.970862657058026e-19
1787278699.3345284,resting,fast,1787278684.5223618,-248.17461866781878,-185.67444581667485,1352.9679573825388,13.925583436249273,-18.613096400086413,2.97285456518491e-19
1787278699.3466914,resting,fast,1787278684.5223618,-248.03707313284986,-187.2761699017011,1346.0439271835721,14.045712742626211,-18.602780484963354,2.9684625369932584e-19
1787278699.3565786,resting,fast,1787278684.5223618,-248.40825008455295,-187.87307243019848,1346.9411918879205,14.090480432263835,-18.630618756341313,2.975109973709059e-19
1787278699.367719,resting,fast,1787278684.5223618,-248.72119656597397,-187.75265720759296,1349.875512556332,14.08144929056839,-18.654089742447965,2.9747665624861125e-19
1787278699.3789642,resting,fast,1787278684.5223618,-247.6986849406735,-186.44191458594094,1351.9324244943155,13.983143593944266,-18.577401370550298,2.9721655718805925e-19
1787278699.389984,resting,fast,1787278684.5223618,-247.15813694176677,-186.69749608699283,1349.583836323186,14.002312206523403,-18.536860270632147,2.9648187708578455e-19
1787278699.4011095,resting,fast,1787278684.5223618,-246.66618776565565,-187.58627565638915,1347.1347128067073,14.068970674228272,-18.499964082423944,2.9645545847032836e-19
1787278699.412177,resting,fast,1787278684.5223618,-248.0655962333899,-188.6323138694887,1346.9233261132113,14.147423540210571,-18.604919717504075,2.965656810428312e-19
1787278699.423328,resting,fast,1787278684.5223618,-247.44787433794727,-187.662640193858,1346.3637815339125,14.074698014538118,-18.55859057534608,2.9639692677276345e-19
1787278699.4343052,resting,fast,1787278684.5223618,-247.74705410071556,-186.6711655336279,1346.7641885144958,14.000337415020912,-18.581029057553295,2.962891941729088e-19
1787278699.4455726,resting,fast,1787278684.5223618,-247.16500643409427,-186.12317770381094,1346.5908190438322,13.959238327784664,-18.537375482556804,2.963427077636615e-19
1787278699.4563828,resting,fast,1787278684.5223618,-246.57486541443495,-184.9065711921338,1345.1993664459196,13.867992839408974,-18.493114906082532,2.964076143069045e-19
1787278699.467706,resting,fast,1787278684.5223618,-246.5547717292652,-186.14772648496717,1345.5864467662823,13.961079486371379,-18.491607879694996,2.965647903632751e-19
1787278699.4788852,resting,fast,1787278684.5223618,-246.62611017096833,-186.31710989106193,1344.6008481664603,13.973783241828574,-18.496958262822304,2.9657112261685974e-19
1787278699.490072,resting,fast,1787278684.5223618,-248.1029437869879,-187.81739062542363,1347.327298297826,14.086304296905528,-18.607720784023897,2.9703548039566447e-19
1787278699.5009072,resting,fast,1787278684.5223618,-247.8630299716665,-187.6794653184828,1346.4170029351817,14.075959898885035,-18.58972724787496,2.9693137790056666e-19
1787278699.5120077,resting,fast,1787278684.5223618,-248.04985093391178,-186.92082624288207,1346.767515041206,14.01906196821503,-18.603738820042906,2.9693276594816974e-19
1787278699.5230954,resting,fast,1787278684.5223618,-247.7062933845168,-188.05082651446526,1341.315664962959,14.103811988583605,-18.577972003838582,2.9657460629740533e-19
1787278699.534329,resting,fast,1787278684.5223618,-247.49412276410794,-187.40814056074908,1342.7430143398242,14.055610542054954,-18.562059207308074,2.9678530701091725e-19
1787278699.5454164,resting,fast,1787278684.5223618,-247.09242195688103,-187.98748437494498,1345.8997133872772,14.09906132811999,-18.531931646765983,2.968943294561279e-19
1787278699.5565643,resting,fast,1787278684.5223618,-245.1837058069973,-185.4059359031388,1348.343749460103,13.905445192734394,-18.388777935524722,2.971839364010161e-19
1787278699.567602,resting,fast,1787278684.5223618,-245.45520724280186,-186.3817718080187,1346.1201645580613,13.97863288560021,-18.409140543210178,2.971316144905014e-19
1787278699.5787482,resting,fast,1787278684.5223618,-246.43544895109198,-187.24674464842144,1345.1962037002058,14.04350584863025,-18.48265867133152,2.973614072652009e-19
1787278699.5897639,resting,fast,1787278684.5223618,-247.19913841451262,-188.64791010357396,1344.484827912719,14.148593257766851,-18.539935381088334,2.9717873681823e-19
1787278699.6010363,resting,fast,1787278684.5223618,-247.07665383149333,-189.36135156276316,1345.4676944836838,14.202101367205973,-18.53074903736195,2.9715567663846233e-19
1787278699.6121652,resting,fast,1787278684.5223618,-246.5447778067869,-188.42975242787577,1346.7442868745393,14.132231432089558,-18.490858335508946,2.9694124240950124e-19
1787278699.6231575,resting,fast,1787278684.5223618,-247.0355042127553,-187.89823081415204,1348.862369709438,14.09236731106056,-18.52766281595651,2.971711817027663e-19
1787278699.6342452,resting,fast,1787278684.5223618,-247.1660975803693,-186.18306377591455,1349.5024908272562,13.963729783192623,-18.537457318527615,2.969165300127778e-19
1787278699.645402,resting,fast,1787278684.5223618,-246.3897094013505,-186.16816138695583,1348.336824391915,13.962612104020554,-18.479228205101165,2.9673035348509255e-19
1787278699.6564603,resting,fast,1787278684.5223618,-246.82608437110366,-185.36856419812136,1344.2738642817612,13.902642314857946,-18.511956327832493,2.961093366267277e-19
1787278699.6676047,resting,fast,1787278684.5223618,-247.217524553364,-185.26799533161955,1345.510873617136,13.895099649870279,-18.541314341501945,2.9654209826957434e-19
1787278699.678829,resting,fast,1787278684.5223618,-247.47940612065804,-186.60777156493157,1344.4702517787728,13.995582867368913,-18.560955459048984,2.9676250908726745e-19
1787278699.6897998,resting,fast,1787278684.5223618,-247.51365870794825,-187.21687498940116,1346.77110055508,14.04126562420409,-18.563524403096167,2.97190697538601e-19
1787278699.700856,resting,fast,1787278684.5223618,-247.09829518639754,-186.9750356632827,1345.0793850374366,14.023127674745044,-18.532372138979653,2.9686534269212795e-19
1787278699.7119763,resting,fast,1787278684.5223618,-247.27816568689332,-185.38997068184642,1347.2554492177887,13.904247801137263,-18.54586242651682,2.9684992305522653e-19
1787278699.7229722,resting,fast,1787278684.5223618,-246.5601619719905,-184.67339670827903,1345.356824861895,13.850504753119953,-18.492012147899082,2.963863064747985e-19
1787278699.734188,resting,fast,1787278684.5223618,-244.91157344758767,-184.20248871965407,1339.8646912347276,13.815186653972834,-18.368368008568744,2.9598022511686284e-19
1787278699.745317,resting,fast,1787278684.5223618,-245.6004016389138,-185.15870727290223,1340.13045367396,13.886903045466514,-18.420030122918448,2.960952207143302e-19
1787278699.7564805,resting,fast,1787278684.5223618,-246.3839704064044,-186.1975302016889,1339.0849313967692,13.964814765125343,-18.47879778048015,2.9643906262989214e-19
1787278699.767485,resting,fast,1787278684.5223618,-249.11878962593119,-187.2002896192647,1347.2144272237574,14.040021721443598,-18.68390922194458,2.9716383392036087e-19
1787278699.77861,resting,fast,1787278684.5223618,-248.83457366045377,-186.84640432818412,1348.5118809339083,14.013480324612761,-18.66259302453382,2.973182884359011e-19
1787278699.7896047,resting,fast,1787278684.5223618,-247.70703222851944,-186.45601576560114,1354.2496418006822,13.984201182419103,-18.578027417138813,2.97522512926486e-19
1787278699.8008902,resting,fast,1787278684.5223618,-246.90076028955855,-188.1143739588298,1350.9714557130528,14.108578046910996,-18.51755702171682,2.9744873642914143e-19
1787278699.8118117,resting,fast,1787278684.5223618,-246.60644879590882,-188.14793053286792,1347.7421830210978,14.111094789964188,-18.495483659693065,2.9717849152105793e-19
1787278699.8229673,resting,fast,1787278684.5223618,-246.79408359878153,-187.60028347109335,1344.9226398981546,14.07002126033085,-18.509556269908394,2.964929648079377e-19
1787278699.8340604,resting,fast,1787278684.5223618,-245.93239265372586,-185.3948453343054,1343.5083143862566,13.904613400071728,-18.444929449029402,2.964026340869921e-19
1787278699.8451521,resting,fast,1787278684.5223618,-245.52747048354968,-184.90178650478504,1341.231680846463,13.86763398785742,-18.414560286266017,2.9596018050950417e-19
1787278699.8563073,resting,fast,1787278684.5223618,-246.46905907443625,-184.6598800913963,1341.780794929532,13.849491006853743,-18.485179430582647,2.9661563974232206e-19
1787278699.8674273,resting,fast,1787278684.5223618,-246.65525010517604,-185.7587095348307,1345.4252958582174,13.931903215110854,-18.49914375788798,2.967753832201973e-19
1787278699.878465,resting,fast,1787278684.5223618,-247.41226836889518,-185.21019010293605,1348.9111957573523,13.890764257719031,-18.555920127666965,2.972195780025576e-19
1787278699.8894665,resting,fast,1787278684.5223618,-246.69868356688994,-187.22163545696446,1349.1594984987541,14.041622659271201,-18.502401267516674,2.972480263632838e-19
1787278699.900821,resting,fast,1787278684.5223618,-246.66706571032546,-185.55418131063595,1346.0921769197712,13.916563598296339,-18.500029928274316,2.9659005101778744e-19
1787278699.9118268,resting,fast,1787278684.5223618,-247.09716214831815,-186.70840257782072,1348.6084145632967,14.003130193335213,-18.532287161123556,2.967645756989386e-19
1787278699.922887,resting,fast,1787278684.5223618,-247.35764907067687,-185.1078511929037,1351.5511909462957,13.88308883946684,-18.551823680300316,2.9646234440225716e-19
1787278699.9339964,resting,fast,1787278684.5223618,-248.11766760366345,-186.67756650475792,1355.315793231356,14.000817487855517,-18.608825070274648,2.9690151717857497e-19
1787278699.9450428,resting,fast,1787278684.5223618,-246.63705717236417,-185.98516118025066,1350.6310006880603,13.948887088517512,-18.49777928792743,2.965508387503994e-19
1787278699.956239,resting,fast,1787278684.5223618,-247.51014853443348,-186.85579716703262,1349.36401858722,14.01418478752635,-18.563261140082354,2.9713704436698887e-19
1787278699.9672654,resting,fast,1787278684.5223618,-245.7582957437512,-184.88974115796907,1343.7746690789618,13.866730586846447,-18.4318721807811,2.9664031171383567e-19
1787278699.9782548,resting,fast,1787278684.5223618,-246.08453279865853,-185.3162147381105,1343.2613365544885,13.898716105357199,-18.45633995989919,2.964150704240921e-19
1787278699.989479,resting,fast,1787278684.5223618,-246.99481919339132,-185.50671772410954,1346.4453835299291,13.91300382930719,-18.524611439504035,2.9607456670750337e-19
1787278700.0006046,resting,fast,1787278684.5223618,-248.76565518077086,-186.62843453613607,1351.1773666516283,13.997132590209109,-18.657424138557538,2.9657786078990497e-19
1787278700.0117607,resting,fast,1787278684.5223618,-250.3778495188858,-186.68916967846428,1356.3196698237161,14.001687725883489,-18.778338713916007,2.970236670127755e-19
1787278700.0227842,resting,fast,1787278684.5223618,-249.0510430167974,-185.42369399504162,1352.572952619178,13.906777049627127,-18.678828226259462,2.9683616830381924e-19
1787278700.0339026,resting,fast,1787278684.5223618,-249.2584002040171,-187.86588703529912,1348.9635058035465,14.089941527646406,-18.694380015301014,2.9660246306138296e-19
1787278700.045055,resting,fast,1787278684.5223618,-247.78616317463593,-187.30326379771702,1344.293254154708,14.047744784827703,-18.583962238097364,2.96239507877513e-19
1787278700.056081,resting,fast,1787278684.5223618,-248.30540437152695,-187.36803491209128,1348.1711626039496,14.052602618405803,-18.622905327864252,2.9632014097230336e-19
1787278700.0672185,resting,fast,1787278684.5223618,-247.70384243805847,-185.2895886056889,1349.3230631489723,13.896719145425639,-18.577788182854214,2.963947799041857e-19
1787278700.0782743,resting,fast,1787278684.5223618,-247.44191752373308,-184.41232254060571,1349.402572993774,13.830924190544298,-18.55814381427964,2.9633627746510563e-19
1787278700.089413,resting,fast,1787278684.5223618,-248.00126879368827,-187.26808930706113,1347.0290918207984,14.04510669802831,-18.60009515952631,2.966403560532385e-19
1787278700.100484,resting,fast,1787278684.5223618,-247.4290359131678,-187.1240027049438,1346.036246811237,14.03430020286962,-18.55717769348731,2.9677397511521193e-19
1787278700.111708,resting,fast,1787278684.5223618,-247.2585267431391,-188.1272993732274,1348.1358142952495,14.109547452990828,-18.54438950573516,2.9724670469933043e-19
1787278700.122704,resting,fast,1787278684.5223618,-247.07631536486542,-186.03451806809073,1347.4261290814293,13.952588855105635,-18.530723652364756,2.967705294591862e-19
1787278700.133848,resting,fast,1787278684.5223618,-248.6092284549054,-185.3722377050418,1351.9563865079554,13.902917827877108,-18.645692134117823,2.966954494357813e-19
1787278700.1449058,resting,fast,1787278684.5223618,-248.49399852283068,-185.8206072809636,1346.2981315404095,13.936545546071077,-18.637049889212086,2.9638681326400813e-19
1787278700.1561377,resting,fast,1787278684.5223618,-247.72893850548235,-187.12929556828692,1346.5037857440684,14.034697167620198,-18.57967038791066,2.962558515529526e-19
1787278700.167164,resting,fast,1787278684.5223618,-246.93645608777888,-187.70531271051766,1344.3771481634585,14.077898453287649,-18.520234206583233,2.9629216114383685e-19
1787278700.1782706,resting,fast,1787278684.5223618,-248.49859896721364,-186.98876610279365,1351.4201546368777,14.02415745770853,-18.637394922540906,2.968192603186959e-19
1787278700.1887743,resting,fast,1787278684.5223618,-248.93481907374144,-185.97195389801925,1356.9219047315646,13.947896542350467,-18.670111430530568,2.9759731519477497e-19
1787278700.1999218,resting,fast,1787278684.5223618,-247.87759510348815,-185.46210747865837,1354.5178484637645,13.909658060897929,-18.590819632761487,2.9769789524548347e-19
1787278700.2111228,resting,fast,1787278684.5223618,-248.15534671631895,-185.5228335106707,1355.7239201526108,13.914212513299137,-18.611651003723964,2.975743293096866e-19
1787278700.222569,resting,fast,1787278684.5223618,-247.52426640994827,-185.52213760215102,1355.3071360291242,13.91416032016021,-18.56431998074583,2.976306414068756e-19
1787278700.233617,resting,fast,1787278684.5223618,-247.99423747480296,-186.24721688519242,1355.4190898345396,13.968541266388232,-18.59956781060997,2.97547405148281e-19
1787278700.2448144,resting,fast,1787278684.5223618,-246.58589026351683,-184.89748497565722,1353.2253980459109,13.867311373173099,-18.49394176976371,2.971672616805749e-19
1787278700.2558181,resting,fast,1787278684.5223618,-248.61527254211205,-186.39047686675224,1351.7060441425865,13.979285765005447,-18.64614544065826,2.9694136886884686e-19
1787278700.266936,resting,fast,1787278684.5223618,-250.00714080347961,-187.6509278644936,1357.3625770347016,14.073819589835939,-18.750535560261135,2.9713943432808915e-19
1787278700.2780929,resting,fast,1787278684.5223618,-250.97537860120383,-190.2528569966331,1357.9968575008106,14.268964274746256,-18.82315339509011,2.9757253173732175e-19
1787278700.2893262,resting,fast,1787278684.5223618,-249.48152867667022,-187.89672048109935,1357.4509774853968,14.092254036081247,-18.71111465075022,2.975298939017215e-19
1787278700.300307,resting,fast,1787278684.5223618,-248.30611859583541,-185.799501850482,1354.7559745811095,13.934962638784985,-18.622958894687613,2.974026026139613e-19
1787278700.3113246,resting,fast,1787278684.5223618,-247.83175678764974,-185.71615516615373,1354.3385153540921,13.92871163746047,-18.587381759073658,2.9706134584933807e-19
1787278700.3224273,resting,fast,1787278684.5223618,-248.72312420926255,-187.63148376941274,1354.384878461261,14.072361282704623,-18.654234315694545,2.9730257933616964e-19
1787278700.3334768,resting,fast,1787278684.5223618,-250.34743101743834,-189.3874902708261,1357.5155595697115,14.204061770310862,-18.776057326307907,2.9777208841712036e-19
1787278700.3445718,resting,fast,1787278684.5223618,-249.59167947863762,-189.41363515321302,1355.0446529233768,14.20602263648981,-18.719375960897544,2.980841571734282e-19
1787278700.3556395,resting,fast,1787278684.5223618,-247.62523512483904,-187.82152237170123,1348.497606162081,14.08661417787653,-18.57189263436286,2.970936461382648e-19
1787278700.3668714,resting,fast,1787278684.5223618,-246.20830325747966,-185.7302718154291,1349.6128090494412,13.929770386156097,-18.465622744310622,2.9696471904099538e-19
1787278700.3778002,resting,fast,1787278684.5223618,-249.1735968158141,-186.87064175618264,1357.1690286841085,14.015298131712758,-18.688019761185778,2.9735630388158377e-19
1787278700.3888984,resting,fast,1787278684.5223618,-250.8033485084029,-187.559387228236,1361.1776014652014,14.066954042116638,-18.810251138130113,2.97846382545437e-19
1787278700.4001613,resting,fast,1787278684.5223618,-251.2724222642987,-188.9669299539056,1358.5089532886986,14.172519746541997,-18.84543166982214,2.977238535008751e-19
1787278700.410643,resting,fast,1787278684.5223618,-249.0339132633112,-188.47657381108536,1353.5741413490896,14.135743035830306,-18.67754349474813,2.972756132619977e-19
1787278700.4217706,resting,fast,1787278684.5223618,-246.97573152961513,-189.04566226156942,1349.013734404115,14.178424669616692,-18.523179864721165,2.9704538839259466e-19
1787278700.4334056,resting,fast,1787278684.5223618,-246.50045876738614,-189.6435712138392,1343.2413280070841,14.223267841036677,-18.487534407553817,2.9656013339420884e-19
1787278700.4444802,resting,fast,1787278684.5223618,-246.22147305716362,-188.45949600706297,1342.3760044416094,14.134462200528407,-18.466610479287283,2.962686387451621e-19
1787278700.4555411,resting,fast,1787278684.5223618,-247.29237375110142,-188.80539875097304,1346.0092969611405,14.160404906321862,-18.546928031332413,2.9637792295868533e-19
1787278700.4683728,resting,fast,1787278684.5223618,-246.26699108118146,-188.1448649695095,1348.8684932555998,14.110864872712018,-18.470024331088396,2.965242384034624e-19
1787278700.477635,resting,fast,1787278684.5223618,-246.7502732900616,-189.2156073835414,1349.654481493012,14.191170553764255,-18.506270496754404,2.960435092673522e-19
1787278700.4886363,resting,fast,1787278684.5223618,-247.86003880610542,-189.23411950674665,1351.4772865095538,14.192558963004803,-18.589502910457703,2.9624425826594743e-19
1787278700.5014017,resting,fast,1787278684.5223618,-248.52006598247817,-189.2932242563487,1350.6129705314534,14.196991819224866,-18.639004948685532,2.960593029360798e-19
1787278700.5109613,resting,fast,1787278684.5223618,-248.8490660022394,-188.48911821614308,1352.0442182108336,14.136683866209555,-18.663679950167747,2.9661011255825884e-19
1787278700.5221288,resting,fast,1787278684.5223618,-248.26913660483706,-188.47013317582025,1353.6784067328163,14.1352599881854,-18.6201852453627,2.970728541439156e-19
1787278700.5345604,resting,fast,1787278684.5223618,-248.55449519617332,-187.21270081589557,1352.9598789467318,14.040952561191052,-18.641587139712783,2.968359408086869e-19
1787278700.5442276,resting,fast,1787278684.5223618,-248.89524430287975,-187.04139253636993,1349.6902018581395,14.02810444022639,-18.667143322716107,2.965340449059564e-19
1787278700.555367,resting,fast,1787278684.5223618,-248.42042705975427,-185.0170845520862,1346.880988135933,13.876281341405605,-18.631532029481285,2.9580782695552975e-19
1787278700.5679398,resting,fast,1787278684.5223618,-249.55216266097023,-186.76508492077357,1351.166225163489,14.00738136905709,-18.716412199572382,2.9673788909591104e-19
1787278700.5775723,resting,fast,1787278684.5223618,-249.39464601666577,-187.1578395465184,1353.6884097545417,14.03683796598779,-18.704598451249737,2.9714274413096795e-19
1787278700.5887754,resting,fast,1787278684.5223618,-250.1697405363061,-188.91482433727026,1355.129208150568,14.16861182529458,-18.762730540222925,2.976552317115902e-19
1787278700.6013649,resting,fast,1787278684.5223618,-249.06288489255667,-188.75315671184887,1351.679220924275,14.1564867533876,-18.67971636694174,2.970556361686057e-19
1787278700.610764,resting,fast,1787278684.5223618,-248.59788593595158,-187.0516125513485,1352.354257409338,14.028870941350124,-18.6448414451962,2.9693518578593024e-19
1787278700.6218278,resting,fast,1787278684.5223618,-247.6066436209344,-186.40319898316977,1348.6530161555938,13.980239923736494,-18.57049827156986,2.963211954095696e-19
1787278700.6330743,resting,fast,1787278684.5223618,-248.68134930366023,-186.92475906814036,1353.739339929799,14.019356930109442,-18.65110119777426,2.968708335184196e-19
1787278700.6440377,resting,fast,1787278684.5223618,-248.1400666479335,-187.60305590515225,1352.4631670630106,14.070229192885225,-18.61050499859462,2.966178411220795e-19
1787278700.6552703,resting,fast,1787278684.5223618,-248.0077280314449,-186.11590981665847,1352.5951467643235,13.958693236248312,-18.60057960235831,2.968916604175539e-19
1787278700.6664574,resting,fast,1787278684.5223618,-246.27919040799998,-184.24558607426422,1349.1992226959019,13.818418955568607,-18.470939280599772,2.962407263169255e-19
1787278700.6774309,resting,fast,1787278684.5223618,-247.00693676338005,-184.75019376330386,1351.703681836997,13.856264532246389,-18.52552025725349,2.971210692851927e-19
1787278700.6884532,resting,fast,1787278684.5223618,-248.5156216244627,-187.20971590003353,1354.3358552681357,14.04072869250162,-18.63867162183434,2.969749398624894e-19
1787278700.6997998,resting,fast,1787278684.5223618,-249.32762178189796,-188.68401060960366,1351.0243291764264,14.151300795719028,-18.699571633642364,2.969656054534859e-19
1787278700.7108188,resting,fast,1787278684.5223618,-249.21547011454777,-188.2930892810749,1350.236672504131,14.121981696079605,-18.691160258590912,2.965057131859296e-19
1787278700.721971,resting,fast,1787278684.5223618,-248.4653615822058,-186.44256707936495,1351.56308208676,13.983192530951204,-18.63490211866523,2.969203796424391e-19
1787278700.7331202,resting,fast,1787278684.5223618,-248.46368718071017,-185.65462333915946,1355.9060625832744,13.924096750435755,-18.634776538553275,2.973056254169701e-19
1787278700.744177,resting,fast,1787278684.5223618,-249.00185945783824,-186.3562363187342,1356.3698307413297,13.976717723904034,-18.67513945933773,2.9731574428991023e-19
1787278700.755239,resting,fast,1787278684.5223618,-247.23642670413255,-186.54237615965587,1348.106121348269,13.990678211973066,-18.542732002809615,2.9642532533160117e-19
1787278700.7664335,resting,fast,1787278684.5223618,-246.17032446527764,-186.89593243477577,1341.314403176294,14.017194932606873,-18.46277433489547,2.958193800311418e-19
1787278700.7775195,resting,fast,1787278684.5223618,-245.89250319431585,-186.91474968665068,1338.3932783455175,14.018606226497969,-18.441937739573618,2.9573637028581736e-19
1787278700.788637,resting,fast,1787278684.5223618,-248.85060795050367,-187.22804230764848,1345.7332707048727,14.042103173072608,-18.66379559628747,2.967204746569873e-19
1787278700.799632,resting,fast,1787278684.5223618,-250.17892155967684,-187.84363664206887,1351.6626494497223,14.088272748154171,-18.763419116975477,2.9712219277392457e-19
1787278700.8108902,resting,fast,1787278684.5223618,-249.4834235532012,-187.584412238435,1350.694596336244,14.068830917881645,-18.711256766489733,2.9727246651343745e-19
1787278700.822,resting,fast,1787278684.5223618,-248.2823322406971,-187.90699904618475,1349.2438292467168,14.0930249284628,-18.62117491805214,2.9698849509145676e-19
1787278700.8331707,resting,fast,1787278684.5223618,-248.18819715370455,-186.877556805293,1350.2326664782458,14.015816760395925,-18.6141147865276,2.9717770288092707e-19
1787278700.8441434,resting,fast,1787278684.5223618,-248.5982084277225,-185.52785466990792,1353.2147984631129,13.914589100241802,-18.644865632078968,2.9683709239964595e-19
1787278700.8551636,resting,fast,1787278684.5223618,-249.23941917434922,-186.32302785949184,1356.5612476112265,13.974227089460644,-18.692956438076102,2.971396603627497e-19
1787278700.8664196,resting,fast,1787278684.5223618,-249.61631676240586,-187.32680108941202,1354.313529845017,14.04951008170477,-18.721223757180447,2.9712061141282375e-19
1787278700.8773284,resting,fast,1787278684.5223618,-249.63854246952224,-188.30726273310108,1354.3949744267675,14.123044704981414,-18.722890685213947,2.9745979969765555e-19
1787278700.888499,resting,fast,1787278684.5223618,-248.57214211137716,-186.86281531209954,1352.753189769658,14.01471114840631,-18.642910658353408,2.9732776833135566e-19
1787278700.8997798,resting,fast,1787278684.5223618,-248.15728814013028,-185.6425789672877,1352.5965805391652,13.9231934225453,-18.611796610509565,2.969643250561885e-19
1787278700.9106686,resting,fast,1787278684.5223618,-247.8677946694911,-185.58058162607574,1349.4571079572352,13.91854362195453,-18.59008460021183,2.9665972195424254e-19
1787278700.9218159,resting,fast,1787278684.5223618,-248.2701974910883,-186.8410270598639,1348.2002686403803,14.013077029488489,-18.62026481183141,2.9637065774772826e-19
1787278700.932848,resting,fast,1787278684.5223618,-249.83377319177134,-187.24169044352755,1351.3382281640488,14.043126783263393,-18.73753298938245,2.968400056774629e-19
1787278700.9439876,resting,fast,1787278684.5223618,-250.77948523191708,-188.04825997821683,1356.6904619788193,14.103619498365237,-18.80846139239366,2.970736139125751e-19
1787278700.9551394,resting,fast,1787278684.5223618,-250.3953192113472,-186.74411132995021,1356.6593347491535,14.005808349745212,-18.779648940851033,2.972135513375029e-19
1787278700.9663465,resting,fast,1787278684.5223618,-249.1016063037564,-187.85348497525058,1354.8977940589602,14.089011373142615,-18.682620472781558,2.971557948587879e-19
1787278700.9772305,resting,fast,1787278684.5223618,-248.51207226725592,-188.19225503758764,1352.4415649416887,14.114419127817758,-18.638405420044016,2.973698568234589e-19
1787278700.9883666,resting,fast,1787278684.5223618,-248.63326205249768,-188.69740190551,1352.147284279813,14.152305142912343,-18.64749465393706,2.9730824038934396e-19
1787278700.999734,resting,fast,1787278684.5223618,-248.46649732938795,-188.47474347313312,1352.2401496547473,14.13560576048376,-18.63498729970415,2.970606125627318e-19
1787278701.0106666,resting,fast,1787278684.5223618,-249.3201225098278,-188.582862180789,1351.3654169260599,14.143714663557947,-18.699009188237127,2.9680474987443536e-19
1787278701.0216904,resting,fast,1787278684.5223618,-248.81990392994476,-188.6976000959927,1350.8005524077025,14.152320007198274,-18.66149279474579,2.9703492664713384e-19
1787278701.032833,resting,fast,1787278684.5223618,-248.3031010801501,-186.5562993104203,1351.9146533939393,13.99172244828036,-18.622732581011213,2.971973874336427e-19
1787278701.0439165,resting,fast,1787278684.5223618,-247.8587445521366,-185.60891041790512,1352.8630976752165,13.920668281341893,-18.58940584140985,2.9728415560922985e-19
1787278701.0550673,resting,fast,1787278684.5223618,-249.79062567663323,-185.16917747416198,1356.5164061013156,13.887688310561249,-18.734296925747408,2.9755602625996983e-19
1787278701.0661893,resting,fast,1787278684.5223618,-249.75349403130303,-185.97920119565504,1353.7233214477465,13.948440089673046,-18.731512052347462,2.97326699087811e-19
1787278701.0771472,resting,fast,1787278684.5223618,-249.14626285392887,-185.87452895964122,1352.1582929474725,13.940589671971981,-18.685969714044496,2.9708525636601065e-19
1787278701.0882955,resting,fast,1787278684.5223618,-247.9113560105211,-186.85237332753843,1351.9704814372553,14.013927999564277,-18.593351700788894,2.9679018736796566e-19
1787278701.0995684,resting,fast,1787278684.5223618,-247.92299686467823,-186.89450828728297,1353.2501944309342,14.01708812154526,-18.594224764850757,2.967748185010944e-19
1787278701.1106389,resting,fast,1787278684.5223618,-248.27595864425666,-188.01782382870272,1353.4042094410934,14.101336787151514,-18.62069689831923,2.9717350633356996e-19
1787278701.1218073,resting,fast,1787278684.5223618,-248.1243531053401,-185.84426112325548,1351.6742341960935,13.938319584243107,-18.60932648290035,2.966361896327586e-19
1787278701.1328723,resting,fast,1787278684.5223618,-248.8378533932496,-186.35139362348275,1350.0846710948836,13.976354521760161,-18.662839004493442,2.964669416149916e-19
1787278701.1437585,resting,fast,1787278684.5223618,-248.42449406447258,-185.83413678033855,1348.9994244987329,13.937560258524318,-18.631837054835025,2.960730517953985e-19
1787278701.1549346,resting,fast,1787278684.5223618,-249.3775237274399,-187.4921995481876,1349.7471075716285,14.061914966113111,-18.703314279557922,2.966373921356544e-19
1787278701.1655338,resting,fast,1787278684.5223618,-249.02812248627333,-188.07738210674336,1349.8988579384086,14.105803658004493,-18.67710918647012,2.9676825967728175e-19
1787278701.1767805,resting,fast,1787278684.5223618,-250.04564105368763,-187.78040395517053,1354.6513668827347,14.083530296636813,-18.75342307902646,2.970249949259297e-19
1787278701.1883123,resting,fast,1787278684.5223618,-249.10459254619536,-187.5677802042518,1352.0204705312417,14.06758351531764,-18.682844440964473,2.9680815217572134e-19
1787278701.1993146,resting,fast,1787278684.5223618,-247.9261233032271,-186.03336777307857,1351.2084659459806,13.952502582979779,-18.59445924774179,2.9656383044422717e-19
1787278701.210418,resting,fast,1787278684.5223618,-247.9930404224856,-186.26807313421693,1350.1105065670463,13.970105485065222,-18.599478031686097,2.963635274078502e-19
1787278701.221557,resting,fast,1787278684.5223618,-247.75505702068085,-187.7096148274951,1349.1221876544523,14.078221112061119,-18.5816292765506,2.959237490287927e-19
1787278701.2349086,resting,fast,1787278684.5223618,-249.68476644164775,-188.85398775026863,1354.8443887254007,14.164049081269116,-18.726357483123287,2.96847635904393e-19
1787278701.243641,resting,fast,1787278684.5223618,-248.04669546759897,-187.5665115717676,1352.1742676509139,14.067488367881413,-18.60350216006971,2.9637927063602537e-19
1787278701.2548182,resting,fast,1787278684.5223618,-247.29470033289772,-185.5722056488138,1352.1616907858634,13.917915423659796,-18.54710252496706,2.966671675517587e-19
1787278701.268542,resting,fast,1787278684.5223618,-245.72996317206116,-185.14563103867192,1348.8557035405947,13.885922327899213,-18.42974723790455,2.9596326257918104e-19
1787278701.2769766,resting,fast,1787278684.5223618,-245.38098359574587,-185.72893997152744,1346.45148614168,13.929670497863558,-18.403573769680754,2.961336607312616e-19
1787278701.2881415,resting,fast,1787278684.5223618,-247.2931285546224,-188.9368880442304,1349.1541553242341,14.170266603316211,-18.5469846415968,2.9642640115658887e-19
1787278701.3007886,resting,fast,1787278684.5223618,-248.30540686464474,-188.80470552072222,1351.813564493993,14.160352914053195,-18.622905514848128,2.970606119481597e-19
1787278701.3098433,resting,fast,1787278684.5223618,-248.4466026941859,-189.75478324347716,1355.1357723983028,14.231608743259503,-18.633495202063806,2.9741049619982834e-19
1787278701.3214905,resting,fast,1787278684.5223618,-245.61611618606412,-187.05245181702105,1349.4240559879845,14.028933886275428,-18.42120871395481,2.97135954176669e-19
1787278701.3325927,resting,fast,1787278684.5223618,-245.42840486195337,-187.93283568212507,1345.6237217390926,14.09496267615825,-18.4071303646465,2.968221598915898e-19
1787278701.3435733,resting,fast,1787278684.5223618,-245.83923132382415,-188.16949268056703,1338.5979735669216,14.112711951041224,-18.4379423492868,2.962411304279577e-19
1787278701.3546376,resting,fast,1787278684.5223618,-246.36319959272032,-187.61121134192842,1338.565303999124,14.070840850643197,-18.477239969454068,2.960449552951739e-19
1787278701.3657646,resting,fast,1787278684.5223618,-245.28183721624237,-185.89654683180686,1341.8138449244952,13.942241012384219,-18.39613779121767,2.9604482837105036e-19
1787278701.3767943,resting,fast,1787278684.5223618,-246.74372583474315,-185.37860553200528,1351.3821283164589,13.903395414899538,-18.50577943760551,2.971022333783714e-19
1787278701.3879697,resting,fast,1787278684.5223618,-247.39015739004526,-185.7163404741667,1351.3566540002803,13.928725535561316,-18.554261804253187,2.972014034037053e-19
1787278701.40091,resting,fast,1787278684.5223618,-247.73495728704484,-188.01418126205078,1346.923447167007,14.101063594652562,-18.58012179652809,2.9735869143531245e-19
1787278701.4100864,resting,fast,1787278684.5223618,-247.07273890525312,-187.95629094050025,1346.0501788294105,14.09672182053652,-18.530455417893926,2.968891532705491e-19
1787278701.421295,resting,fast,1787278684.5223618,-247.9716242540594,-189.04235809511385,1355.8779075558423,14.178176857132545,-18.59787181905441,2.977457235486491e-19
1787278701.4339159,resting,fast,1787278684.5223618,-248.8355434051632,-188.3043208876951,1361.5240400393586,14.122824066575976,-18.66266575538696,2.979430830237039e-19
1787278701.4435933,resting,fast,1787278684.5223618,-249.37044833830214,-188.30293511703292,1359.0285561925766,14.122720133776117,-18.70278362537244,2.9813459102137807e-19
1787278701.454752,resting,fast,1787278684.5223618,-249.1419158469621,-188.60815238546377,1354.7330181751176,14.145611428908754,-18.685643688522028,2.9761686338907556e-19
1787278701.4669192,resting,fast,1787278684.5223618,-249.14344107550505,-187.62028254161794,1350.7173818363563,14.071521190620292,-18.68575808066268,2.9709135867618036e-19
1787278701.4763923,resting,fast,1787278684.5223618,-247.50750565680255,-187.0532804627088,1349.1464537168295,14.028996034701965,-18.563062924260038,2.9704834192981544e-19
1787278701.4875052,resting,fast,1787278684.5223618,-247.52288729711063,-186.43812987895342,1349.6521548641313,13.982859740920109,-18.564216547282953,2.9712877977602303e-19
1787278701.4994092,resting,fast,1787278684.5223618,-246.94880124091333,-188.67276081914986,1348.6838100804807,14.150457061435095,-18.52116009306819,2.9714618384413586e-19
1787278701.5096335,resting,fast,1787278684.5223618,-245.45961263969411,-188.96550682399482,1343.883347243479,14.172413011798628,-18.40947094797697,2.966332011517623e-19
1787278701.5206869,resting,fast,1787278684.5223618,-245.1976851180193,-189.50289657968494,1341.8242316705227,14.212717243475087,-18.389826383851165,2.965675631788924e-19
1787278701.5324728,resting,fast,1787278684.5223618,-245.00076212722024,-188.28799528123056,1342.472328256482,14.121599646091344,-18.375057159541385,2.966319144343906e-19
1787278701.543376,resting,fast,1787278684.5223618,-245.62797545251624,-187.00160868770502,1342.2034003933923,14.025120651576518,-18.422098158938404,2.9646549811529537e-19
1787278701.5541356,resting,fast,1787278684.5223618,-245.9126395256685,-186.29279043894974,1342.6063786047425,13.971959282919844,-18.443447964424976,2.9611141314243525e-19
1787278701.5657537,resting,fast,1787278684.5223618,-246.36156379080285,-185.45182535499782,1343.9429648870018,13.90888690162365,-18.477117284310125,2.963664821525536e-19
1787278701.576594,resting,fast,1787278684.5223618,-246.765355477904,-186.61546907405807,1346.6589770170567,13.99616018055308,-18.507401660842717,2.9652115843160393e-19
1787278701.5877728,resting,fast,1787278684.5223618,-246.71498192818444,-185.86642360892154,1347.0430456005988,13.939981770667988,-18.50362364461359,2.9651924067920258e-19
1787278701.5989199,resting,fast,1787278684.5223618,-246.83153429865024,-187.25616027163858,1347.4546988369902,14.044212020371578,-18.51236507239866,2.965001539824304e-19
1787278701.6099908,resting,fast,1787278684.5223618,-247.7984450897461,-187.25812206485523,1350.5475233609513,14.044359154863134,-18.584883381730975,2.967426815080352e-19
1787278701.6210613,resting,fast,1787278684.5223618,-247.5928797050642,-187.9829375859823,1350.812873564334,14.098720318947262,-18.56946597787971,2.968766875918927e-19
1787278701.6320858,resting,fast,1787278684.5223618,-247.77733700050203,-185.9377010379268,1350.4779995836952,13.945327577843376,-18.583300275037615,2.9687550071923156e-19
1787278701.6430464,resting,fast,1787278684.5223618,-247.51019741645405,-185.3887334538332,1349.7926748627424,13.904155009036362,-18.56326480623396,2.9702748756236223e-19
1787278701.6541555,resting,fast,1787278684.5223618,-248.40522792816546,-185.78756484504254,1348.0586835382373,13.934067363376958,-18.630392094612468,2.971447534405462e-19
1787278701.665728,resting,fast,1787278684.5223618,-249.13711865908817,-186.6065950552869,1347.7708647441405,13.995494629145274,-18.68528389943146,2.971075655227933e-19
1787278701.6765807,resting,fast,1787278684.5223618,-250.1622700778048,-188.27445803564967,1348.3594005921177,14.120584352672598,-18.7621702558353,2.9712383071012385e-19
1787278701.687744,resting,fast,1787278684.5223618,-249.0332608752492,-187.09620434753663,1345.2375208905933,14.03221532606415,-18.677494565643606,2.967977078184314e-19
1787278701.699578,resting,fast,1787278684.5223618,-248.7950602885553,-186.6856815798559,1345.1220947256088,14.001426118488073,-18.659629521641257,2.9643167785252296e-19
1787278701.709796,resting,fast,1787278684.5223618,-248.35073061438243,-185.16133478235736,1344.6796175990848,13.887100108675785,-18.626304796078657,2.9663317662267325e-19
1787278701.7208915,resting,fast,1787278684.5223618,-247.7754414467613,-185.02340528327693,1347.689247257863,13.876755396244608,-18.58315810850702,2.9677802944893755e-19
1787278701.7336533,resting,fast,1787278684.5223618,-247.32041689899006,-185.3289694473052,1348.7444037231717,13.89967270854672,-18.549031267424184,2.969855513442003e-19
1787278701.7432504,resting,fast,1787278684.5223618,-248.33858431972794,-186.5668096824976,1351.0058741483072,13.992510726186115,-18.62539382397945,2.9677421472127373e-19
1787278701.7540176,resting,fast,1787278684.5223618,-249.5945563201526,-188.32633311311122,1353.0894973783716,14.124474983482177,-18.719591724011302,2.968336075600663e-19
1787278701.7664938,resting,fast,1787278684.5223618,-249.50159580133322,-189.6194433375166,1352.3899336383192,14.221458250312626,-18.712619685099853,2.970623287485091e-19
1787278701.7766907,resting,fast,1787278684.5223618,-248.14979956071375,-189.4518711848208,1347.759516654175,14.208890338860531,-18.611234967053413,2.9695104688796866e-19
1787278701.787673,resting,fast,1787278684.5223618,-247.66029223492433,-187.94085741370588,1346.0846216538457,14.095564306026748,-18.57452191761918,2.9715148848756293e-19
1787278701.799829,resting,fast,1787278684.5223618,-247.23498378415707,-186.15040582500694,1346.9537472720522,13.961280436874492,-18.542623783811628,2.9710936361000677e-19
1787278701.8097763,resting,fast,1787278684.5223618,-246.9601160545776,-185.24231340441963,1347.8688642562856,13.893173505330456,-18.522008704093025,2.9707920989714064e-19
1787278701.820829,resting,fast,1787278684.5223618,-247.5464164609698,-187.73229056819343,1349.9587194668102,14.079921792613252,-18.565981234572327,2.9692297224920347e-19
1787278701.8321092,resting,fast,1787278684.5223618,-248.24347829561566,-188.35285937838114,1350.190281519387,14.126464453377327,-18.61826087217097,2.9662744960105677e-19
1787278701.84322,resting,fast,1787278684.5223618,-248.60324644693583,-189.3870089023227,1350.6479663632535,14.204025667673239,-18.64524348352002,2.9697024685643525e-19
1787278701.854163,resting,fast,1787278684.5223618,-248.35001989098282,-188.10820879781966,1348.4240384327686,14.10811565983548,-18.6262514918237,2.97171025116186e-19
1787278701.8660316,resting,fast,1787278684.5223618,-247.8967125832337,-187.1777003664696,1347.9371517101308,14.038327527484089,-18.592253443742308,2.974549088153087e-19
1787278701.876301,resting,fast,1787278684.5223618,-247.65986379177184,-186.2137520138641,1347.1380718866467,13.966031401038936,-18.574489784383033,2.9712097676701837e-19
1787278701.8874907,resting,fast,1787278684.5223618,-248.30345813783833,-185.7781833463115,1350.96399943718,13.933363750972024,-18.622759360337717,2.97137548547817e-19
1787278701.8993337,resting,fast,1787278684.5223618,-246.99925936333102,-186.4890105323608,1348.321430163117,13.986675789926043,-18.524944452249464,2.968535292909022e-19
1787278701.9097466,resting,fast,1787278684.5223618,-246.8944135112747,-186.10196850596742,1349.1708637629354,13.957647637946256,-18.517081013345503,2.968386241938851e-19
1787278701.920779,resting,fast,1787278684.5223618,-246.74062248153814,-186.5765278184955,1348.3824332078775,13.993239586386057,-18.50554668611519,2.971024573998624e-19
1787278701.9321828,resting,fast,1787278684.5223618,-248.0288016004065,-186.49398071381222,1350.2148817655407,13.987048553534894,-18.602160120030263,2.9720466408193446e-19
1787278701.9430215,resting,fast,1787278684.5223618,-247.4234885393039,-186.8653699292314,1350.1478483884102,14.014902744691259,-18.55676164044762,2.969727118828472e-19
1787278701.9537745,resting,fast,1787278684.5223618,-246.90390691394578,-186.28331804340235,1348.4732632272217,13.971248853254142,-18.517793018545845,2.965046323316326e-19
1787278701.965201,resting,fast,1787278684.5223618,-246.44226827981447,-186.04767421072972,1347.915057862735,13.953575565803508,-18.483170120985896,2.966783707051118e-19
1787278701.9764433,resting,fast,1787278684.5223618,-246.88049801959505,-186.14025437285216,1344.9444383112123,13.960519077962662,-18.516037351469535,2.967772177685813e-19
1787278701.9876246,resting,fast,1787278684.5223618,-246.57498608477954,-186.31448841882332,1343.7564719112097,13.973586631410559,-18.49312395635821,2.9676003710508024e-19
1787278701.9987192,resting,fast,1787278684.5223618,-246.79689071749226,-186.29093878751576,1342.3526878478015,13.971820409062449,-18.509766803811637,2.967166603827338e-19
1787278702.0095565,resting,fast,1787278684.5223618,-247.40047182614626,-185.9921564080006,1344.9519209028285,13.949411730598744,-18.55503538696084,2.9702954133278957e-19
1787278702.0208597,resting,fast,1787278684.5223618,-247.97498440840945,-185.6302824850476,1344.98804651111,13.92227118637729,-18.59812383063062,2.9729197871124784e-19
1787278702.0318563,resting,fast,1787278684.5223618,-248.66222514706578,-186.5818075692872,1350.3929116072204,13.993635567695353,-18.649666886029628,2.9759029417790994e-19
1787278702.0425956,resting,fast,1787278684.5223618,-247.89244084118081,-187.0259024904359,1347.9171166486803,14.026942686781641,-18.591933063088412,2.975628047948531e-19
1787278702.054016,resting,fast,1787278684.5223618,-246.57046047856375,-186.5893099525755,1346.0682722354695,13.994198246441986,-18.492784535891985,2.972252510460639e-19
1787278702.0651772,resting,fast,1787278684.5223618,-246.85442322240078,-187.03412817448282,1343.367006589001,14.027559613085163,-18.514081741680158,2.9687303623374303e-19
1787278702.0763452,resting,fast,1787278684.5223618,-246.20412059883847,-187.05822232412095,1343.4534418384292,14.029366674307827,-18.465309044912836,2.9669491550066115e-19
1787278702.0874052,resting,fast,1787278684.5223618,-246.70316871998648,-186.6230856887529,1344.9311494899384,13.996731426655149,-18.50273765399855,2.9646471403599426e-19
1787278702.0985498,resting,fast,1787278684.5223618,-246.81012435616822,-186.0376063040036,1344.697163687245,13.952820472799036,-18.51075932671248,2.9639717684790926e-19
1787278702.1097121,resting,fast,1787278684.5223618,-247.80443473387413,-185.17983697388502,1346.602206929244,13.888487773040186,-18.585332605040335,2.9662595654782904e-19
1787278702.1207047,resting,fast,1787278684.5223618,-248.21623324789698,-186.77036863080673,1347.1775076223266,14.007777647309258,-18.616217493592117,2.969185896334968e-19
1787278702.1319184,resting,fast,1787278684.5223618,-247.55423580339948,-185.8614396039619,1346.8396155513065,13.939607970296226,-18.566567685254867,2.9690480167013327e-19
1787278702.1429162,resting,fast,1787278684.5223618,-246.59904937511465,-186.09340468632388,1348.4153058688435,13.957005351472976,-18.494928703133453,2.96617187798664e-19
1787278702.1535642,resting,fast,1787278684.5223618,-246.35079494321099,-185.54549470333893,1348.8211574897168,13.915912102749122,-18.476309620740537,2.9631027896661318e-19
1787278702.165017,resting,fast,1787278684.5223618,-246.49970426003756,-187.00515340514528,1348.2580455125635,14.025386505384791,-18.487477819502615,2.9612466682480606e-19
1787278702.1761796,resting,fast,1787278684.5223618,-247.6901818836327,-186.62318865844634,1347.0340922610985,13.996739149382368,-18.576763641272308,2.960548026831918e-19
1787278702.1872833,resting,fast,1787278684.5223618,-248.15213729933885,-186.879412467851,1347.2317613321475,14.015955935087536,-18.61141029745017,2.964694474470789e-19
1787278702.198414,resting,fast,1787278684.5223618,-249.28305372144177,-187.29575097232203,1347.6859632684927,14.047181322922913,-18.696229029107897,2.967596528961601e-19
1787278702.2093768,resting,fast,1787278684.5223618,-249.21088080819618,-188.39855089214836,1345.368967434807,14.129891316910193,-18.6908160606147,2.9667733420961113e-19
1787278702.220594,resting,fast,1787278684.5223618,-247.98743311650787,-187.6243104567576,1341.36986912874,14.071823284255675,-18.599057483737724,2.9648350443229847e-19
1787278702.2318704,resting,fast,1787278684.5223618,-247.44472916387303,-187.6288940144285,1344.7698609380159,14.072167051080928,-18.558354687290304,2.9704714029207803e-19
1787278702.2428362,resting,fast,1787278684.5223618,-247.0789312200236,-185.801499955763,1347.8545458352082,13.93511249668109,-18.530919841501607,2.973465953611874e-19
1787278702.2539892,resting,fast,1787278684.5223618,-248.8868610164086,-187.22487124872544,1353.0170849707147,14.041865343653132,-18.666514576230483,2.9772966795338013e-19
1787278702.2651129,resting,fast,1787278684.5223618,-247.50086653964945,-186.56135974999086,1351.9737125713755,13.992101981248101,-18.562564990473412,2.974125643828199e-19
1787278702.2761512,resting,fast,1787278684.5223618,-247.71735176465927,-187.1465300350461,1351.384294563849,14.035989752627206,-18.578801382349397,2.9707906362804727e-19
1787278702.2871788,resting,fast,1787278684.5223618,-247.04656292782101,-185.73378995405744,1348.7949748284636,13.930034246553237,-18.528492219586454,2.9672205746081917e-19
1787278702.2982998,resting,fast,1787278684.5223618,-248.6772510895712,-186.6191792744006,1349.080483002249,13.99643844557868,-18.650793831717614,2.9646248436607834e-19
1787278702.3090641,resting,fast,1787278684.5223618,-248.10776469480197,-188.13020149184365,1347.177892514036,14.109765111887004,-18.608082352110053,2.9683324521412358e-19
1787278702.3199759,resting,fast,1787278684.5223618,-247.39192086301364,-188.8949925538417,1347.9745186563132,14.167124441537002,-18.554394064725813,2.9715254256772227e-19
1787278702.3315115,resting,fast,1787278684.5223618,-246.0675544585497,-186.87140078830078,1342.2063389653385,14.015355059121507,-18.45506658439097,2.9676233504959344e-19
1787278702.3425632,resting,fast,1787278684.5223618,-246.8773196476609,-185.4020804054004,1342.9798405391966,13.905156030403877,-18.515798973574306,2.9668780548054677e-19
1787278702.3537762,resting,fast,1787278684.5223618,-247.73556363821854,-185.02543181941735,1346.9093836214297,13.876907386455162,-18.580167272866085,2.965165512330641e-19
1787278702.3646715,resting,fast,1787278684.5223618,-248.70816657117257,-186.4829159378652,1351.6814794668799,13.986218695338824,-18.6531124928379,2.974073758632955e-19
1787278702.375943,resting,fast,1787278684.5223618,-247.91247997079563,-186.82394984085352,1354.6660352111694,14.011796238062917,-18.593435997809635,2.974925890914124e-19
1787278702.3871539,resting,fast,1787278684.5223618,-247.6092769662223,-187.14410274833165,1351.1407119795958,14.035807706123737,-18.57069577246652,2.9720397825541105e-19
1787278702.3982558,resting,fast,1787278684.5223618,-247.21973966953874,-187.01225683758855,1348.6527770155344,14.025919262818054,-18.5414804752153,2.9619008477771965e-19
1787278702.4092119,resting,fast,1787278684.5223618,-247.47338191830613,-187.2486098505825,1345.8119925074616,14.043645738792495,-18.560503643872472,2.9580486256813485e-19
1787278702.4204452,resting,fast,1787278684.5223618,-247.15253584359607,-186.82953160249133,1344.6261760834032,14.012214870185776,-18.53644018826939,2.958479883468607e-19
1787278702.4315567,resting,fast,1787278684.5223618,-247.6949272363113,-186.99759232805116,1348.4455151944394,14.024819424602885,-18.577119542723032,2.966978545787377e-19
1787278702.442464,resting,fast,1787278684.5223618,-249.348950852725,-189.61903358145776,1351.199161906693,14.221427518608298,-18.70117131395434,2.973563703381055e-19
1787278702.4538217,resting,fast,1787278684.5223618,-249.56115529814133,-190.23917187843756,1352.9011595998572,14.26793789088163,-18.71708664736014,2.972941837660833e-19
1787278702.4646864,resting,fast,1787278684.5223618,-248.9546061013084,-189.9006598382092,1350.3250811528824,14.242549487864355,-18.67159545759771,2.9703223829123773e-19
1787278702.4759321,resting,fast,1787278684.5223618,-247.57747187419,-186.90632348975316,1348.904066607608,14.017974261730178,-18.56831039056383,2.963324569596932e-19
1787278702.4870005,resting,fast,1787278684.5223618,-247.45533044847753,-186.42971910514473,1346.274997925727,13.982228932884698,-18.559149783635455,2.9635404169749277e-19
1787278702.4980228,resting,fast,1787278684.5223618,-247.14671711090023,-186.0512724222159,1346.475837218749,13.953845431665176,-18.536003783317334,2.964115288837661e-19
1787278702.5091143,resting,fast,1787278684.5223618,-247.89624374532423,-188.61366017840317,1347.5721190783488,14.146024513379093,-18.59221828089901,2.965074293370625e-19
1787278702.5203981,resting,fast,1787278684.5223618,-247.9107877890251,-188.05614406257166,1350.326537308577,14.104210804691721,-18.59330908417669,2.9655271427240253e-19
1787278702.5315073,resting,fast,1787278684.5223618,-248.02400152230575,-188.12367184932816,1351.307972324793,14.109275388698382,-18.601800114172626,2.9649231808587064e-19
1787278702.5423832,resting,fast,1787278684.5223618,-246.45184173234657,-184.90836352166036,1351.0216640575536,13.868127264123377,-18.48388812992569,2.966353323236216e-19
1787278702.5535607,resting,fast,1787278684.5223618,-247.6882966924236,-185.99590337925213,1350.8266773750738,13.949692753442836,-18.576622251931695,2.9700425628997615e-19
1787278702.5646281,resting,fast,1787278684.5223618,-247.96758335272852,-185.9709150275895,1351.4109335145085,13.947818627068134,-18.597568751454432,2.969708175396592e-19
1787278702.575761,resting,fast,1787278684.5223618,-249.7343639564774,-187.23072009396435,1354.1422416200176,14.042304007046358,-18.73007729673551,2.9709080996411716e-19
1787278702.5868735,resting,fast,1787278684.5223618,-248.83958971605216,-187.472734658052,1351.683837122625,14.06045509935267,-18.66296922870375,2.9680145175925444e-19
1787278702.597972,resting,fast,1787278684.5223618,-248.31591443497064,-187.09613771873603,1350.9339551540334,14.032210328903961,-18.623693582622508,2.9681270995136183e-19
1787278702.609083,resting,fast,1787278684.5223618,-248.11732652303408,-187.7147868151559,1346.3719323000923,14.078609011135644,-18.608799489227422,2.9670308992475676e-19
1787278702.620195,resting,fast,1787278684.5223618,-247.68064532880135,-185.97045718108427,1347.8848951600858,13.947784288580312,-18.576048399659996,2.967692914497988e-19
1787278702.6313775,resting,fast,1787278684.5223618,-247.9145825905066,-185.56174478097762,1347.4469293693355,13.917130858572182,-18.593593694287776,2.9677441975896303e-19
1787278702.6421902,resting,fast,1787278684.5223618,-248.22007433165845,-184.26952501455924,1350.5592212233323,13.820214376090892,-18.616505574873877,2.9670124852757715e-19
1787278702.653408,resting,fast,1787278684.5223618,-248.50369276544416,-184.77926460509673,1353.0601393824936,13.858444845381104,-18.63777695740788,2.971268531892807e-19
1787278702.664705,resting,fast,1787278684.5223618,-247.8869081680682,-185.0973701700549,1351.7014269032888,13.88230276275316,-18.591518112605108,2.970358091723913e-19
1787278702.6757329,resting,fast,1787278684.5223618,-247.0371350085329,-186.10430118489796,1347.9387626645266,13.957822588866481,-18.527785125639923,2.9718299257837895e-19
1787278702.6867383,resting,fast,1787278684.5223618,-246.32003019310332,-186.3925073674751,1344.9864869985495,13.979438052559505,-18.474002264482607,2.966303359300925e-19
1787278702.6979458,resting,fast,1787278684.5223618,-247.57824071390087,-187.2424794080615,1345.7445972298783,14.043185955603423,-18.56836805354235,2.966931628969713e-19
1787278702.7089763,resting,fast,1787278684.5223618,-246.90816709096134,-186.31403155093028,1345.3188934250802,13.973552366318547,-18.51811253182195,2.964395346526202e-19
1787278702.7201037,resting,fast,1787278684.5223618,-247.33895085045742,-185.7858648392504,1344.3213101648698,13.933939862942555,-18.55042131378393,2.9645733654899406e-19
1787278702.7312279,resting,fast,1787278684.5223618,-246.25950614265685,-185.96897753977908,1343.0606158060773,13.94767331548221,-18.469462960699225,2.96402268375398e-19
1787278702.7423935,resting,fast,1787278684.5223618,-246.8713960086211,-187.4035918161802,1341.9979795757763,14.055269386212306,-18.515354700646398,2.9672138645407304e-19
1787278702.7534227,resting,fast,1787278684.5223618,-246.56818936263653,-187.89738873719273,1344.9174312340592,14.092304155288222,-18.492614202197586,2.970936763000206e-19
1787278702.7645898,resting,fast,1787278684.5223618,-246.71543388274267,-188.045851820125,1346.7536124723783,14.103438886508162,-18.50365754120545,2.9728032457147316e-19
1787278702.775621,resting,fast,1787278684.5223618,-247.5458904762104,-186.93967993961667,1346.8135502586965,14.020475995470154,-18.5659417857156,2.970816082144357e-19
1787278702.7867026,resting,fast,1787278684.5223618,-246.53424560963822,-185.9865356711249,1338.2904463876666,13.948990175333225,-18.490068420722565,2.9649190951544665e-19
1787278702.7978318,resting,fast,1787278684.5223618,-247.3679723586297,-186.0215412515239,1337.2277041321222,13.951615593863,-18.552597926897036,2.9621529318500165e-19
1787278702.8089259,resting,fast,1787278684.5223618,-245.95993238115398,-186.82729266651984,1340.9598284232825,14.012046949987809,-18.44699492858644,2.9656754132789502e-19
1787278702.8201144,resting,fast,1787278684.5223618,-247.55092411803116,-187.6704179480315,1347.1063964816394,14.075281346101097,-18.566319308852265,2.968773718421607e-19
1787278702.8311298,resting,fast,1787278684.5223618,-247.71218923782862,-187.01209080706792,1349.4090677301347,14.025906810528813,-18.578414192836874,2.9708826701347725e-19
1787278702.8422256,resting,fast,1787278684.5223618,-247.23731542023006,-187.56463051292837,1344.8558526724655,14.06734728846833,-18.54279865651729,2.9642964079921473e-19
1787278702.8533792,resting,fast,1787278684.5223618,-247.57407937880407,-188.17423891395754,1347.5976960616945,14.113067918545756,-18.568055953410337,2.9652743559411563e-19
1787278702.8644106,resting,fast,1787278684.5223618,-244.958352189195,-186.30054927604317,1340.9477910869437,13.972541195702181,-18.371876414189543,2.9593281615228074e-19
1787278702.8755245,resting,fast,1787278684.5223618,-245.84342321673876,-185.06026995497984,1343.4943903672001,13.879520246622409,-18.438256741255017,2.961506373164372e-19
1787278702.886514,resting,fast,1787278684.5223618,-246.45651804552426,-186.4075904435764,1341.3047221748684,13.980569283267034,-18.484238853414183,2.9587594223825624e-19
1787278702.8976662,resting,fast,1787278684.5223618,-248.55192371876774,-187.47400802023878,1344.3703525821793,14.060550601516685,-18.641394278907363,2.962027633783152e-19
1787278702.908771,resting,fast,1787278684.5223618,-247.68161113773613,-187.0510854333969,1347.2693402844516,14.028831407503677,-18.5761208353302,2.964413632499523e-19
1787278702.919905,resting,fast,1787278684.5223618,-247.08289262815788,-186.37048055867342,1349.2159399944367,13.977786041899297,-18.531216947111673,2.969452035371169e-19
1787278702.9308136,resting,fast,1787278684.5223618,-248.2202351919109,-188.16693849545834,1349.3314838335618,14.112520387158316,-18.616517639393088,2.97071454676716e-19
1787278702.941994,resting,fast,1787278684.5223618,-248.64245286508458,-188.30042631132335,1346.991077369682,14.122531973348192,-18.64818396488115,2.967964650271023e-19
1787278702.9530015,resting,fast,1787278684.5223618,-248.29800487886087,-187.0530876199772,1342.7476909875904,14.028981571497145,-18.62235036591462,2.9594988584934926e-19
1787278702.964226,resting,fast,1787278684.5223618,-247.79657561954946,-185.92435780188055,1344.8031185764821,13.944326835139865,-18.5847431714662,2.9587842757782514e-19
1787278702.975124,resting,fast,1787278684.5223618,-249.86349723066496,-187.73859128341326,1351.0779429559961,14.080394346254824,-18.73976229229978,2.96373318932837e-19
1787278702.9862952,resting,fast,1787278684.5223618,-251.53369526235974,-188.8259664513347,1359.316961659616,14.161947483848952,-18.86502714467685,2.972249955539233e-19
1787278702.997494,resting,fast,1787278684.5223618,-250.98349509508398,-189.53131025459732,1360.2415442947795,14.214848269093782,-18.8237621321311,2.976277404173832e-19
1787278703.008534,resting,fast,1787278684.5223618,-248.7688233393369,-188.94885099912938,1351.053864257422,14.171163824933704,-18.65766175045013,2.97107312677827e-19
1787278703.0196526,resting,fast,1787278684.5223618,-247.73161804689562,-188.76452500153857,1346.5748607816686,14.157339375114379,-18.57987135351702,2.968975337353067e-19
1787278703.030926,resting,fast,1787278684.5223618,-246.38192009316072,-186.47941575306515,1343.5870502717235,13.985956181478574,-18.478644006986897,2.9617635421868953e-19
1787278703.0419095,resting,fast,1787278684.5223618,-247.1947719998866,-185.42752543351764,1347.2575373409882,13.907064407512753,-18.539607899991324,2.9641529088333665e-19
1787278703.0529552,resting,fast,1787278684.5223618,-246.66035341110683,-185.46400193891498,1346.8840884869342,13.909800145417496,-18.499526505832876,2.9630926765018904e-19
1787278703.0640988,resting,fast,1787278684.5223618,-247.15167773193434,-186.81350013692224,1347.3652128159656,14.011012510268149,-18.53637582989473,2.9641742642612572e-19
1787278703.0753107,resting,fast,1787278684.5223618,-246.7440470320621,-187.25930471837466,1344.9869714277402,14.044447853877035,-18.505803527404552,2.9645827441311233e-19
1787278703.0863798,resting,fast,1787278684.5223618,-247.69156960812097,-187.72968443890625,1345.7916280686486,14.079726332917051,-18.576867720609215,2.967707383522111e-19
1787278703.0975387,resting,fast,1787278684.5223618,-247.8154915573009,-187.8022601973695,1344.5219869850707,14.085169514801922,-18.586161866797696,2.9680344610210465e-19
1787278703.1085064,resting,fast,1787278684.5223618,-247.79450667664833,-190.14013315822228,1344.8019541486437,14.26050998686549,-18.584588000748433,2.963592234959471e-19
1787278703.1197925,resting,fast,1787278684.5223618,-246.5023958429124,-188.44832824527487,1343.298468508111,14.133624618394439,-18.487679688218243,2.959531507051643e-19
1787278703.1309226,resting,fast,1787278684.5223618,-247.14429738832723,-189.05474546980224,1346.1170277433675,14.179105910233819,-18.53582230412426,2.963867555434384e-19
1787278703.1418781,resting,fast,1787278684.5223618,-246.62565127003973,-185.21268613647328,1349.8378992567186,13.890951460234394,-18.496923845252816,2.970188314243236e-19
1787278703.153009,resting,fast,1787278684.5223618,-247.33546542134673,-185.35569568467247,1352.4185724169283,13.901677176349413,-18.550159906600953,2.972793805504057e-19
1787278703.1640532,resting,fast,1787278684.5223618,-247.28310799875499,-184.60066247545012,1354.8908899116605,13.845049685657603,-18.546233099906374,2.970909868082896e-19
1787278703.175058,resting,fast,1787278684.5223618,-247.62361534822367,-186.57554723973283,1352.8374265854227,13.993166042978675,-18.57177115111672,2.9685333003295256e-19
1787278703.1861594,resting,fast,1787278684.5223618,-248.91518922257592,-187.51406682042227,1351.8508290067266,14.063555011530486,-18.668639191692947,2.9684139752507695e-19
1787278703.1973069,resting,fast,1787278684.5223618,-248.68042667075179,-188.9739488597014,1350.6764026389164,14.17304616447645,-18.651032000306273,2.9682246521191665e-19
1787278703.2083623,resting,fast,1787278684.5223618,-250.63733264002212,-189.2973285314455,1352.12675037393,14.197299639857267,-18.79779994800132,2.9705830056056456e-19
1787278703.219569,resting,fast,1787278684.5223618,-249.00513143746184,-189.14233643570117,1351.3752165110263,14.185675232676633,-18.67538485780942,2.9687915382315585e-19
1787278703.2307332,resting,fast,1787278684.5223618,-250.81855085227608,-189.18925441716317,1350.7129650978977,14.189194081286065,-18.811391313920694,2.971396251134481e-19
1787278703.241777,resting,fast,1787278684.5223618,-249.05124565667438,-189.41704575081883,1349.7303849910468,14.206278431310242,-18.67884342425024,2.9705523115932206e-19
1787278703.252787,resting,fast,1787278684.5223618,-248.4826501613129,-188.46292955302818,1347.9402392187467,14.134719716476102,-18.636198762098118,2.967676215933356e-19
1787278703.2640405,resting,fast,1787278684.5223618,-246.45611221494573,-188.05080721760407,1347.7544046925914,14.103810541319081,-18.484208416120573,2.967011570011348e-19
1787278703.2750041,resting,fast,1787278684.5223618,-247.30940002335092,-188.5475350793796,1349.4887083039184,14.141065130952231,-18.5482050017509,2.967900964781314e-19
1787278703.2859907,resting,fast,1787278684.5223618,-247.3554719584913,-189.08503240659672,1349.3130682556975,14.181377430493459,-18.551660396886618,2.969780745516097e-19
1787278703.29718,resting,fast,1787278684.5223618,-249.48794637815763,-188.94825975493097,1349.4041175312568,14.17111948161865,-18.711595978361615,2.96814883657206e-19
1787278703.3083389,resting,fast,1787278684.5223618,-249.1599238587055,-188.60061610861146,1346.482949557093,14.14504620814461,-18.68699428940264,2.964190948105818e-19
1787278703.3195627,resting,fast,1787278684.5223618,-249.63128961821758,-188.436853517307,1348.3821705021428,14.132764013796919,-18.722346721366215,2.9635633761231347e-19
1787278703.3305202,resting,fast,1787278684.5223618,-247.43226517834637,-187.8458172944596,1343.1036560236325,14.088436297083323,-18.557419888375698,2.956876254630985e-19
1787278703.341728,resting,fast,1787278684.5223618,-248.8324345870883,-188.2582155459271,1349.8365549089058,14.119366165943507,-18.66243259403133,2.962756618201279e-19
1787278703.3525755,resting,fast,1787278684.5223618,-248.6225624005706,-189.08786564327363,1351.2142816994028,14.181589923244221,-18.64669218004262,2.9671820838940694e-19
1787278703.3637228,resting,fast,1787278684.5223618,-248.06963833787313,-189.13519216225188,1351.8743573365546,14.185139412167704,-18.605222875340345,2.9698452884214415e-19
1787278703.3748486,resting,fast,1787278684.5223618,-246.94596545682498,-188.1619385036937,1344.1819800095773,14.112145387775886,-18.520947409261595,2.962575421782127e-19
1787278703.3858902,resting,fast,1787278684.5223618,-247.0845361732986,-187.30509974142763,1344.3548829999063,14.04788248060574,-18.531340212997016,2.961703072566397e-19
1787278703.39697,resting,fast,1787278684.5223618,-246.52490455351244,-187.74622614501766,1344.395295996831,14.080966960875134,-18.489367841513193,2.961838583155745e-19
1787278703.408064,resting,fast,1787278684.5223618,-246.8753912281113,-188.13479127549078,1349.2126804817208,14.110109345660678,-18.515654342108043,2.9644393851773e-19
1787278703.419211,resting,fast,1787278684.5223618,-246.84037793431935,-188.9544288244732,1349.1905279620232,14.17158216183434,-18.51302834507372,2.963955103133428e-19
1787278703.4304051,resting,fast,1787278684.5223618,-248.88396883880023,-188.2315998702603,1354.1532278773784,14.117369990268404,-18.666297662909727,2.967858137549411e-19
1787278703.4414003,resting,fast,1787278684.5223618,-248.1141438953323,-187.51139661980858,1354.4844132398275,14.063354746484325,-18.60856079214993,2.967566934073711e-19
1787278703.452567,resting,fast,1787278684.5223618,-248.83951601246963,-187.23507772490086,1353.4771246783394,14.042630829366335,-18.662963700935038,2.9681686040487386e-19
1787278703.4635859,resting,fast,1787278684.5223618,-249.13811604108605,-189.5011791209148,1353.8543099032495,14.21258843406746,-18.68535870308112,2.9695634732490358e-19
1787278703.4746807,resting,fast,1787278684.5223618,-249.31991179242823,-190.61905173713455,1350.9460919343937,14.296428880283802,-18.698993384431944,2.9701175489502317e-19
1787278703.4858222,resting,fast,1787278684.5223618,-249.08755066772164,-191.04734706881925,1351.0076972876295,14.328551030160202,-18.681566300079126,2.969963408905811e-19
1787278703.4967737,resting,fast,1787278684.5223618,-248.75344696753427,-189.36458256043386,1348.0003596454417,14.20234369203131,-18.656508522564913,2.9661753849581875e-19
1787278703.5078514,resting,fast,1787278684.5223618,-249.27312087375458,-189.54606303132698,1351.3119004684422,14.215954727348393,-18.695484065531538,2.969496102202204e-19
1787278703.519104,resting,fast,1787278684.5223618,-248.17267213230616,-187.80246909098503,1347.1548749277072,14.085185181822869,-18.61295040992276,2.966289361068193e-19
1787278703.5301526,resting,fast,1787278684.5223618,-247.43837168027994,-187.44785314787725,1347.931398599213,14.058588986089848,-18.557877876020804,2.964832051890972e-19
1787278703.5412323,resting,fast,1787278684.5223618,-247.79534060488777,-187.14209781805414,1348.8996151031542,14.035657336352887,-18.584650545366358,2.9647228124077116e-19
1787278703.552382,resting,fast,1787278684.5223618,-248.1823468338648,-188.54517627402186,1350.2796770269897,14.140888220550412,-18.61367601253947,2.963914073411104e-19
1787278703.5635738,resting,fast,1787278684.5223618,-248.31888938497423,-189.47322017847966,1350.0359694731933,14.210491513384799,-18.62391670387278,2.965885807748472e-19
1787278703.5746782,resting,fast,1787278684.5223618,-246.36607193594637,-188.25435833334393,1346.1927192189223,14.11907687499954,-18.47745539519584,2.9628975041129227e-19
1787278703.585389,resting,fast,1787278684.5223618,-246.31360299951166,-185.82180282909133,1348.1277854042683,13.936635212180821,-18.473520224963288,2.9644962187637993e-19
1787278703.5965374,resting,fast,1787278684.5223618,-247.18843462756695,-185.87167036777703,1353.0511870881046,13.94037527758228,-18.539132597067166,2.9686916748412677e-19
1787278703.6080832,resting,fast,1787278684.5223618,-247.28242369623013,-184.9144319137141,1353.5056397406925,13.868582393527394,-18.546181777217093,2.966837152488673e-19
1787278703.6191692,resting,fast,1787278684.5223618,-247.33310963414397,-187.263959641807,1353.8042369628174,14.044796973134385,-18.54998322256052,2.9678375748567183e-19
1787278703.6302876,resting,fast,1787278684.5223618,-246.98741523566105,-186.63189955340692,1351.554996646214,13.997392466504412,-18.524056142674205,2.9688704506250374e-19
1787278703.6413727,resting,fast,1787278684.5223618,-246.67574128230126,-187.4217989584082,1350.3566208851744,14.056634921879482,-18.50068059617231,2.9709151695606273e-19
1787278703.6524844,resting,fast,1787278684.5223618,-246.71651842281744,-186.58560365819892,1348.9257421999382,13.993920274363834,-18.503738881711044,2.971347119705911e-19
1787278703.663491,resting,fast,1787278684.5223618,-247.61726842377493,-186.94994973727046,1350.3654845883275,14.021246230294143,-18.571295131782783,2.970682971803693e-19
1787278703.6746838,resting,fast,1787278684.5223618,-249.25150691573572,-187.8042972829038,1353.083895836383,14.08532229621672,-18.693863018680112,2.970519497741815e-19
1787278703.685729,resting,fast,1787278684.5223618,-250.1504062475865,-188.1299099521117,1357.7489012608648,14.109743246407195,-18.761280468568863,2.972455885632633e-19
1787278703.696876,resting,fast,1787278684.5223618,-249.89591100397638,-188.48694348055676,1357.5850671480302,14.136520761040561,-18.74219332529814,2.970904405572916e-19
1787278703.7079377,resting,fast,1787278684.5223618,-249.30035602136695,-187.57646128231443,1356.4612214792533,14.068234596172477,-18.69752670160245,2.973409155468233e-19
1787278703.719091,resting,fast,1787278684.5223618,-249.22765037482395,-187.46042145823537,1352.2325673638743,14.059531609366605,-18.692073778111663,2.9682012628858506e-19
1787278703.7301366,resting,fast,1787278684.5223618,-248.4894331526325,-186.75556490674137,1349.7632899134742,14.006667368004475,-18.63670748644749,2.967094644623785e-19
1787278703.7412019,resting,fast,1787278684.5223618,-249.8114765495925,-187.8604664137489,1352.2642875850424,14.089534981029932,-18.73586074121924,2.966698562392828e-19
1787278703.752381,resting,fast,1787278684.5223618,-249.72369190285963,-188.61814410893624,1354.029426426715,14.146360808169181,-18.729276892714246,2.9707275501805665e-19
1787278703.7634466,resting,fast,1787278684.5223618,-249.50863707231792,-189.0702543597048,1353.474347122542,14.180269076976831,-18.713147780423647,2.9660642903551658e-19
1787278703.7745423,resting,fast,1787278684.5223618,-248.23275347128356,-187.6091954388968,1350.991899235044,14.070689657916038,-18.617456510346088,2.9631840864516085e-19
1787278703.7858038,resting,fast,1787278684.5223618,-247.71345550988417,-187.60660792350052,1348.8065418492943,14.07049559426132,-18.57850916324127,2.960358109912582e-19
1787278703.7967749,resting,fast,1787278684.5223618,-247.68991848433006,-187.96625069721574,1347.101765188424,14.097468802290155,-18.576743886324536,2.967022249209191e-19
1787278703.8077033,resting,fast,1787278684.5223618,-247.37759914750086,-187.99354137065563,1348.8428981877378,14.099515602797997,-18.553319936062415,2.970196617692872e-19
1787278703.8190143,resting,fast,1787278684.5223618,-248.29476926588586,-188.434452902795,1351.8302759195585,14.13258396770846,-18.622107694941455,2.973687832976889e-19
1787278703.8301144,resting,fast,1787278684.5223618,-249.00043382207014,-187.94879571975696,1354.8932192058555,14.096159678980687,-18.675032536655166,2.970679544406386e-19
1787278703.8411238,resting,fast,1787278684.5223618,-248.483006263496,-188.40382005732033,1348.923102413909,14.130286504297974,-18.636225469762188,2.966083485372561e-19
1787278703.852325,resting,fast,1787278684.5223618,-247.62136587045507,-186.88710242633408,1346.7406092421124,14.016532681974187,-18.57160244028411,2.96470621474327e-19
1787278703.8633673,resting,fast,1787278684.5223618,-249.26742100200454,-187.65618595167018,1353.966195592454,14.074213946373892,-18.695056575150296,2.97436042506519e-19
1787278703.8745058,resting,fast,1787278684.5223618,-251.35879818759304,-189.65497620498775,1358.589673753845,14.224123215372973,-18.85190986406942,2.978074270716022e-19
1787278703.8855455,resting,fast,1787278684.5223618,-251.6999322633551,-189.58724820231475,1361.943577135854,14.219043615172499,-18.877494919751406,2.9780315344301557e-19
1787278703.8968258,resting,fast,1787278684.5223618,-250.31348086116168,-188.3531464274903,1353.351737901944,14.126485982060618,-18.773511064586792,2.968111963363467e-19
1787278703.9077415,resting,fast,1787278684.5223618,-249.30512984665575,-186.22081225671684,1350.0535850210044,13.96656091925242,-18.697884738498907,2.96353998607474e-19
1787278703.9189851,resting,fast,1787278684.5223618,-249.32365531771347,-187.14312014993664,1347.886856240014,14.03573401124402,-18.6992741488284,2.9651241389329977e-19
1787278703.9299278,resting,fast,1787278684.5223618,-249.2692543339067,-187.2994977788445,1349.5576879101982,14.047462333411989,-18.695194075042856,2.9634172058135553e-19
1787278703.9410791,resting,fast,1787278684.5223618,-249.64210392474115,-188.119768456423,1353.2651188755963,14.108982634230632,-18.72315779435523,2.968730716091946e-19
1787278703.952179,resting,fast,1787278684.5223618,-249.78720822771675,-188.38254461230065,1351.181984495538,14.128690845921529,-18.734040617078463,2.9664999907578366e-19
1787278703.9632165,resting,fast,1787278684.5223618,-249.95264301096586,-187.59765940544014,1353.5142000480255,14.069824455407005,-18.746448225821936,2.972752788688229e-19
1787278703.9743204,resting,fast,1787278684.5223618,-249.9145224412473,-187.72245390905744,1354.0829748610186,14.07918404317832,-18.74358918309344,2.9736209733955037e-19
1787278703.987804,resting,fast,1787278684.5223618,-250.45544377265333,-187.9588815299236,1358.462409752955,14.096916114743227,-18.784158282948887,2.974936695626593e-19
1787278703.9965227,resting,fast,1787278684.5223618,-249.04168700116907,-188.2721825978225,1356.3419341506024,14.120413694835452,-18.678126525087436,2.974701969728289e-19
1787278704.007656,resting,fast,1787278684.5223618,-248.8098330369753,-189.20090068439424,1352.7898054627503,14.19006755132833,-18.66073747777319,2.972851078536998e-19
1787278704.0188487,resting,fast,1787278684.5223618,-247.4113536889131,-189.67031132990417,1348.2906057092468,14.225273349741716,-18.55585152666832,2.9700460741579324e-19
1787278704.0293717,resting,fast,1787278684.5223618,-248.15893009571346,-190.86077599775456,1349.3513253753035,14.31455819983059,-18.61191975717798,2.9693529649805913e-19
1787278704.04057,resting,fast,1787278684.5223618,-247.193452544519,-189.59527074291384,1345.4970258489566,14.219645305717439,-18.539508940838793,2.9601542909726364e-19
1787278704.052132,resting,fast,1787278684.5223618,-247.51475740707383,-189.1974783330246,1346.4627797225849,14.189810874975809,-18.563606805530114,2.961378523201451e-19
1787278704.063154,resting,fast,1787278684.5223618,-247.977480086,-188.56440423541028,1347.1617347383826,14.14233031765463,-18.5983110064496,2.959379919158363e-19
1787278704.074248,resting,fast,1787278684.5223618,-248.54433900502363,-187.66201230656486,1350.3980705853292,14.074650922991143,-18.640825425376498,2.969784072547051e-19
1787278704.0853012,resting,fast,1787278684.5223618,-248.71777877952945,-186.6539760700838,1352.7802815226396,13.99904820525521,-18.6538334084647,2.9723060092500953e-19
1787278704.0965273,resting,fast,1787278684.5223618,-248.62425517429392,-187.22759876356656,1351.156974872788,14.04206990726627,-18.646819138071812,2.9741676106510074e-19
1787278704.1075327,resting,fast,1787278684.5223618,-249.14743138261156,-188.49912882527144,1352.7389040003518,14.137434661894122,-18.686057353695595,2.970549942648063e-19
1787278704.1188529,resting,fast,1787278684.5223618,-249.18119149683434,-190.05422514611257,1351.329077524938,14.25406688595729,-18.68858936226222,2.969370530498206e-19
1787278704.129735,resting,fast,1787278684.5223618,-249.26271317501823,-189.3779100189871,1351.8978648665297,14.20334325142284,-18.69470348812606,2.9699614141868028e-19
1787278704.140771,resting,fast,1787278684.5223618,-249.59816079070197,-187.7333905227764,1355.2902212253766,14.080004289207057,-18.719862059302514,2.971097669917602e-19
1787278704.1518831,resting,fast,1787278684.5223618,-250.80323663431545,-186.88330187700956,1357.219234293435,14.016247640774612,-18.810242747573554,2.9751093247532226e-19
1787278704.163073,resting,fast,1787278684.5223618,-249.48447854386768,-186.52502486116657,1356.2686374580344,13.989376864586536,-18.711335890790117,2.974249721379376e-19
1787278704.1737223,resting,fast,1787278684.5223618,-250.001915883297,-188.5637614032986,1355.464512539752,14.142282105246256,-18.75014369124723,2.9782441354957006e-19
1787278704.1872675,resting,fast,1787278684.5223618,-248.70362757990597,-188.581735881873,1354.1818214002678,14.143630191139298,-18.652772068492773,2.9757135633494564e-19
1787278704.1961913,resting,fast,1787278684.5223618,-248.46166343185496,-189.07289690926234,1351.4342511519944,14.180467268193613,-18.634624757389176,2.9716241180545716e-19
1787278704.2075984,resting,fast,1787278684.5223618,-246.69127481762598,-187.62637096871515,1345.9713288320427,14.071977822652503,-18.501845611321578,2.9642548341552517e-19
1787278704.2212334,resting,fast,1787278684.5223618,-246.80064374910444,-187.18121675837472,1344.3598496891327,14.038591256877002,-18.510048281182655,2.9574925930093925e-19
1787278704.2296271,resting,fast,1787278684.5223618,-247.9483827338313,-186.35631168569682,1346.8786326273357,13.976723376426111,-18.59612870503704,2.9588180359146585e-19
1787278704.2407792,resting,fast,1787278684.5223618,-248.51072482560767,-187.52531904936507,1352.420683097148,14.064398928701241,-18.638304361920355,2.9643126793182043e-19
1787278704.2519531,resting,fast,1787278684.5223618,-247.3027816863264,-186.8158501573165,1351.2640564338353,14.011188761797928,-18.54770862647421,2.965171313000578e-19
1787278704.2628908,resting,fast,1787278684.5223618,-247.12160553261083,-187.67884196660373,1351.752923996958,14.07591314749418,-18.53412041494564,2.968635662541183e-19
1787278704.274098,resting,fast,1787278684.5223618,-247.815325062184,-187.99238248992754,1354.2043749388986,14.099428686743185,-18.58614937966366,2.9694150055349695e-19
1787278704.2851722,resting,fast,1787278684.5223618,-248.14381155754245,-187.59563931533683,1353.4769527203052,14.069672948649089,-18.610785866815526,2.966596113167086e-19
1787278704.2961628,resting,fast,1787278684.5223618,-249.3336711579518,-187.80005820477834,1353.6891657133629,14.085004365357182,-18.700025336846487,2.9682521528461166e-19
1787278704.3072965,resting,fast,1787278684.5223618,-246.8225461187326,-184.5471415273679,1345.0864631274317,13.841035614551647,-18.511690958905056,2.9609686774567873e-19
1787278704.3185384,resting,fast,1787278684.5223618,-249.0453259479823,-187.17538262867913,1346.4138574677754,14.038153697149713,-18.67839944609839,2.9664316581942204e-19
1787278704.3295221,resting,fast,1787278684.5223618,-248.0318901235055,-186.14463065079883,1346.9633516515614,13.960847298808947,-18.602391759262744,2.964724774660843e-19
1787278704.3406105,resting,fast,1787278684.5223618,-249.0068121967347,-188.14838716016686,1349.4045408370848,14.111129037011285,-18.675510914754952,2.966875743215877e-19
1787278704.3540175,resting,fast,1787278684.5223618,-248.2216595880932,-186.48089232424024,1349.7204316760299,13.986066924316948,-18.616624469107016,2.967842201076119e-19
1787278704.3628204,resting,fast,1787278684.5223618,-247.8175977130045,-186.66609762568112,1349.9186745532597,13.999957321924999,-18.586319828475027,2.9659254342369173e-19
1787278704.3735347,resting,fast,1787278684.5223618,-249.0616621895865,-188.05170524200082,1352.5544736655838,14.103877893149136,-18.679624664218792,2.9696252367209495e-19
1787278704.384829,resting,fast,1787278684.5223618,-248.38602050138843,-189.18302268085233,1352.8014593701491,14.188726701062922,-18.62895153760396,2.96928073453487e-19
1787278704.39613,resting,fast,1787278684.5223618,-249.02625588084402,-190.59596791170145,1354.642430452558,14.294697593376231,-18.67696919106293,2.97127051482501e-19
1787278704.407206,resting,fast,1787278684.5223618,-248.50346694626342,-189.9310666330149,1351.7422610661806,14.24482999747504,-18.63776002096973,2.9729993906289146e-19
1787278704.420254,resting,fast,1787278684.5223618,-247.0366635255682,-188.5865922892864,1345.8107014686711,14.143994421695343,-18.5277497644174,2.9706650072222077e-19
1787278704.4293487,resting,fast,1787278684.5223618,-246.02915133231136,-188.02219354641568,1340.3492774695142,14.10166451597988,-18.45218634992299,2.965502776238771e-19
1787278704.4404528,resting,fast,1787278684.5223618,-245.73999449700796,-187.6597386782961,1343.8118386533506,14.074480400871298,-18.430499587275207,2.965415229778608e-19
1787278704.4538634,resting,fast,1787278684.5223618,-246.79808847527647,-188.11880448427257,1350.9266241310825,14.108910336319259,-18.509856635645505,2.9698180114249006e-19
1787278704.4627447,resting,fast,1787278684.5223618,-246.37754270205596,-187.7964571960057,1352.552451360306,14.084734289699373,-18.478315702653873,2.9713507758399066e-19
1787278704.4737468,resting,fast,1787278684.5223618,-246.1274865673763,-188.13105919790894,1347.1838322988779,14.109829439841963,-18.45956149255297,2.9640074704600772e-19
1787278704.4862342,resting,fast,1787278684.5223618,-247.14528488394944,-187.66945985518407,1345.93376851811,14.075209489137482,-18.535896366296193,2.9625595292828886e-19
1787278704.4961317,resting,fast,1787278684.5223618,-248.0492893018568,-187.34934535421291,1341.228327628708,14.051200901564844,-18.60369669763918,2.962447473099463e-19
1787278704.5066245,resting,fast,1787278684.5223618,-248.4932465952329,-187.5984195882396,1347.1635531591137,14.069881469116911,-18.636993494642162,2.9689671448543176e-19
1787278704.5194263,resting,fast,1787278684.5223618,-247.73921226091852,-186.97744430783007,1348.7864090734975,14.02330832308613,-18.580440919568765,2.9710729228572736e-19
1787278704.5293071,resting,fast,1787278684.5223618,-247.83042276136393,-186.8728824852975,1349.9590737720473,14.015466186396115,-18.587281707102235,2.9733316860350553e-19
1787278704.5404348,resting,fast,1787278684.5223618,-247.6015524789832,-185.31313505522587,1347.100454871451,13.898485129140571,-18.5701164359236,2.97025558470984e-19
1787278704.552837,resting,fast,1787278684.5223618,-247.5201539745317,-184.86796195444424,1347.6932614717925,13.865097146582375,-18.564011548089802,2.9678799185954933e-19
1787278704.562744,resting,fast,1787278684.5223618,-246.64992673657025,-184.40183531843707,1348.9010762323205,13.83013764888182,-18.49874450524286,2.96564511887444e-19
1787278704.573807,resting,fast,1787278684.5223618,-246.77927101393243,-185.6081670306504,1350.014482421263,13.920612527297923,-18.50844532604478,2.967729824718908e-19
1787278704.5861855,resting,fast,1787278684.5223618,-247.12143955507554,-186.02531050426308,1349.323762341116,13.951898287818498,-18.534107966630458,2.966939700078244e-19
1787278704.5960991,resting,fast,1787278684.5223618,-247.47980595662602,-186.80737705931062,1347.866329423573,14.010553279447311,-18.56098544674662,2.965013486216286e-19
1787278704.6067507,resting,fast,1787278684.5223618,-247.3207361984173,-187.44084928596237,1347.3462169131171,14.058063696446187,-18.54905521488105,2.9656466499780607e-19
1787278704.6202817,resting,fast,1787278684.5223618,-248.4218524602361,-189.02451077727358,1351.7716926342446,14.176838308294325,-18.631638934517618,2.9661438455409947e-19
1787278704.6292713,resting,fast,1787278684.5223618,-249.49259404685608,-188.4382036547105,1358.6560903191066,14.132865274101949,-18.711944553514236,2.9722361304574578e-19
1787278704.6403112,resting,fast,1787278684.5223618,-250.93443255585544,-188.77427813743986,1360.9360734400425,14.158070860306584,-18.820082441688967,2.971750343338843e-19
1787278704.6534433,resting,fast,1787278684.5223618,-250.2014355874203,-189.0244805548524,1359.2590235368561,14.176836041612521,-18.76510766905632,2.9778825428637263e-19
1787278704.6624584,resting,fast,1787278684.5223618,-248.8134727442316,-189.30978139186675,1354.5728479168147,14.19823360438875,-18.661010455817127,2.9726937743760916e-19
1787278704.6737683,resting,fast,1787278684.5223618,-247.40738268589075,-187.9959723441442,1349.8095354079896,14.099697925809512,-18.555553701441546,2.9726100824787407e-19
1787278704.6859338,resting,fast,1787278684.5223618,-247.96624358745385,-187.88716200353304,1350.7003865657416,14.091537150263807,-18.597468269058957,2.971998759940985e-19
1787278704.6958892,resting,fast,1787278684.5223618,-247.89831560597258,-187.6392463754479,1349.3232880723472,14.072943478157459,-18.592373670447536,2.9732476098627073e-19
1787278704.7068927,resting,fast,1787278684.5223618,-247.91874329767552,-188.74754873722407,1351.2916437435442,14.156066155290706,-18.593905747325422,2.971600496405648e-19
1787278704.7204459,resting,fast,1787278684.5223618,-247.16387217903457,-188.30892050554746,1347.3764813513908,14.123169037914895,-18.537290413427407,2.9677693275330744e-19
1787278704.7290552,resting,fast,1787278684.5223618,-247.93140877032647,-189.38973458571365,1349.878713535888,14.204230093927311,-18.594855657774346,2.9694445234215457e-19
1787278704.740257,resting,fast,1787278684.5223618,-248.47206442434936,-188.98978612453823,1350.75052098399,14.17423395933935,-18.635404831826015,2.9719760345731382e-19
1787278704.7536693,resting,fast,1787278684.5223618,-246.47139947526148,-188.43801887436177,1345.4762324621906,14.132851415575846,-18.485354960644464,2.9652156955284375e-19
1787278704.76237,resting,fast,1787278684.5223618,-247.13051789980136,-189.53925855282966,1348.8242836571017,14.215444391460938,-18.534788842485064,2.9666203185259423e-19
1787278704.7735171,resting,fast,1787278684.5223618,-246.48913947765823,-188.33873845405003,1349.2067918608054,14.125405384052659,-18.486685460824056,2.962344013766007e-19
1787278704.7866797,resting,fast,1787278684.5223618,-248.2583462018897,-189.31824841416085,1357.025113523684,14.19886863106095,-18.619375965141337,2.9724134860103065e-19
1787278704.79582,resting,fast,1787278684.5223618,-248.0727643749574,-188.51733463613107,1354.2021423644155,14.138800097708657,-18.605457328121823,2.9694957463438277e-19
1787278704.8068495,resting,fast,1787278684.5223618,-248.64470213300183,-188.79343146706412,1353.6824795537732,14.159507360028531,-18.648352659975032,2.9728562403775266e-19
1787278704.8194795,resting,fast,1787278684.5223618,-247.58625226647519,-187.26413333699145,1349.005724210726,14.04481000027312,-18.568968919985387,2.9661583773943856e-19
1787278704.829086,resting,fast,1787278684.5223618,-245.97538992152158,-185.4320864279017,1346.5429716915905,13.907406482091293,-18.448154244113915,2.9681932864051873e-19
1787278704.8401551,resting,fast,1787278684.5223618,-246.66465438689966,-186.1124347134397,1350.3859142210194,13.958432603506768,-18.499849079017196,2.9717230247948567e-19
1787278704.8522668,resting,fast,1787278684.5223618,-248.25111207195596,-187.3662324056139,1353.6223834130187,14.052467430419828,-18.61883340539643,2.9769544190590985e-19
1787278704.8623836,resting,fast,1787278684.5223618,-247.70008959721918,-187.60909343780384,1351.5445951864176,14.070682007834055,-18.577506719791103,2.975423385841673e-19
1787278704.8730981,resting,fast,1787278684.5223618,-246.73163733129104,-187.45485856776634,1347.6555915407853,14.059114392581154,-18.504872799846552,2.971312586477934e-19
1787278704.8846467,resting,fast,1787278684.5223618,-246.43486674482529,-187.88738965335676,1347.4467075893854,14.091554224000507,-18.48261500586174,2.9684924046491157e-19
1787278704.8958993,resting,fast,1787278684.5223618,-247.83830281774271,-188.80175467018114,1350.717536891002,14.160131600262392,-18.587872711330746,2.969014920581226e-19
1787278704.906812,resting,fast,1787278684.5223618,-248.16406165625494,-188.84013868035947,1350.6158561930106,14.163010401025804,-18.612304624218872,2.971426148956755e-19
1787278704.9184532,resting,fast,1787278684.5223618,-247.81269372998804,-188.72878731389358,1348.9383441173131,14.154659048541067,-18.58595202974888,2.9703489313743616e-19
1787278704.9290032,resting,fast,1787278684.5223618,-246.99775553079098,-187.90957622155872,1346.4669869364125,14.093218216615842,-18.524831664809156,2.9689874602337352e-19
1787278704.9400237,resting,fast,1787278684.5223618,-245.44569562244624,-187.7178696899838,1342.5429541959138,14.078840226747705,-18.408427171683186,2.9638103389704115e-19
1787278704.951737,resting,fast,1787278684.5223618,-246.00066105170436,-187.2234623325336,1344.3403725897706,14.041759674939005,-18.45004957887768,2.964022592238038e-19
1787278704.9623487,resting,fast,1787278684.5223618,-246.36623314846793,-187.4768007218148,1346.4352012003956,14.060760054135034,-18.477467486134593,2.965863186190953e-19
1787278704.9733913,resting,fast,1787278684.5223618,-248.6003083483024,-187.5954608461915,1353.3084429539203,14.069659563463293,-18.645023126122545,2.9722550684462475e-19
1787278704.9856887,resting,fast,1787278684.5223618,-247.70717383349483,-187.25782866582801,1350.34520606764,14.04433714993596,-18.578038037511668,2.9729439266066454e-19
1787278704.9955957,resting,fast,1787278684.5223618,-248.40634171421107,-186.7487273493806,1351.284700303332,14.006154551202602,-18.630475628565534,2.9753719310796884e-19
1787278705.0067985,resting,fast,1787278684.5223618,-248.7705955111901,-186.82529815865325,1349.6830821841422,14.011897361897912,-18.657794663339175,2.972454125388075e-19
1787278705.0183828,resting,fast,1787278684.5223618,-249.17211331618682,-187.47346896722445,1349.471198035265,14.060510172540678,-18.68790849871396,2.9727375592971726e-19
1787278705.0291097,resting,fast,1787278684.5223618,-249.85971541440222,-188.16303414539755,1349.52643860451,14.112227560903367,-18.739478656079925,2.970070351151932e-19
1787278705.039937,resting,fast,1787278684.5223618,-249.16373077807157,-188.1248083616448,1351.9180219029104,14.109360627122289,-18.687279808355257,2.974443697536231e-19
1787278705.0514646,resting,fast,1787278684.5223618,-248.5006405493782,-186.56141519735172,1350.0581203420343,13.99210613980036,-18.63754804120314,2.9699379412228447e-19
1787278705.062124,resting,fast,1787278684.5223618,-246.68399812967027,-186.20928676407914,1346.5022093635207,13.965696507305044,-18.501299859725137,2.965468747105242e-19
1787278705.0734818,resting,fast,1787278684.5223618,-245.91840480236579,-185.4038148036883,1341.735384412129,13.905286110275501,-18.443880360177147,2.9552470104622767e-19
1787278705.0844765,resting,fast,1787278684.5223618,-247.30006502086098,-185.15740375687153,1346.7922650362298,13.886805281764357,-18.547504876564247,2.958144884634474e-19
1787278705.095613,resting,fast,1787278684.5223618,-248.08270844272147,-185.70617417372443,1347.4016166717347,13.927963063028162,-18.606203133204033,2.9598467804144957e-19
1787278705.1065729,resting,fast,1787278684.5223618,-248.1753645413778,-185.71090540130933,1347.0006236860836,13.928317905096993,-18.613152340603,2.962745236977616e-19
1787278705.1176946,resting,fast,1787278684.5223618,-247.74560514333325,-186.32370968827843,1346.2662764457682,13.974278226619905,-18.580920385749707,2.9665449800158633e-19
1787278705.1289804,resting,fast,1787278684.5223618,-248.27055914732728,-186.24086142658132,1347.3856477246272,13.968064606992346,-18.620291936049263,2.968661260241985e-19
1787278705.1399362,resting,fast,1787278684.5223618,-248.62431218447682,-185.73213374158888,1349.8307942296824,13.929910030618078,-18.64682341383535,2.971500741882268e-19
1787278705.1511412,resting,fast,1787278684.5223618,-248.43580357342535,-187.15534762456457,1349.4521742589868,14.03665107184094,-18.63268526800656,2.970100506175192e-19
1787278705.1621113,resting,fast,1787278684.5223618,-247.80617777813632,-186.7987283638705,1349.5318423929339,14.00990462728915,-18.58546333336008,2.970406031604654e-19
1787278705.1731942,resting,fast,1787278684.5223618,-247.19976087548775,-188.3606491576487,1347.6007595423735,14.127048686822267,-18.539982065661313,2.9680968076069756e-19
1787278705.184371,resting,fast,1787278684.5223618,-247.43752741908656,-186.6434717441863,1346.5406587432217,13.998260380812813,-18.55781455643146,2.967649358825084e-19
1787278705.195364,resting,fast,1787278684.5223618,-247.46974847218144,-186.60776205560285,1347.5081922359632,13.995582154169103,-18.560231135413275,2.9708583641169295e-19
1787278705.2065194,resting,fast,1787278684.5223618,-247.12608984413282,-184.34617107913493,1345.9995040588756,13.825962830933992,-18.53445673831,2.9700335904426083e-19
1787278705.2176974,resting,fast,1787278684.5223618,-246.04205942827912,-184.92570835687513,1345.1891804751021,13.869428126764408,-18.453154457120725,2.967907033521788e-19
1787278705.2287972,resting,fast,1787278684.5223618,-246.89733309424673,-185.2589086331119,1342.6921733552417,13.89441814748226,-18.517299982068252,2.9675638236931647e-19
1787278705.2397962,resting,fast,1787278684.5223618,-246.6988762281976,-186.1077642415554,1343.7917010882657,13.958082318115576,-18.502415717114623,2.969489677762749e-19
1787278705.250888,resting,fast,1787278684.5223618,-246.55885638832433,-186.0312652469014,1345.7739559562242,13.952344893516457,-18.491914229124127,2.970777231782395e-19
1787278705.261926,resting,fast,1787278684.5223618,-245.4538892331925,-185.47180313906426,1350.0943899856748,13.910385235428567,-18.409041692489218,2.971818620799458e-19
1787278705.2733552,resting,fast,1787278684.5223618,-246.4951543014481,-186.4528919970818,1350.5630071290916,13.983966899780174,-18.487136572608463,2.9734954824752997e-19
1787278705.284257,resting,fast,1787278684.5223618,-245.52977522807532,-185.7802696828295,1343.210939560543,13.933520226211332,-18.414733142105504,2.965834504126478e-19
1787278705.2954886,resting,fast,1787278684.5223618,-244.51535468356587,-187.0236418014748,1338.3743444082074,14.026773135109327,-18.338651601267415,2.9588194124800677e-19
1787278705.306473,resting,fast,1787278684.5223618,-242.8289462601183,-186.314202928202,1335.5710005573537,13.973565219613963,-18.2121709695086,2.955347732992746e-19
1787278705.3176293,resting,fast,1787278684.5223618,-243.74513533734853,-187.2666176943934,1340.9889720376896,14.044996327078625,-18.280885150300982,2.9611407004624407e-19
1787278705.3285568,resting,fast,1787278684.5223618,-245.5295259569225,-185.03779767548883,1343.2552137902503,13.877834825660504,-18.414714446768812,2.962201754025371e-19
1787278705.3398917,resting,fast,1787278684.5223618,-246.43738771493963,-186.065086482732,1342.6835829243219,13.954881486203764,-18.482804078620283,2.961545651912773e-19
1787278705.3508725,resting,fast,1787278684.5223618,-247.53000769264736,-187.0040764050508,1342.6442017814452,14.025305730377656,-18.56475057694862,2.9615718060715587e-19
1787278705.3618596,resting,fast,1787278684.5223618,-247.2878439179417,-188.3263470801279,1342.2144296267224,14.124476031008516,-18.54658829384548,2.9638793114463363e-19
1787278705.3730795,resting,fast,1787278684.5223618,-248.29314170899352,-188.2079067440194,1346.409705576244,14.115593005800495,-18.62198562817455,2.9705678005522057e-19
1787278705.3840568,resting,fast,1787278684.5223618,-248.22970598802522,-187.11777768974287,1346.9379514686107,14.033833326729653,-18.617227949101654,2.972123316243718e-19
1787278705.3952284,resting,fast,1787278684.5223618,-247.9683227515875,-188.72212494244297,1343.6357674388646,14.154159370682027,-18.597624206368785,2.9662231227547144e-19
1787278705.4064276,resting,fast,1787278684.5223618,-247.25271429439226,-187.6247536039499,1343.9319234378336,14.07185652029482,-18.543953572079097,2.9612265327596306e-19
1787278705.4175694,resting,fast,1787278684.5223618,-247.49585743054058,-188.57518747373786,1345.7382778345209,14.143139060529183,-18.562189307290417,2.963788428448866e-19
1787278705.428093,resting,fast,1787278684.5223618,-247.166594324372,-187.4282482441016,1346.1626120411702,14.057118618306564,-18.537494574327802,2.9664356612337896e-19
1787278705.4392643,resting,fast,1787278684.5223618,-248.07549314711787,-188.24217470566816,1343.695078866117,14.118163102923848,-18.605661986033844,2.9677705641496787e-19
1787278705.4508483,resting,fast,1787278684.5223618,-247.384132226744,-187.02633306652513,1341.407037870008,14.026974979988385,-18.55380991700561,2.965174531512351e-19
1787278705.4619372,resting,fast,1787278684.5223618,-247.6828061438241,-186.72400088788902,1345.0035306811596,14.004300066590478,-18.57621046078667,2.969921832293219e-19
1787278705.4729645,resting,fast,1787278684.5223618,-246.75596900570372,-186.14577619388422,1345.9659825781373,13.960933214540194,-18.506697675427702,2.9682614970000992e-19
1787278705.4839866,resting,fast,1787278684.5223618,-246.9852872938559,-185.7511311526972,1350.2810144050118,13.931334836451203,-18.52389654703903,2.9724132322253504e-19
1787278705.4950888,resting,fast,1787278684.5223618,-246.43476034341575,-183.89391993443007,1351.9994842161695,13.792043995080977,-18.482607025755968,2.974579189704972e-19
1787278705.5062551,resting,fast,1787278684.5223618,-247.28895023006908,-182.89568064211346,1353.794235977076,13.717176048157402,-18.546671267255064,2.977832532196275e-19
1787278705.5172756,resting,fast,1787278684.5223618,-248.53692049355732,-184.8621718485016,1354.7678352035337,13.864662888636506,-18.640269037016665,2.9816237388149053e-19
1787278705.528428,resting,fast,1787278684.5223618,-248.56978097265755,-185.79063040615563,1351.2466093869634,13.934297280460473,-18.64273357294907,2.977434260015712e-19
1787278705.53954,resting,fast,1787278684.5223618,-247.97246780666637,-187.41945638149753,1352.0807309055372,14.056459228611363,-18.597935085499763,2.9764822006236484e-19
1787278705.5506213,resting,fast,1787278684.5223618,-247.145172286057,-187.11487115627313,1349.846387518949,14.03361533671914,-18.535887921454133,2.9722877501029985e-19
1787278705.561874,resting,fast,1787278684.5223618,-246.9594171945423,-187.77059848845772,1346.9509715887061,14.082794886633213,-18.521956289590413,2.9667566238107907e-19
1787278705.5729516,resting,fast,1787278684.5223618,-248.03145649455973,-187.0127300927462,1344.930926996357,14.02595475695485,-18.60235923709181,2.966764754686906e-19
1787278705.5840697,resting,fast,1787278684.5223618,-247.6626034776632,-187.08205779744947,1342.1694916798233,14.03115433480767,-18.574695260824676,2.961839929861419e-19
1787278705.594957,resting,fast,1787278684.5223618,-248.57971134149238,-186.9027551849307,1345.3565078609981,14.017706638868578,-18.643478350611765,2.9656469582619866e-19
1787278705.606196,resting,fast,1787278684.5223618,-247.8596086106868,-188.04755213147826,1346.8652152601144,14.10356640985967,-18.589470645801484,2.9678957913392473e-19
1787278705.617213,resting,fast,1787278684.5223618,-247.43856953925797,-186.8126642405515,1348.5817540617545,14.010949818040178,-18.557892715444197,2.9705533480572474e-19
1787278705.6281292,resting,fast,1787278684.5223618,-248.21119674670126,-187.2792989498754,1346.8848992338544,14.045947421239507,-18.615839756002465,2.968448786991547e-19
1787278705.6393504,resting,fast,1787278684.5223618,-247.78240401250832,-186.11861448174443,1345.0934916193974,13.958896086129787,-18.583680300937864,2.96210367337148e-19
1787278705.6505399,resting,fast,1787278684.5223618,-248.8175684348821,-186.09550832507864,1344.5496389254413,13.957163124379623,-18.661317632615784,2.9613739561253424e-19
1787278705.6616008,resting,fast,1787278684.5223618,-249.29639884281232,-186.34510628060673,1352.564013193024,13.975882971044303,-18.69722991321064,2.9675950331280323e-19
1787278705.6728902,resting,fast,1787278684.5223618,-250.56691761906723,-187.36630945017157,1355.671787222277,14.052473208761644,-18.792518821429738,2.974766333956675e-19
1787278705.6838768,resting,fast,1787278684.5223618,-251.33952063608785,-188.93871591212462,1358.6581429101507,14.170403693408378,-18.850464047706467,2.9796871671163184e-19
1787278705.6950014,resting,fast,1787278684.5223618,-249.60697437222234,-188.70007757519795,1348.8830220640493,14.15250581813861,-18.720523077916603,2.9733068529445054e-19
1787278705.7061074,resting,fast,1787278684.5223618,-248.56139354972902,-188.1981215409786,1347.4332965113217,14.11485911557222,-18.64210451622953,2.9717841404252464e-19
1787278705.7172644,resting,fast,1787278684.5223618,-248.07263052569533,-188.7171706817113,1346.521591734553,14.153787801127127,-18.60544728942714,2.970571644064367e-19
1787278705.728311,resting,fast,1787278684.5223618,-248.16356770354332,-187.59582344523335,1351.578641296518,14.069686758391345,-18.612267577765444,2.973196675326142e-19
1787278705.7393515,resting,fast,1787278684.5223618,-247.41640484955087,-186.57708937776272,1349.1073329803703,13.993281703331082,-18.556230363715976,2.96849592594901e-19
1787278705.7506123,resting,fast,1787278684.5223618,-246.89051621251338,-185.0193017992375,1346.7115435445257,13.876447634941616,-18.51678871593824,2.9649183718569794e-19
1787278705.7615626,resting,fast,1787278684.5223618,-248.18988121695247,-185.99730739351924,1346.8246482210097,13.949798054512843,-18.61424109127124,2.967299616143784e-19
1787278705.7727742,resting,fast,1787278684.5223618,-248.8855930031118,-186.04302515828147,1349.2792353277046,13.953226886870159,-18.666419475232892,2.969166158143481e-19
1787278705.7837424,resting,fast,1787278684.5223618,-248.89946704247495,-187.09599881989686,1349.024553117074,14.032199911490952,-18.667460028185367,2.969728391201724e-19
1787278705.7948132,resting,fast,1787278684.5223618,-247.30234205407623,-187.0125782756785,1347.823460626173,14.0259433706748,-18.547675654055453,2.9643512015189835e-19
1787278705.8060315,resting,fast,1787278684.5223618,-246.42866944303432,-187.13784518090972,1346.029778252744,14.035338388566803,-18.48215020822741,2.9654804371354973e-19
1787278705.8171737,resting,fast,1787278684.5223618,-246.8329118891147,-186.5368328108517,1345.0741117729349,13.990262460812733,-18.512468391683285,2.963449083651718e-19
1787278705.8280878,resting,fast,1787278684.5223618,-247.24838328556825,-185.5590916471432,1346.3704273781086,13.91693187353481,-18.543628746417554,2.9690485815159224e-19
1787278705.839286,resting,fast,1787278684.5223618,-247.10652764456108,-185.60842611165629,1344.6889328248917,13.92063195837304,-18.53298957334178,2.968335674096131e-19
1787278705.8504143,resting,fast,1787278684.5223618,-246.43191047878236,-184.22844674625696,1346.2087665453737,13.817133505968233,-18.48239328590853,2.970116341996885e-19
1787278705.8614507,resting,fast,1787278684.5223618,-247.18180351387173,-185.41852899366324,1350.1123844697604,13.906389674523627,-18.53863526354025,2.9705617280466635e-19
1787278705.8725362,resting,fast,1787278684.5223618,-247.56573470206013,-185.25752507976142,1350.663726511576,13.894314380981047,-18.56743010265449,2.9667481218398417e-19
1787278705.8835673,resting,fast,1787278684.5223618,-248.4982848857494,-187.39303314152983,1353.7524301369567,14.054477485613592,-18.637371366430962,2.9692831105066596e-19
1787278705.8947825,resting,fast,1787278684.5223618,-248.47274763639007,-187.16682163251414,1353.204261598411,14.03751162243741,-18.63545607272919,2.9721964176418334e-19
1787278705.9057503,resting,fast,1787278684.5223618,-249.48784853136613,-187.81098102887483,1354.9749283885294,14.085823577164465,-18.711588639852415,2.9741999268687953e-19
1787278705.91698,resting,fast,1787278684.5223618,-248.32377982669868,-186.3151598526773,1350.7968357841573,13.97363698894964,-18.624283487002316,2.9702811727910226e-19
1787278705.9280508,resting,fast,1787278684.5223618,-247.18171527413278,-185.96805097818708,1344.643666251167,13.947603823362801,-18.538628645559754,2.9623427477546734e-19
1787278705.9392734,resting,fast,1787278684.5223618,-247.1155786874465,-186.33696183118934,1344.2594153980363,13.97527213733824,-18.53366840155823,2.9608613126991437e-19
1787278705.950255,resting,fast,1787278684.5223618,-247.29148961148212,-186.0934353936858,1345.0421354476794,13.957007654525189,-18.54686172086094,2.960702042249978e-19
1787278705.9613025,resting,fast,1787278684.5223618,-248.68356899552282,-187.2435619106974,1350.5789017769284,14.043267143301197,-18.651267674664005,2.9675668709264164e-19
1787278705.97251,resting,fast,1787278684.5223618,-249.1096524914342,-186.81657829079893,1352.048511056836,14.011243371808835,-18.683223936857352,2.971838503205407e-19
1787278705.9835007,resting,fast,1787278684.5223618,-249.96456771890144,-187.8008316978354,1354.8205638597437,14.085062377336659,-18.74734257891732,2.9706155094488557e-19
1787278705.994421,resting,fast,1787278684.5223618,-249.68656829740712,-186.87131562621073,1354.804571008778,14.015348671964606,-18.72649262230523,2.9680628076074224e-19
1787278706.0058625,resting,fast,1787278684.5223618,-249.71409753484704,-188.34657739303805,1357.8361935632938,14.125993304476754,-18.72855731511337,2.970881453113392e-19
1787278706.0167882,resting,fast,1787278684.5223618,-248.66897359252152,-187.41130141382962,1353.2827137081558,14.055847606036057,-18.65017301943893,2.968722584300072e-19
1787278706.02791,resting,fast,1787278684.5223618,-249.96116552059402,-189.6698776519421,1354.5001618764773,14.22524082389437,-18.74708741404436,2.973203744980711e-19
1787278706.038934,resting,fast,1787278684.5223618,-249.3622043484288,-188.45073806761172,1352.4362669986522,14.133805355069644,-18.70216532613197,2.9707175598851244e-19
1787278706.0501494,resting,fast,1787278684.5223618,-250.4965116903736,-190.37371914723133,1354.5563738305018,14.2780289360411,-18.787238376777978,2.9753606370738876e-19
1787278706.061163,resting,fast,1787278684.5223618,-248.5698989994412,-189.2341457780625,1349.994957014792,14.192560933353665,-18.642742424957795,2.968716911871784e-19
1787278706.0723925,resting,fast,1787278684.5223618,-248.3646976701907,-190.19417084922577,1348.2391992546281,14.26456281369082,-18.62735232526405,2.9677952941969735e-19
1787278706.083403,resting,fast,1787278684.5223618,-248.2292224125108,-189.19249014052582,1349.8801240491348,14.189436760538417,-18.61719168093834,2.969015724175341e-19
1787278706.0944922,resting,fast,1787278684.5223618,-248.9532185547655,-188.53348315032156,1352.234378247159,14.140011236273057,-18.67149139160732,2.971410660485947e-19
1787278706.1057234,resting,fast,1787278684.5223618,-249.16366379268993,-188.12366952494892,1353.8598677734617,14.109275214370161,-18.68727478445156,2.970746874251105e-19
1787278706.116766,resting,fast,1787278684.5223618,-248.34098354686057,-187.92099036897082,1353.3764608153442,14.094074277671584,-18.62557376601422,2.967456161043118e-19
1787278706.1278746,resting,fast,1787278684.5223618,-247.5800588750394,-187.08612226386174,1352.8108826683865,14.031459169788494,-18.568504415627842,2.968203278374613e-19
1787278706.1389887,resting,fast,1787278684.5223618,-247.0560697704027,-186.8386786525606,1352.8389035551018,14.012900898941087,-18.529205232779987,2.9690619000100675e-19
1787278706.1500409,resting,fast,1787278684.5223618,-247.29266692229749,-187.80465205437588,1352.7048897245195,14.085348904076898,-18.54695001917203,2.9708220053571795e-19
1787278706.1610804,resting,fast,1787278684.5223618,-247.67382447027057,-189.21466883829123,1353.3089822721422,14.191100162870658,-18.575536835270114,2.9703429060770967e-19
1787278706.172363,resting,fast,1787278684.5223618,-247.95103436291856,-189.12826403262727,1351.1417218783909,14.184619802445784,-18.5963275772188,2.968165786662711e-19
1787278706.1832922,resting,fast,1787278684.5223618,-248.4143491011041,-189.0207802848846,1350.0955017792066,14.176558521365312,-18.631076182582483,2.9663430472863784e-19
1787278706.1943977,resting,fast,1787278684.5223618,-248.58473425373495,-188.17068763879058,1350.1965650088978,14.112801572907987,-18.643855069030018,2.9668306955395995e-19
1787278706.205607,resting,fast,1787278684.5223618,-249.32645638059103,-189.17132837847032,1354.1206544155675,14.187849628384047,-18.69948422854408,2.9716006123526452e-19
1787278706.2166188,resting,fast,1787278684.5223618,-248.90426747081847,-188.3611953196547,1355.5319038491534,14.127089648972973,-18.667820060311243,2.9759193399991165e-19
1787278706.2273371,resting,fast,1787278684.5223618,-248.26002756451498,-188.90258026925096,1351.4238183062362,14.167693520192632,-18.61950206733814,2.970648838631411e-19
1787278706.2383883,resting,fast,1787278684.5223618,-247.00163153187395,-187.6755368454127,1345.0126613179864,14.075665263404904,-18.525122364890237,2.966393869600774e-19
1787278706.2498562,resting,fast,1787278684.5223618,-246.06558980704403,-186.26088165682916,1338.6895961250348,13.96956612426074,-18.454919235527903,2.957860251090265e-19
1787278706.2610507,resting,fast,1787278684.5223618,-247.24989417873212,-186.3514307694728,1344.5368011798373,13.976357307709552,-18.54374206340468,2.96407555332402e-19
1787278706.272181,resting,fast,1787278684.5223618,-247.39337112648582,-186.878523985907,1346.626327177467,14.015889298941946,-18.55450283448628,2.964006971048493e-19
1787278706.2832348,resting,fast,1787278684.5223618,-248.1545864834966,-187.43009192614284,1351.1462035455233,14.057256894459588,-18.61159398626218,2.967512358807427e-19
1787278706.294338,resting,fast,1787278684.5223618,-246.0936265926207,-186.93482300790504,1344.9666127746468,14.020111725591708,-18.45702199444633,2.9598127424151083e-19
1787278706.3055792,resting,fast,1787278684.5223618,-247.05108239123228,-186.60212182784892,1347.2464161241069,13.995159137087501,-18.528831179342085,2.959543648117329e-19
1787278706.3167424,resting,fast,1787278684.5223618,-247.1163491391958,-187.1832612600689,1348.2770775482068,14.03874459450397,-18.533726185439434,2.961710480760221e-19
1787278706.3278735,resting,fast,1787278684.5223618,-248.55613273075733,-187.97527344793968,1350.3133770044815,14.09814550859436,-18.641709954806366,2.9654201860096635e-19
1787278706.3388705,resting,fast,1787278684.5223618,-248.06086152000944,-187.42261468792037,1350.3327958798336,14.056696101592852,-18.604564614000473,2.9679481200609234e-19
1787278706.349946,resting,fast,1787278684.5223618,-249.18117732344808,-188.1780370983987,1351.6995050393316,14.11335278237873,-18.68858829925845,2.9722193158025933e-19
1787278706.3609643,resting,fast,1787278684.5223618,-248.83030448818363,-186.3534167413253,1353.11773511282,13.976506255598299,-18.66227283661371,2.9704282680596693e-19
1787278706.372216,resting,fast,1787278684.5223618,-249.39049917268812,-187.41253320416047,1350.978131727542,14.055939990311078,-18.704287437951443,2.969759827726926e-19
1787278706.3831596,resting,fast,1787278684.5223618,-248.67418418782427,-186.40540459054512,1352.3294901384843,13.980405344289796,-18.650563814086603,2.9693996118793104e-19
1787278706.3943934,resting,fast,1787278684.5223618,-248.96492051073574,-187.53841831761508,1351.084925631193,14.065381373820049,-18.672369038305,2.97246174098146e-19
1787278706.405513,resting,fast,1787278684.5223618,-247.975841903502,-185.86381399460845,1352.1345096689902,13.93978604959452,-18.59818814276246,2.970443822722344e-19
1787278706.4164772,resting,fast,1787278684.5223618,-248.25783093307882,-186.59800803034284,1350.8536300379628,13.994850602274557,-18.619337319980865,2.9684515704093165e-19
1787278706.4275753,resting,fast,1787278684.5223618,-249.19880849399624,-185.79719113924432,1353.033351894278,13.934789335442165,-18.6899106370494,2.970978977350004e-19
1787278706.4406903,resting,fast,1787278684.5223618,-249.691846575412,-188.0436281142637,1354.4802601983401,14.103272108568493,-18.726888493155805,2.97650038381717e-19
1787278706.449812,resting,fast,1787278684.5223618,-248.21879922060498,-188.1689703962992,1353.7431077805222,14.112672779721354,-18.616409941545136,2.975527988058986e-19
1787278706.4608753,resting,fast,1787278684.5223618,-247.52753973473,-188.54438389136055,1353.4636570073371,14.14082879185094,-18.56456548010454,2.971636155654846e-19
1787278706.473709,resting,fast,1787278684.5223618,-247.9638814696541,-187.52700784259298,1353.1796458071758,14.064525588193494,-18.597291110223786,2.968068158170891e-19
1787278706.482699,resting,fast,1787278684.5223618,-248.76545989348188,-187.65100333372186,1354.21671220609,14.07382525002804,-18.65740949201085,2.966479263030753e-19
1787278706.4937673,resting,fast,1787278684.5223618,-248.05417372527927,-189.12704598625157,1350.7633410426179,14.184528448967743,-18.60406302939571,2.9673120943412187e-19
1787278706.5067701,resting,fast,1787278684.5223618,-246.17747039993856,-187.5512445488008,1345.909937844951,14.066343341158944,-18.463310279995127,2.9620923693859245e-19
1787278706.5163624,resting,fast,1787278684.5223618,-246.91776540345973,-187.28877997544066,1344.7709738964359,14.046658498156862,-18.518832405259282,2.965139629479829e-19
1787278706.5270214,resting,fast,1787278684.5223618,-247.18212569242087,-184.51198107586254,1346.942382322436,13.838398580688523,-18.538659426931197,2.962075208326157e-19
1787278706.5396001,resting,fast,1787278684.5223618,-247.98805218640746,-185.43467505195997,1349.0085692542025,13.907600628895924,-18.5991039139805,2.967244636283187e-19
1787278706.549462,resting,fast,1787278684.5223618,-245.67662473188693,-184.12754771582001,1342.8694877547687,13.809566078685368,-18.42574685489123,2.9618533288465147e-19
1787278706.5603626,resting,fast,1787278684.5223618,-245.47035394052773,-185.75942397583833,1344.2941466833154,13.931956798186736,-18.41027654553951,2.966179042719856e-19
1787278706.5735736,resting,fast,1787278684.5223618,-244.95355963936208,-185.6920847110256,1346.052547076376,13.926906353325695,-18.371516972952058,2.9630847404407555e-19
1787278706.5828025,resting,fast,1787278684.5223618,-245.619972804408,-186.15800225189707,1350.9247344983369,13.961850168891079,-18.421497960330456,2.970032051590361e-19
1787278706.5940468,resting,fast,1787278684.5223618,-246.5329825285785,-187.12293228694614,1351.3812132356152,14.034219921519853,-18.489973689643165,2.9700644762050366e-19
1787278706.6070971,resting,fast,1787278684.5223618,-248.02038333632254,-187.6328044468952,1352.5703018612612,14.07246033351598,-18.60152875022402,2.974245407280791e-19
1787278706.6162672,resting,fast,1787278684.5223618,-248.94733076415423,-188.44336782540847,1351.7416485172407,14.133252586904508,-18.671049807311512,2.964916718815483e-19
1787278706.627363,resting,fast,1787278684.5223618,-249.34061070985672,-187.76385479821636,1349.8262758378978,14.08228910986519,-18.70054580323916,2.9635386331661274e-19
1787278706.6392503,resting,fast,1787278684.5223618,-249.06027226140532,-188.60922029348774,1348.8658279982583,14.14569152201027,-18.679520419605304,2.9632336008571047e-19
1787278706.6496136,resting,fast,1787278684.5223618,-249.49653697567965,-189.25068079974778,1351.1118006065399,14.193801059979751,-18.712240273175823,2.9707229657805045e-19
1787278706.660873,resting,fast,1787278684.5223618,-248.5788531887115,-188.85451596050655,1349.8512242187362,14.164088697036934,-18.643413989153245,2.972213221179198e-19
1787278706.6722414,resting,fast,1787278684.5223618,-247.2942725132839,-187.1713131784835,1344.7764298033262,14.03784848838514,-18.54707043849625,2.9679618740036593e-19
1787278706.6829715,resting,fast,1787278684.5223618,-244.94683645626856,-185.4365270648965,1338.859989031559,13.907739529866237,-18.371012734220173,2.9607172949010067e-19
1787278706.69402,resting,fast,1787278684.5223618,-244.7524729645652,-184.68533210383669,1339.8215425374647,13.85139990778649,-18.35643547234225,2.9594190970633176e-19
1787278706.7054713,resting,fast,1787278684.5223618,-246.4585928865431,-185.75677587330813,1347.032849939821,13.931758190497039,-18.484394466490592,2.9656095764035127e-19
1787278706.716178,resting,fast,1787278684.5223618,-246.65341673537068,-184.84457205246088,1348.2566696559034,13.863342903933631,-18.499006255152608,2.966221246543684e-19
1787278706.7273848,resting,fast,1787278684.5223618,-246.99091880093283,-185.79973390993666,1349.771998616955,13.93498004324417,-18.524318910069788,2.967599158101612e-19
1787278706.739017,resting,fast,1787278684.5223618,-246.14492199435108,-184.83948783390986,1347.4706269623193,13.862961587541964,-18.460869149576183,2.96474640548891e-19
1787278706.749534,resting,fast,1787278684.5223618,-247.15287304052117,-187.37808476315206,1349.784987693266,14.053356357235206,-18.536465478038686,2.970764935602321e-19
1787278706.76065,resting,fast,1787278684.5223618,-245.97430651337208,-186.40311694638888,1348.522933315854,13.980233770977936,-18.44807298850285,2.9679375895803404e-19
1787278706.7720814,resting,fast,1787278684.5223618,-246.9715726956415,-188.91984450746384,1345.3751843453692,14.1689883380585,-18.522867952173037,2.9658607919289725e-19
1787278706.7828784,resting,fast,1787278684.5223618,-248.08692332811324,-188.57543381961557,1344.3923174391903,14.143157536470174,-18.606519249608276,2.9665866300294165e-19
1787278706.7938304,resting,fast,1787278684.5223618,-249.24755991951088,-188.6768658387665,1344.9697835667876,14.150764937906292,-18.69356699396323,2.9673257098780834e-19
1787278706.8050416,resting,fast,1787278684.5223618,-249.1690200034468,-187.70352594582585,1347.1051471765486,14.077764445935859,-18.687676500258405,2.965408912600863e-19
1787278706.8160384,resting,fast,1787278684.5223618,-248.9027663910124,-188.0879039175578,1346.2596165457644,14.106592793815839,-18.66770747932579,2.9632073378489495e-19
1787278706.8272483,resting,fast,1787278684.5223618,-249.07269704697273,-189.26387947294518,1343.8615173894023,14.194790960469692,-18.680452278522942,2.962380883069613e-19
1787278706.8384666,resting,fast,1787278684.5223618,-249.26809735745655,-189.48822658114852,1347.0985969355215,14.21161699358493,-18.695107301808996,2.968163947966184e-19
1787278706.849164,resting,fast,1787278684.5223618,-248.8182829155553,-189.8654764649276,1345.9866158934483,14.239910734868278,-18.66137121866651,2.969001561489527e-19
1787278706.860311,resting,fast,1787278684.5223618,-247.48109138581958,-189.0528760246674,1345.9648822299523,14.178965701848984,-18.561081853936123,2.9685096039006e-19
1787278706.8718107,resting,fast,1787278684.5223618,-245.78607042850172,-188.0129076623549,1343.6133053094845,14.100968074675496,-18.433955282137646,2.968165500656379e-19
1787278706.882787,resting,fast,1787278684.5223618,-245.10565597720824,-186.7842140205422,1343.5143499624874,14.008816051539572,-18.38292419829044,2.967645698757009e-19
1787278706.893936,resting,fast,1787278684.5223618,-245.98666622810333,-187.75066892603797,1344.3691149527976,14.081300169451627,-18.448999967107603,2.971325752405839e-19
1787278706.9050004,resting,fast,1787278684.5223618,-247.2421861941316,-188.20323878017518,1345.9451956825842,14.115242908511807,-18.54316396455952,2.973054566458459e-19
1787278706.9161775,resting,fast,1787278684.5223618,-248.05718248426865,-188.04295508159737,1344.991332417202,14.103221631118661,-18.60428868631979,2.972751495855226e-19
1787278706.927246,resting,fast,1787278684.5223618,-247.60780454811584,-188.54726051063597,1344.3569185144688,14.14104453829653,-18.570585341108576,2.971939795231179e-19
1787278706.938358,resting,fast,1787278684.5223618,-246.45580105872205,-188.71490278799058,1338.63157383427,14.153617709097919,-18.484185079404,2.964213483241454e-19
1787278706.9494238,resting,fast,1787278684.5223618,-246.4492094201455,-188.2810474523211,1343.1238726851197,14.121078558922793,-18.4836907065105,2.964353984994712e-19
1787278706.9605143,resting,fast,1787278684.5223618,-246.81623809673192,-187.2583165737807,1345.5227512440715,14.044373743032398,-18.51121785725465,2.9677171727900853e-19
1787278706.9717393,resting,fast,1787278684.5223618,-247.8847480476893,-186.77909537334983,1353.1029325796526,14.008432153000147,-18.591356103576437,2.9754391429557403e-19
1787278706.9826794,resting,fast,1787278684.5223618,-247.9722387301913,-187.35804618244572,1352.56684196454,14.051853463682452,-18.59791790476411,2.9742746646254053e-19
1787278706.9938595,resting,fast,1787278684.5223618,-248.09521038933644,-187.38522101176034,1349.7782755418384,14.0538915758809,-18.607140779200044,2.9687790965247417e-19
1787278707.0051801,resting,fast,1787278684.5223618,-248.57206881108277,-187.92793886317975,1346.01529044566,14.094595414737189,-18.64290516083107,2.965290292247786e-19
1787278707.016017,resting,fast,1787278684.5223618,-247.397814072458,-187.92093202126773,1345.9888832142324,14.094069901593844,-18.554836055434016,2.9672505696723345e-19
1787278707.0271327,resting,fast,1787278684.5223618,-247.13576037103257,-186.9796001111855,1346.3611088104908,14.023470008337643,-18.535182027827297,2.9651537073983557e-19
1787278707.0382023,resting,fast,1787278684.5223618,-246.4856267881646,-186.12301738693134,1346.3636171954176,13.959226304018816,-18.486422009112005,2.9659598546800235e-19
1787278707.0491655,resting,fast,1787278684.5223618,-246.42346243844668,-184.41245297484227,1344.31420513588,13.830933973112085,-18.48175968288352,2.9613479462548787e-19
1787278707.060366,resting,fast,1787278684.5223618,-246.99474238274297,-186.28096352395107,1345.5365182783908,13.971072264295092,-18.524605678705434,2.965107073173361e-19
1787278707.0715055,resting,fast,1787278684.5223618,-246.39572192972946,-186.63878006168954,1344.4895929736458,13.997908504625574,-18.479679144729467,2.962680130456454e-19
1787278707.0826337,resting,fast,1787278684.5223618,-247.05522674118447,-186.95960309405098,1345.6346942945556,14.02197023205284,-18.52914200558852,2.9651728102617344e-19
1787278707.0937257,resting,fast,1787278684.5223618,-245.4107434261764,-186.46963312122,1343.4132419715743,13.985222484090304,-18.405805756963083,2.965469242503506e-19
1787278707.1047947,resting,fast,1787278684.5223618,-246.27784814093184,-186.8206278866495,1346.8246086387235,14.011547091497636,-18.470838610569587,2.9735422961655494e-19
1787278707.115955,resting,fast,1787278684.5223618,-245.41161583890744,-187.67434001937784,1340.9420773553402,14.07557550145238,-18.405871187917967,2.971151301338013e-19
1787278707.12688,resting,fast,1787278684.5223618,-246.38869297047086,-186.26618204420527,1341.519165454295,13.969963653314341,-18.47915197278548,2.9678417445847096e-19
1787278707.1381323,resting,fast,1787278684.5223618,-246.17377924242237,-185.45153680011083,1339.7498391870404,13.908865260007193,-18.463033443181587,2.961461304410411e-19
1787278707.149148,resting,fast,1787278684.5223618,-247.22337497818216,-183.96825966925292,1343.8167596181165,13.797619475192821,-18.541753123363478,2.9631375327048264e-19
1787278707.1602066,resting,fast,1787278684.5223618,-247.1606776353733,-184.19051469634098,1344.613844383809,13.814288602224597,-18.537050822652795,2.96260323660477e-19
1787278707.1714802,resting,fast,1787278684.5223618,-247.72685378390952,-185.98659197627342,1341.5827704190915,13.948994398219515,-18.57951403379292,2.959573535709768e-19
1787278707.182636,resting,fast,1787278684.5223618,-248.24568603928628,-187.6824926073017,1344.1026116263392,14.0761869455464,-18.61842645294645,2.9628439520783115e-19
1787278707.1935625,resting,fast,1787278684.5223618,-249.54999784855818,-189.22968180796568,1347.7272365346644,14.192226135596162,-18.71624983864163,2.969569949636624e-19
1787278707.2047708,resting,fast,1787278684.5223618,-249.13592026786273,-188.15946354160212,1350.8387819471654,14.111959765618867,-18.68519402008944,2.9722743294193746e-19
1787278707.2158298,resting,fast,1787278684.5223618,-248.49615329889411,-187.70499684018307,1351.4595666059986,14.07787476301245,-18.63721149741702,2.967676326897399e-19
1787278707.226957,resting,fast,1787278684.5223618,-247.84041566593578,-186.95175405854263,1348.365812186098,14.021381554389396,-18.588031174944838,2.965521415690331e-19
1787278707.2380881,resting,fast,1787278684.5223618,-247.03211300049907,-186.58404961372014,1346.2109898437875,13.993803721027934,-18.52740847503729,2.9623029605755774e-19
1787278707.2491074,resting,fast,1787278684.5223618,-246.63358078533793,-186.25062583944657,1345.9483694443925,13.968796937957453,-18.497518558900296,2.9627427924051243e-19
1787278707.260122,resting,fast,1787278684.5223618,-247.4907881295835,-187.52893447261897,1348.5298090521146,14.064670085445375,-18.561809109718446,2.9629878493905504e-19
1787278707.2714279,resting,fast,1787278684.5223618,-247.92669197471741,-186.85588568300898,1349.9008297525552,14.014191426224475,-18.594501898103566,2.966631960067722e-19
1787278707.282404,resting,fast,1787278684.5223618,-248.88449644242928,-187.97550627690327,1349.320068627202,14.098162970766598,-18.666337233182006,2.9721751805919835e-19
1787278707.2934756,resting,fast,1787278684.5223618,-246.62331525890613,-185.47679691218661,1344.3555564487133,13.910759768412692,-18.49674864441758,2.9676380916155093e-19
1787278707.304609,resting,fast,1787278684.5223618,-245.81307860064726,-185.15438257664448,1342.2595248121752,13.886578693247404,-18.435980895048466,2.9647511906788245e-19
1787278707.3156068,resting,fast,1787278684.5223618,-245.97035994272346,-185.416546456618,1344.1553623999798,13.906240984245233,-18.447776995704267,2.9624323555903397e-19
1787278707.3268926,resting,fast,1787278684.5223618,-247.15345894240772,-187.21316010227258,1347.9761369513699,14.040987007669177,-18.53650942068038,2.9642755879891957e-19
1787278707.3378322,resting,fast,1787278684.5223618,-247.73230833683965,-188.3959898390857,1348.30999780997,14.129699237930314,-18.579923125262795,2.96662315738377e-19
1787278707.3489633,resting,fast,1787278684.5223618,-247.45153126842115,-189.2461794413033,1345.4963850238864,14.193463458096705,-18.55886484513148,2.9658632499675627e-19
1787278707.3601284,resting,fast,1787278684.5223618,-247.4135057167182,-188.25948687937637,1344.967414383732,14.119461515952072,-18.556012928753645,2.967462321768165e-19
1787278707.371141,resting,fast,1787278684.5223618,-247.63301884320526,-187.0664999674267,1345.4302903379548,14.029987497555869,-18.57247641324026,2.9683600114270006e-19
1787278707.3821414,resting,fast,1787278684.5223618,-248.39145681038872,-185.50205157218568,1349.1728160596804,13.912653867913011,-18.629359260778735,2.970987776640215e-19
1787278707.3934712,resting,fast,1787278684.5223618,-247.29660962454318,-185.77484621994665,1345.9010839318444,13.933113466494977,-18.547245721840724,2.971029922560909e-19
1787278707.4045484,resting,fast,1787278684.5223618,-246.57251261458487,-185.16209538201304,1345.5721508328215,13.887157153649841,-18.49293844609373,2.970114262126688e-19
1787278707.4155915,resting,fast,1787278684.5223618,-245.41878308452442,-184.85363331241786,1346.6642288782305,13.864022498429936,-18.40640873133917,2.966779205861753e-19
1787278707.4267147,resting,fast,1787278684.5223618,-245.22112361241443,-184.90575264818256,1345.04878745941,13.867931448612683,-18.3915842709308,2.9611022416036446e-19
1787278707.4377906,resting,fast,1787278684.5223618,-246.2368554210193,-186.85501805504725,1351.5061724930629,14.014126354127516,-18.467764156576308,2.9661916125668674e-19
1787278707.4488072,resting,fast,1787278684.5223618,-247.41281268192915,-188.75381303494203,1349.0702639988076,14.1565359776197,-18.555960951144684,2.9675452331066497e-19
1787278707.4598658,resting,fast,1787278684.5223618,-248.48343693700963,-189.36322338469893,1352.9898550437874,14.202241753851315,-18.636257770275428,2.9725442037895344e-19
1787278707.471147,resting,fast,1787278684.5223618,-246.37290335210082,-187.82778017817452,1340.536103105157,14.087083513361723,-18.477967751407284,2.964373013582116e-19
1787278707.4821987,resting,fast,1787278684.5223618,-244.50402978382635,-185.39825246549879,1336.679100056329,13.904868934911295,-18.337802233786725,2.9618414931294314e-19
1787278707.4932423,resting,fast,1787278684.5223618,-244.91122756092182,-183.0029111682228,1338.2023476927998,13.725218337615576,-18.368342067069058,2.96199622975339e-19
1787278707.5043674,resting,fast,1787278684.5223618,-246.44118899528212,-184.4296016938307,1347.5377436381941,13.832220127036411,-18.48308917464596,2.965069384758482e-19
1787278707.5155282,resting,fast,1787278684.5223618,-247.20772070582143,-183.7013653107848,1351.6016287500051,13.777602398307994,-18.540579052936586,2.9658233800226443e-19
1787278707.5265753,resting,fast,1787278684.5223618,-246.56343794169652,-185.1130431740661,1349.2731002838782,13.883478238053716,-18.492257845627037,2.964250608192323e-19
1787278707.537712,resting,fast,1787278684.5223618,-248.13043629080175,-186.27782340611964,1349.0097269204807,13.970836755457913,-18.60978272181007,2.964669428282433e-19
1787278707.548301,resting,fast,1787278684.5223618,-248.6846770971838,-187.48788958401167,1346.8462608105447,14.061591718799821,-18.651350782288283,2.963579174168985e-19
1787278707.5596023,resting,fast,1787278684.5223618,-248.22090934507514,-187.01469959550388,1346.7994901424127,14.026102469661684,-18.616568200880366,2.9671369180227606e-19
1787278707.570528,resting,fast,1787278684.5223618,-246.5545387717225,-185.07470776499497,1345.3730852229319,13.880603082373188,-18.491590407878853,2.968875401688166e-19
1787278707.5819945,resting,fast,1787278684.5223618,-247.6941803875602,-186.13679561271454,1352.9298782695487,13.960259670952414,-18.577063529066812,2.9746216930707836e-19
1787278707.5932994,resting,fast,1787278684.5223618,-247.2335881999802,-185.81710511864242,1352.0528703518912,13.936282883897054,-18.542519114998463,2.9691738891494547e-19
1787278707.6043427,resting,fast,1787278684.5223618,-247.716722031259,-186.0178760264006,1352.8646857034173,13.951340701978754,-18.57875415234428,2.9686303389085144e-19
1787278707.6152904,resting,fast,1787278684.5223618,-246.3964543958068,-184.28757761629174,1347.5661046510113,13.821568321220784,-18.479734079685187,2.964918545293313e-19
1787278707.6264634,resting,fast,1787278684.5223618,-246.04716868332844,-184.2130019255559,1349.41345253684,13.81597514441562,-18.45353765124937,2.9644495014396903e-19
1787278707.6375864,resting,fast,1787278684.5223618,-244.92783943064524,-184.3972867877925,1347.1673225351124,13.82979650908327,-18.36958795729832,2.963972930272213e-19
1787278707.6486716,resting,fast,1787278684.5223618,-245.6848896126271,-187.58280586926742,1348.2500932011035,14.0687104401939,-18.42636672094676,2.966024033422293e-19
1787278707.6597488,resting,fast,1787278684.5223618,-247.71568950508708,-189.49412232855377,1350.9613700162236,14.212059174640306,-18.578676712881183,2.973380732651333e-19
1787278707.6708798,resting,fast,1787278684.5223618,-247.74083514491895,-189.3220877924549,1346.002586946749,14.199156584432988,-18.580562635868596,2.970382154292026e-19
1787278707.6819205,resting,fast,1787278684.5223618,-247.3092330669274,-188.6805263722357,1343.3570152986113,14.1510394779167,-18.548192480019452,2.972469324879905e-19
1787278707.693103,resting,fast,1787278684.5223618,-246.3423530074083,-187.18284344239066,1339.739489731387,14.03871325817828,-18.475676475555645,2.9683752682961643e-19
1787278707.7041357,resting,fast,1787278684.5223618,-248.2981706392152,-187.54250782054066,1347.5043063312014,14.0656880865394,-18.62236279794096,2.9719581985620793e-19
1787278707.7151692,resting,fast,1787278684.5223618,-248.4498836095113,-186.8228256092258,1349.6054048292362,14.011711920690733,-18.633741270713188,2.9694153283485404e-19
1787278707.7263896,resting,fast,1787278684.5223618,-248.37596059536418,-187.74320731827618,1347.8910239330535,14.080740548869674,-18.628197044652076,2.9656072632419876e-19
1787278707.7374234,resting,fast,1787278684.5223618,-247.38079066213004,-186.8582439318178,1343.8154736261704,14.01436829488512,-18.553559299659554,2.961476613488221e-19
1787278707.748419,resting,fast,1787278684.5223618,-246.3148196994157,-184.78283488888758,1340.6031274994284,13.858712616665418,-18.473611477455982,2.9572284471801097e-19
1787278707.7597811,resting,fast,1787278684.5223618,-247.03253572626863,-185.21055850784353,1343.120587977991,13.890791888087168,-18.52744017946994,2.9628016393625894e-19
1787278707.7706933,resting,fast,1787278684.5223618,-247.0812246047958,-186.47888702674447,1345.4388283264316,13.985916527004651,-18.531091845359484,2.965070928154645e-19
1787278707.7818902,resting,fast,1787278684.5223618,-247.88312569399977,-188.09306707458688,1347.7400641898175,14.106980030592826,-18.591234427050054,2.9650452027631086e-19
1787278707.792927,resting,fast,1787278684.5223618,-247.7743086495998,-187.3254353322767,1346.1784572460792,14.049407649919619,-18.583073148719656,2.9633214345657303e-19
1787278707.8041248,resting,fast,1787278684.5223618,-248.11593841227614,-187.57107356749282,1345.8025147173912,14.067830517560953,-18.6086953809205,2.9632857442951007e-19
1787278707.815161,resting,fast,1787278684.5223618,-248.52666436546178,-188.02042509771638,1346.4340497587045,14.101531882327695,-18.639499827409594,2.9656115407682183e-19
1787278707.8263109,resting,fast,1787278684.5223618,-247.75359020134192,-188.83281881044525,1345.7867787088626,14.16246141078216,-18.581519265100297,2.96325432280069e-19
1787278707.837325,resting,fast,1787278684.5223618,-247.8256976521693,-187.67872788939155,1346.837951066821,14.075904591703296,-18.58692732391254,2.963814425978995e-19
1787278707.8484201,resting,fast,1787278684.5223618,-247.26092193003706,-187.22960030744923,1346.8579624205113,14.0422200230574,-18.54456914475262,2.9658853844160045e-19
1787278707.8595355,resting,fast,1787278684.5223618,-247.3893066541391,-185.07956230592038,1348.37261932188,13.880967172942807,-18.55419799906032,2.965620614395367e-19
1787278707.8706565,resting,fast,1787278684.5223618,-246.12879785344967,-186.03345466935014,1343.041877729881,13.952509100200121,-18.45965983900838,2.9656164383251306e-19
1787278707.8813233,resting,fast,1787278684.5223618,-246.6939881855128,-186.92082429242362,1344.6224536111267,14.019061821930794,-18.502049113913237,2.965059334921117e-19
1787278707.8923352,resting,fast,1787278684.5223618,-246.90297883798166,-185.78648080890946,1341.116880176237,13.933986060667,-18.517723412848476,2.964491585750315e-19
1787278707.9034894,resting,fast,1787278684.5223618,-247.4500766129254,-184.56961826244094,1345.7195826243233,13.842721369682142,-18.5587557459693,2.962429773781935e-19
1787278707.9147804,resting,fast,1787278684.5223618,-247.7251541010205,-184.31991487319635,1345.832699958205,13.82399361548865,-18.57938655757627,2.9644910393425946e-19
1787278707.926134,resting,fast,1787278684.5223618,-248.51168497179378,-186.14180781302764,1351.053041675762,13.960635585975954,-18.638376372884423,2.971355666095948e-19
1787278707.937119,resting,fast,1787278684.5223618,-248.1204638684053,-186.3340142966589,1350.8334687081579,13.975051072248451,-18.60903479012996,2.973012100869272e-19
1787278707.948299,resting,fast,1787278684.5223618,-248.93880627743647,-186.27715560454783,1355.4179152120496,13.970786670339852,-18.670410470807298,2.9768316915889766e-19
1787278707.9593053,resting,fast,1787278684.5223618,-248.15424933747136,-187.10296926495005,1354.5025446356567,14.032722694870078,-18.61156870031015,2.9745026925768665e-19
1787278707.9705653,resting,fast,1787278684.5223618,-249.73000403997185,-187.5070615280007,1358.8071936322494,14.063029614599063,-18.729750302997516,2.9774338132866316e-19
1787278707.981679,resting,fast,1787278684.5223618,-248.05036391638305,-187.28111535562164,1351.4440723658327,14.046083651670504,-18.603777293728314,2.9733876230872584e-19
1787278707.99293,resting,fast,1787278684.5223618,-248.23043429642667,-187.0097631952052,1351.4696481613455,14.025732239639101,-18.61728257223175,2.973123383280146e-19
1787278708.0036757,resting,fast,1787278684.5223618,-246.834217443949,-186.42422089202353,1348.1930478633794,13.98181656690075,-18.512566308295852,2.9679548672121793e-19
1787278708.0147192,resting,fast,1787278684.5223618,-246.99635198747228,-185.99962855392812,1350.3436824019927,13.949972141543217,-18.52472639906035,2.9674278949708113e-19
1787278708.0259044,resting,fast,1787278684.5223618,-248.07687654878782,-187.344334659247,1352.230690916128,14.050825099442196,-18.605765741158564,2.968699705406269e-19
1787278708.0368955,resting,fast,1787278684.5223618,-249.1339595706363,-188.42861531916003,1353.6492017049686,14.132146148935878,-18.685046967797632,2.9738618105831915e-19
1787278708.0479805,resting,fast,1787278684.5223618,-249.89417683373222,-188.8231865786587,1354.9088983948213,14.161738993398263,-18.742063262529825,2.9769035029951344e-19
1787278708.0588984,resting,fast,1787278684.5223618,-247.77923488077204,-187.3461941095835,1352.0532839478738,14.050964558217732,-18.583442616057667,2.972383930492523e-19
1787278708.0698543,resting,fast,1787278684.5223618,-247.05709700793022,-186.97776013542773,1347.8258037565547,14.023332010156185,-18.52928227559466,2.9700016245755264e-19
1787278708.0810068,resting,fast,1787278684.5223618,-247.2089167588597,-188.4773202654677,1345.032326419233,14.135799019908976,-18.54066875691428,2.9656160981091514e-19
1787278708.0920825,resting,fast,1787278684.5223618,-248.5540313886545,-189.343062792056,1345.03684479204,14.200729709403223,-18.641552354149,2.9712098902582613e-19
1787278708.1032214,resting,fast,1787278684.5223618,-250.0144083577011,-189.4858180702928,1350.7250099865241,14.211436355270795,-18.751080626827438,2.9729742653263954e-19
1787278708.1145477,resting,fast,1787278684.5223618,-248.62314023719637,-187.7580964801076,1352.8156044268571,14.081857236006844,-18.646735517789594,2.9746547884632663e-19
1787278708.1259172,resting,fast,1787278684.5223618,-248.47263245991735,-187.05711011773258,1352.2779558849115,14.029283258828773,-18.63544743449357,2.971428476926176e-19
1787278708.1370485,resting,fast,1787278684.5223618,-246.60976065862496,-185.69707844589004,1349.1698494243547,13.92728088344062,-18.49573204939678,2.9647751761052635e-19
1787278708.1479857,resting,fast,1787278684.5223618,-245.39265181703786,-184.62404588645302,1344.9474310685391,13.846803441482766,-18.40444888627762,2.958706035679384e-19
1787278708.1593578,resting,fast,1787278684.5223618,-244.68694740936417,-184.06498246785839,1345.544075969171,13.8048736850883,-18.351521055702165,2.9580771386865143e-19
1787278708.1703362,resting,fast,1787278684.5223618,-245.55632554314843,-185.69978002857727,1345.929149257824,13.927483502141957,-18.416724415735622,2.961392742695513e-19
1787278708.18152,resting,fast,1787278684.5223618,-246.3697535975357,-187.01578617456892,1346.411782534181,14.026183963091459,-18.47773151981508,2.966303313688745e-19
1787278708.1925495,resting,fast,1787278684.5223618,-247.77943335068767,-187.57179125822233,1350.2916477083118,14.06788434436557,-18.583457501301474,2.9710501602075465e-19
1787278708.2036495,resting,fast,1787278684.5223618,-246.93800521164349,-187.8021585454511,1350.061586009052,14.085161890907774,-18.520350390873062,2.972944218595744e-19
1787278708.2146773,resting,fast,1787278684.5223618,-248.4197066736947,-187.90449283641885,1354.8043353731418,14.092836962730363,-18.63147800052664,2.970863121698401e-19
1787278708.2257779,resting,fast,1787278684.5223618,-248.82338952091732,-188.99372580405327,1354.3264869632958,14.174529435302777,-18.661754214068452,2.970057202610042e-19
1787278708.2368336,resting,fast,1787278684.5223618,-250.30100636194084,-189.36769404113954,1358.1891592197107,14.202577053084259,-18.772575477145523,2.9721534201599323e-19
1787278708.2479365,resting,fast,1787278684.5223618,-248.95792412476976,-188.95632813571558,1355.5016686464378,14.171724610177609,-18.67184430935758,2.974428768350179e-19
1787278708.258964,resting,fast,1787278684.5223618,-248.7389184834924,-188.22771331281535,1354.642404328236,14.117078498459993,-18.655418886261828,2.974030946715764e-19
1787278708.2702363,resting,fast,1787278684.5223618,-247.0373427452737,-186.87131346754188,1348.200170478115,14.015348510064374,-18.527800705895302,2.9717809780529924e-19
1787278708.2813568,resting,fast,1787278684.5223618,-247.42322001078674,-186.41005737942862,1346.2608989384144,13.98075430345607,-18.556741500808755,2.9698610504323415e-19
1787278708.292517,resting,fast,1787278684.5223618,-246.85843149342463,-186.75098798121087,1342.399773894319,14.006324098589804,-18.5143823620066,2.967986370402965e-19
1787278708.3035061,resting,fast,1787278684.5223618,-247.92157190670832,-186.47433303307037,1348.1602515814438,13.985574977479121,-18.59411789300288,2.968562895516601e-19
1787278708.3146324,resting,fast,1787278684.5223618,-248.0683183237502,-186.80148843166933,1348.4351021404354,14.010111632373953,-18.60512387428094,2.9676954304309895e-19
1787278708.3258586,resting,fast,1787278684.5223618,-247.78462576669745,-187.06195787069407,1349.4288162227467,14.029646840301044,-18.58384693250199,2.9633761024919648e-19
1787278708.3368208,resting,fast,1787278684.5223618,-247.72710158313066,-187.17657998534844,1350.2870249682428,14.038243498899977,-18.57953261873446,2.962716008981705e-19
1787278708.347943,resting,fast,1787278684.5223618,-248.9168106465936,-188.3392426532481,1356.0537389327483,14.125443198992247,-18.66876079849432,2.968021479735903e-19
1787278708.3590815,resting,fast,1787278684.5223618,-248.69622492539975,-186.08037243525575,1358.1984369489173,13.956027932642773,-18.652216869404874,2.971895094496567e-19
1787278708.3701005,resting,fast,1787278684.5223618,-249.10886663121755,-187.03728309147402,1358.4444899575674,14.027796231859515,-18.68316499734113,2.974352964771313e-19
1787278708.381308,resting,fast,1787278684.5223618,-248.3973020271701,-185.72673141194707,1354.4919701667923,13.929504855894823,-18.62979765203754,2.974709961156744e-19
1787278708.3923895,resting,fast,1787278684.5223618,-248.76714994041004,-186.1720036748858,1353.754664092462,13.962900275615315,-18.657536245530608,2.973530571672203e-19
1787278708.4035192,resting,fast,1787278684.5223618,-247.56729520057388,-185.95642043227156,1353.1585398504767,13.946731532419054,-18.567547140042798,2.972114788165758e-19
1787278708.4146125,resting,fast,1787278684.5223618,-247.33992851621633,-186.02598778363824,1351.6218116424088,13.951949083771641,-18.550494638715953,2.9653742980740655e-19
1787278708.4257152,resting,fast,1787278684.5223618,-247.50882619096637,-186.51933354098162,1355.0331879588457,13.988950015572502,-18.563161964322155,2.968144519150645e-19
1787278708.4367604,resting,fast,1787278684.5223618,-248.73250568669982,-187.33642015225757,1355.2001456751104,14.050231511418193,-18.6549379265022,2.968330433176919e-19
1787278708.4478278,resting,fast,1787278684.5223618,-248.36767978449143,-186.6072655175882,1356.3660868836569,13.995544913817913,-18.627575983836557,2.9714518859922907e-19
1787278708.4589696,resting,fast,1787278684.5223618,-248.1265219660022,-186.57430400517308,1354.3211446085506,13.99307280038673,-18.609489147450013,2.9694378108677685e-19
1787278708.4700568,resting,fast,1787278684.5223618,-246.96954104790393,-183.90492646717405,1348.555006914009,13.792869485037148,-18.522715578592525,2.96830632064065e-19
1787278708.4811275,resting,fast,1787278684.5223618,-248.5303041326165,-185.32420038317707,1351.9394686354071,13.899315028737139,-18.639772809945995,2.9718774392273023e-19
1787278708.4945142,resting,fast,1787278684.5223618,-248.51901996363767,-185.64656299719297,1350.3648836087896,13.923492224788507,-18.638926497272436,2.9705367888932834e-19
1787278708.5034077,resting,fast,1787278684.5223618,-249.41828532286354,-187.42039291158756,1356.905874915673,14.056529468367845,-18.70637139921454,2.973252989987011e-19
1787278708.5145519,resting,fast,1787278684.5223618,-247.94617471802803,-186.93286837666835,1350.9439349583909,14.019965128248973,-18.595963103851787,2.9665864622779273e-19
1787278708.5287163,resting,fast,1787278684.5223618,-248.9302630795014,-187.302741206449,1350.4008826737527,14.04770559048244,-18.669769730962436,2.9675786845907505e-19
1787278708.5361395,resting,fast,1787278684.5223618,-247.2361105452569,-186.08767960129956,1345.4788242119512,13.956575970096058,-18.54270829089417,2.9626191196190365e-19
1787278708.5473442,resting,fast,1787278684.5223618,-247.74488178197998,-186.75049323839914,1349.5863043656436,14.00628699287876,-18.580866133648,2.9691658795017683e-19
1787278708.559976,resting,fast,1787278684.5223618,-246.7234174129112,-186.95972957105016,1352.2415351036807,14.021979717827623,-18.50425630596819,2.968848757962561e-19
1787278708.569724,resting,fast,1787278684.5223618,-247.6353765783083,-188.66104066112428,1352.397775278053,14.149578049582988,-18.572653243373097,2.970414120111418e-19
1787278708.581123,resting,fast,1787278684.5223618,-245.45484630232522,-186.22591969699886,1348.8304060823257,13.966943977273875,-18.409113472674143,2.969229271834774e-19
1787278708.5936992,resting,fast,1787278684.5223618,-244.80115311050622,-184.39745506433485,1346.6600229445476,13.829809129823719,-18.36008648328763,2.966897236878828e-19
1787278708.6032412,resting,fast,1787278684.5223618,-244.58065374469652,-183.36350636042528,1347.0463604037768,13.752262977030671,-18.343549030852145,2.9648875542336116e-19
1787278708.6145103,resting,fast,1787278684.5223618,-245.64400737912501,-183.44087216753394,1349.0426468172036,13.758065412563827,-18.423300553434196,2.9600472076294785e-19
1787278708.6269162,resting,fast,1787278684.5223618,-247.3312435264147,-184.70509756814693,1352.256396194637,13.85288231760983,-18.549843264480934,2.9637911255431445e-19
1787278708.6365988,resting,fast,1787278684.5223618,-247.90776127113304,-185.59261082134833,1351.117772308734,13.919445811599946,-18.59308209533492,2.964502195494018e-19
1787278708.647761,resting,fast,1787278684.5223618,-247.3204771764963,-185.63920535271848,1349.0633480164515,13.922940401452781,-18.54903578823692,2.9640465898072225e-19
1787278708.6597233,resting,fast,1787278684.5223618,-245.68676984362037,-187.1607244696919,1344.1565104264964,14.037054335225566,-18.426507738271177,2.961252016996173e-19
1787278708.6700213,resting,fast,1787278684.5223618,-246.59592187246426,-186.48489858555138,1351.1074901726543,13.98636739391512,-18.494694140434667,2.9694302288923706e-19
1787278708.6809838,resting,fast,1787278684.5223618,-249.0251488409317,-189.3159961460541,1359.7037691432006,14.19869971095277,-18.67688616306952,2.976817368101979e-19
1787278708.6941671,resting,fast,1787278684.5223618,-250.27722120981207,-189.19554675196207,1362.512365982514,14.189666006396,-18.770791590735676,2.981327646434216e-19
1787278708.7031486,resting,fast,1787278684.5223618,-249.86518099406067,-190.23647093819034,1359.500450867633,14.267735320363148,-18.739888574554314,2.977528574151408e-19
1787278708.7144287,resting,fast,1787278684.5223618,-248.6010142299233,-188.43884902676803,1352.5197449601228,14.132913677006503,-18.645076067244112,2.9746546404727814e-19
1787278708.7262738,resting,fast,1787278684.5223618,-248.14349784658543,-187.81690236915222,1349.4665504338855,14.086267677685118,-18.610762338493814,2.9689147190524487e-19
1787278708.7365992,resting,fast,1787278684.5223618,-247.51379229499935,-186.85263418706393,1344.7821904335733,14.013947564028815,-18.563534422124725,2.9653417951201324e-19
1787278708.7476301,resting,fast,1787278684.5223618,-247.6761978301779,-186.82522350973807,1344.799678468461,14.011891763228991,-18.575714837263007,2.9654572573938513e-19
1787278708.759042,resting,fast,1787278684.5223618,-246.74605754875893,-185.41891812234815,1350.2892061247776,13.906418859175123,-18.505954316156846,2.9721026691849747e-19
1787278708.7697382,resting,fast,1787278684.5223618,-246.61644685754663,-185.54679298023586,1350.2486217551987,13.9160094735163,-18.49623351431582,2.974510048489271e-19
1787278708.7809846,resting,fast,1787278684.5223618,-247.16112247885985,-185.31583095056897,1352.121831994159,13.898687321291508,-18.53708418591414,2.9726846933740063e-19
1787278708.793776,resting,fast,1787278684.5223618,-248.0344402009846,-186.14779138288316,1346.5029457386163,13.961084353714956,-18.60258301507352,2.9667494287506973e-19
1787278708.8030863,resting,fast,1787278684.5223618,-247.8129105172734,-186.45406359036622,1345.6695568819205,13.984054769276302,-18.585968288795343,2.9640153154022136e-19
1787278708.8143032,resting,fast,1787278684.5223618,-245.63662376026014,-186.98304696448338,1337.6756180153634,14.023728522334952,-18.422746782019388,2.9619439157031246e-19
1787278708.827415,resting,fast,1787278684.5223618,-245.4585334098815,-186.64110712193553,1341.0596291397678,13.998083034144091,-18.409390005741017,2.965263929778149e-19
1787278708.8363862,resting,fast,1787278684.5223618,-246.38369766312508,-186.4061761396846,1344.508602508272,13.98046321047524,-18.478777324734374,2.9626283778309974e-19
1787278708.8474612,resting,fast,1787278684.5223618,-247.22601921417163,-186.27147270152102,1347.5178326905234,13.970360452613054,-18.5419514410626,2.963477181669845e-19
1787278708.8594415,resting,fast,1787278684.5223618,-247.76479217490532,-186.4177378834023,1346.957678638947,13.981330341253955,-18.582359413117636,2.965093210655614e-19
1787278708.869511,resting,fast,1787278684.5223618,-247.3520534085269,-186.72772390518332,1345.3629608743495,14.00457929288736,-18.55140400563932,2.9726137998924337e-19
1787278708.8807847,resting,fast,1787278684.5223618,-248.1348912411272,-186.6150725873348,1348.038944073397,13.996130444048962,-18.61011684308449,2.973248173566617e-19
1787278708.8928585,resting,fast,1787278684.5223618,-248.15600128096457,-186.3607428906704,1349.768990470934,13.977055716799303,-18.611700096072255,2.9725036176557247e-19
1787278708.9032297,resting,fast,1787278684.5223618,-248.08126044591654,-184.9495191593527,1350.0037810818403,13.871213936950273,-18.60609453344351,2.969135507263565e-19
1787278708.9141195,resting,fast,1787278684.5223618,-248.87080599379578,-185.20684645929362,1351.5282262707506,13.890513484446078,-18.665310449534232,2.968585290550063e-19
1787278708.9253044,resting,fast,1787278684.5223618,-248.9722121660393,-185.43485526216807,1350.76293541625,13.907614144661327,-18.672915912452687,2.9667199609261374e-19
1787278708.9362917,resting,fast,1787278684.5223618,-249.58191630452484,-186.17932142300003,1353.0362870230738,13.963449106723761,-18.718643722839346,2.9659632697489907e-19
1787278708.9475176,resting,fast,1787278684.5223618,-248.76533810082447,-187.43187809357607,1352.7696082096418,14.057390857017086,-18.657400357561542,2.9701481000137286e-19
1787278708.9585936,resting,fast,1787278684.5223618,-248.82233513857727,-188.26521995092196,1351.2228221667765,14.119891496318022,-18.661675135392557,2.972104542398954e-19
1787278708.9695988,resting,fast,1787278684.5223618,-247.09084661204497,-188.04023512244078,1341.1159582935898,14.103017634181743,-18.53181349590313,2.9672166384405617e-19
1787278708.9806662,resting,fast,1787278684.5223618,-247.40097715053935,-186.27178304225492,1341.38006708589,13.970383728167892,-18.555073286290295,2.9633853536196696e-19
1787278708.9918754,resting,fast,1787278684.5223618,-246.18824024292235,-186.6979832845592,1339.379233308754,14.002348746340605,-18.464118018218997,2.961391735630576e-19
1787278709.002856,resting,fast,1787278684.5223618,-247.35600468865277,-187.18833263137265,1346.5651295255657,14.039124947351727,-18.55170035164882,2.96722724734142e-19
1787278709.0140133,resting,fast,1787278684.5223618,-245.31094310438812,-186.5504512736428,1340.6487086246025,13.991283845522151,-18.39832073282905,2.9624690412547845e-19
1787278709.0252068,resting,fast,1787278684.5223618,-245.89290497930915,-185.82879168235365,1340.608040070446,13.937159376175348,-18.441967873448036,2.9587836485699776e-19
1787278709.0362952,resting,fast,1787278684.5223618,-245.90581397164942,-186.32761422898227,1339.1377172810671,13.97457106717248,-18.442936047873687,2.957546555174283e-19
1787278709.047395,resting,fast,1787278684.5223618,-247.78005915699532,-188.75480839794875,1343.9109368010131,14.156610629844824,-18.583504436774447,2.9617548888071437e-19
1787278709.0584128,resting,fast,1787278684.5223618,-248.43899789409852,-189.52217615306074,1349.6928096390393,14.214163211478354,-18.632924842057264,2.9666909027466765e-19
1787278709.0695424,resting,fast,1787278684.5223618,-247.30151711374901,-189.67835287471064,1347.8121131790822,14.22587646560223,-18.54761378353102,2.9617163533022253e-19
1787278709.080533,resting,fast,1787278684.5223618,-246.51156653600583,-189.39704067611945,1344.2391120842249,14.204778050707521,-18.48836749020012,2.9602020520288215e-19
1787278709.0917609,resting,fast,1787278684.5223618,-245.73314011657703,-187.18307404982068,1336.7103616354334,14.038730553735267,-18.429985508743087,2.955784172635883e-19
1787278709.1024306,resting,fast,1787278684.5223618,-246.19114737003974,-187.01838495265918,1335.6455627849655,14.026378871448319,-18.464336052752962,2.958435493296702e-19
1787278709.113401,resting,fast,1787278684.5223618,-246.57711383877404,-186.37776548750242,1339.8887576119168,13.978332411561528,-18.493283537907736,2.9633272538707225e-19
1787278709.1247807,resting,fast,1787278684.5223618,-246.51696810201474,-188.16013506419188,1341.9834563053491,14.112010129813175,-18.488772607650972,2.9681592530890433e-19
1787278709.136104,resting,fast,1787278684.5223618,-246.80338995373904,-188.33011939966593,1341.673270547216,14.124758954973775,-18.510254246530117,2.967874011518944e-19
1787278709.1472883,resting,fast,1787278684.5223618,-245.59066161169858,-187.12652829650517,1335.682436919199,14.034489622236766,-18.41929962087712,2.958729580352008e-19
1787278709.15832,resting,fast,1787278684.5223618,-246.9274497740057,-187.6431207676934,1339.9516281561218,14.073234057575807,-18.519558733050296,2.95664070090671e-19
1787278709.169465,resting,fast,1787278684.5223618,-244.88948367165312,-185.28334300646577,1336.9114737698683,13.896250725483757,-18.366711275373817,2.952847389605798e-19
1787278709.1807015,resting,fast,1787278684.5223618,-245.66132543345566,-185.37524443615496,1340.1901200152233,13.903143332710545,-18.42459940750917,2.9582558892313324e-19
1787278709.1917126,resting,fast,1787278684.5223618,-244.54681510582986,-185.6169887002667,1337.6639890409724,13.921274152518752,-18.341011132936885,2.9584773580673947e-19
1787278709.2027597,resting,fast,1787278684.5223618,-246.77054929279302,-186.05163849799135,1343.8713771884277,13.953872887348172,-18.507791196959225,2.9622619267208625e-19
1787278709.2140267,resting,fast,1787278684.5223618,-246.96522657538435,-186.62625852711778,1344.2762922807242,13.996969389532882,-18.52239199315361,2.96231266913614e-19
1787278709.2250268,resting,fast,1787278684.5223618,-247.2510879239394,-185.5586621860333,1346.3934870176827,13.91689966395126,-18.543831594295128,2.9647652648946525e-19
1787278709.236114,resting,fast,1787278684.5223618,-246.60180817261835,-186.6861401418272,1345.1809109836786,14.00146051063587,-18.495135612946257,2.964935065603886e-19
1787278709.2472334,resting,fast,1787278684.5223618,-247.18220899184826,-187.05763018932169,1346.0246581970068,14.02932226419799,-18.538665674388355,2.9640765139121154e-19
1787278709.2583396,resting,fast,1787278684.5223618,-245.9839384379734,-185.88224329835464,1343.129011707094,13.941168247375462,-18.448795382847877,2.95792544986029e-19
1787278709.2695467,resting,fast,1787278684.5223618,-245.16319857859753,-185.44949685987547,1341.975504056766,13.9087122644893,-18.387239893394664,2.9581845153760123e-19
1787278709.2805467,resting,fast,1787278684.5223618,-244.70471612125266,-185.0075354729728,1345.180919746862,13.87556516047177,-18.35285370909385,2.963375066144863e-19
1787278709.2915857,resting,fast,1787278684.5223618,-245.52422542347222,-185.27878182079996,1342.2600332020547,13.895908636558833,-18.414316906760114,2.9651786732655937e-19
1787278709.3027086,resting,fast,1787278684.5223618,-247.02498520623294,-185.9299751047887,1346.4090242545817,13.944748132857956,-18.52687389046742,2.966812812056201e-19
1787278709.3137581,resting,fast,1787278684.5223618,-246.61100054062945,-185.64849603582763,1342.4141990037997,13.92363720268607,-18.495825040546954,2.961797264743207e-19
1787278709.3249896,resting,fast,1787278684.5223618,-246.33101436981133,-184.92648125547032,1344.5797271926103,13.869486094159019,-18.474826077735692,2.961139174502276e-19
1787278709.3359742,resting,fast,1787278684.5223618,-247.5922782890243,-184.87824104239496,1347.1818086609992,13.865868078178469,-18.569420871676826,2.9631426693059427e-19
1787278709.3471293,resting,fast,1787278684.5223618,-246.99854681200713,-184.72578621056016,1342.7479838410827,13.854433965790808,-18.524891010900383,2.958275944914275e-19
1787278709.358205,resting,fast,1787278684.5223618,-246.9166405691608,-185.9236892224593,1343.3072648027673,13.944276691683232,-18.518748042686894,2.959925455492054e-19
1787278709.3693995,resting,fast,1787278684.5223618,-245.89313533808536,-184.6577567182934,1338.704530846947,13.84933175387086,-18.44198515035618,2.9538679117715846e-19
1787278709.3803918,resting,fast,1787278684.5223618,-248.23093558675964,-185.79995864057753,1346.5481368281153,13.934996898041948,-18.617320169006817,2.96450170882492e-19
1787278709.3915408,resting,fast,1787278684.5223618,-248.74798537076322,-186.23421236000706,1345.7491323707409,13.967565926999459,-18.656098902807138,2.9633265797695115e-19
1787278709.402578,resting,fast,1787278684.5223618,-248.9452754316403,-186.548345688646,1349.7320019573608,13.991125926647445,-18.670895657372874,2.9686421014125957e-19
1787278709.4137092,resting,fast,1787278684.5223618,-247.20123268790257,-186.64744327017786,1344.867589128503,13.998558245262121,-18.540092451592514,2.962671888365342e-19
1787278709.4247308,resting,fast,1787278684.5223618,-247.36469037863162,-186.02588309223358,1350.0716749322028,13.951941231916383,-18.552351778397195,2.967021030278099e-19
1787278709.435788,resting,fast,1787278684.5223618,-247.53251570196198,-186.09572746714014,1347.4971248358606,13.957179560034195,-18.564938677646907,2.965410597957779e-19
1787278709.446958,resting,fast,1787278684.5223618,-248.5978875858059,-185.50222410904496,1351.219754650775,13.912666808177352,-18.644841568935114,2.969581994965954e-19
1787278709.4581645,resting,fast,1787278684.5223618,-248.85611266850856,-186.5688590984713,1349.6060313188218,13.992664432384078,-18.66420845013789,2.968677045251406e-19
1787278709.4691813,resting,fast,1787278684.5223618,-248.03366954214698,-186.38229774516537,1348.763919123322,13.978672330886457,-18.60252521566082,2.9692721415906554e-19
1787278709.479908,resting,fast,1787278684.5223618,-245.85115467966307,-185.81162101543862,1346.0609097955685,13.935871576156561,-18.438836600974447,2.9667026435756893e-19
1787278709.4910212,resting,fast,1787278684.5223618,-245.72030384328582,-184.45672009490784,1345.1307398822655,13.834254007116702,-18.429022788246208,2.964612066584172e-19
1787278709.502175,resting,fast,1787278684.5223618,-247.13208897143477,-185.43653343964445,1351.2851066979028,13.90774000797234,-18.534906672857495,2.9681787433312034e-19
1787278709.513663,resting,fast,1787278684.5223618,-247.9449488208861,-184.7887860894183,1352.5432962750392,13.859158956705418,-18.595871161566272,2.968447510840129e-19
1787278709.5246837,resting,fast,1787278684.5223618,-247.0837973443854,-184.9488594885064,1350.355448559446,13.871164461637068,-18.53128480082873,2.9675044894327605e-19
1787278709.5358555,resting,fast,1787278684.5223618,-245.05928033762984,-184.28403917600542,1344.46126016988,13.821302938199171,-18.379446025322224,2.964326005358659e-19
1787278709.5469482,resting,fast,1787278684.5223618,-245.01202040781618,-186.1477522214467,1343.348103975416,13.961081416607232,-18.375901530585978,2.961744973263645e-19
1787278709.5579832,resting,fast,1787278684.5223618,-246.03189917140162,-188.92039808439256,1347.4216476603442,14.169029856328468,-18.45239243785484,2.9643974242083326e-19
1787278709.5691323,resting,fast,1787278684.5223618,-248.47348740052576,-189.1853915950586,1348.4407760133736,14.18890436962808,-18.63551155503918,2.964342288407014e-19
1787278709.580129,resting,fast,1787278684.5223618,-248.91665655098632,-187.25099845129364,1346.88222645121,14.043824883845748,-18.668749241323646,2.960165217326238e-19
1787278709.5912108,resting,fast,1787278684.5223618,-248.28040734519027,-186.34537450172172,1347.7819005592746,13.975903087627888,-18.621030550888882,2.961039265350844e-19
1787278709.6024005,resting,fast,1787278684.5223618,-248.30643164717594,-186.97269145106964,1353.1212145158652,14.022951858829135,-18.62298237353817,2.9631983718519777e-19
1787278709.6134398,resting,fast,1787278684.5223618,-248.87924458661792,-187.85161087155632,1358.736714020889,14.088870815365713,-18.665943343996346,2.971898470066171e-19
1787278709.6244328,resting,fast,1787278684.5223618,-248.89678296529246,-185.1589999242334,1354.5797633912562,13.88692499431652,-18.667258722396916,2.9676252496071714e-19
1787278709.6356225,resting,fast,1787278684.5223618,-246.34186804924548,-184.0488235519341,1346.977919391954,13.803661766393905,-18.475640103693237,2.9649937512829413e-19
1787278709.646797,resting,fast,1787278684.5223618,-246.26931293770258,-185.07452866448432,1346.8627615895775,13.880589649835049,-18.470198470327617,2.9652879967930027e-19
1787278709.6580536,resting,fast,1787278684.5223618,-245.93214435031814,-187.41457557112437,1344.8833365845758,14.056093167833044,-18.444910826273592,2.9648378588756785e-19
1787278709.6689894,resting,fast,1787278684.5223618,-247.03416364129544,-187.8947457885846,1345.1144683443554,14.092105934142655,-18.52756227309706,2.968223059257667e-19
1787278709.680018,resting,fast,1787278684.5223618,-247.55547015491584,-188.64031656096074,1343.0478182614033,14.148023742070837,-18.56666026161863,2.966739292527919e-19
1787278709.6912746,resting,fast,1787278684.5223618,-246.9699223231205,-186.5570693323981,1339.1046287032486,13.991780199928716,-18.522744174233893,2.9668912973984826e-19
1787278709.7023237,resting,fast,1787278684.5223618,-246.74508656180797,-185.38266767197536,1342.5161065300463,13.903700075397058,-18.50588149213523,2.9644972889753937e-19
1787278709.7134519,resting,fast,1787278684.5223618,-245.76478811927745,-183.05804309816074,1342.7691432052388,13.729353232360953,-18.43235910894589,2.961189871237536e-19
1787278709.724613,resting,fast,1787278684.5223618,-247.25457311914897,-184.10554201243474,1350.1067698033212,13.807915650931452,-18.544092983936025,2.965905382431272e-19
1787278709.7355945,resting,fast,1787278684.5223618,-248.02098324238023,-184.98923986516695,1348.1327703785655,13.874192989886328,-18.601573743178164,2.965862603936877e-19
1787278709.7467573,resting,fast,1787278684.5223618,-248.6974543434685,-186.5742638683222,1346.1708566705793,13.993069790123034,-18.65230907575979,2.9709177092740353e-19
1787278709.7579165,resting,fast,1787278684.5223618,-248.79927018424814,-185.03499667873064,1349.4729820015864,13.877624750903554,-18.659945263818358,2.9684840180135465e-19
1787278709.7689855,resting,fast,1787278684.5223618,-246.177809902842,-184.52004977178228,1346.2346909641974,13.839003732882379,-18.463335742712964,2.9623083723055392e-19
1787278709.7800171,resting,fast,1787278684.5223618,-246.18231004726067,-183.61851247228776,1350.9198010509253,13.771388435420409,-18.463673253544393,2.9601381634362856e-19
1787278709.7911007,resting,fast,1787278684.5223618,-245.02818930169587,-184.6432366827031,1346.7142932830693,13.8482427512016,-18.37711419762696,2.9602254790865214e-19
1787278709.802041,resting,fast,1787278684.5223618,-246.23879632660055,-184.80895581189714,1346.8890467918545,13.860671685891166,-18.467909724494888,2.9636181175922694e-19
1787278709.8132656,resting,fast,1787278684.5223618,-245.44538877683,-185.60093671618085,1341.5269391389857,13.920070253712456,-18.40840415826223,2.9618623902367764e-19
1787278709.8243747,resting,fast,1787278684.5223618,-246.70257756654837,-185.87984334227315,1343.9058984145222,13.940988250669282,-18.502693317490902,2.9657663211693965e-19
1787278709.8354406,resting,fast,1787278684.5223618,-247.25368993407892,-185.10298580864412,1350.8966194684554,13.882723935646954,-18.544026745055795,2.971032736537636e-19
1787278709.8465974,resting,fast,1787278684.5223618,-247.7882139946173,-185.7018863357772,1349.5899282119144,13.927641475182359,-18.584116049595977,2.970124363237337e-19
1787278709.8576555,resting,fast,1787278684.5223618,-247.18904797595906,-185.22165773076847,1344.3224410912562,13.89162432980638,-18.539178598196557,2.962046840702074e-19
1787278709.8687675,resting,fast,1787278684.5223618,-247.47400312298169,-188.61368306076758,1339.5651093279857,14.146026229556458,-18.56055023422318,2.959962851412447e-19
1787278709.880093,resting,fast,1787278684.5223618,-247.62502829915184,-187.8791362362423,1346.0709285378498,14.090935217716808,-18.571877122436014,2.961506131087044e-19
1787278709.8909729,resting,fast,1787278684.5223618,-249.0724590662344,-190.14080140888802,1353.3545532374947,14.260560105665338,-18.680434429967292,2.9688731794052336e-19
1787278709.9019654,resting,fast,1787278684.5223618,-249.95464322466205,-189.34299299352017,1358.4732647451647,14.200724474512842,-18.746598241849618,2.972035615827423e-19
1787278709.9130955,resting,fast,1787278684.5223618,-249.3279763576952,-188.47617504213906,1353.1457290762637,14.135713128159185,-18.699598226826772,2.973444614512522e-19
1787278709.9244277,resting,fast,1787278684.5223618,-247.56540069427,-187.27620848437311,1347.2278533968865,14.04571563632695,-18.56740505207008,2.968019074786556e-19
1787278709.935446,resting,fast,1787278684.5223618,-246.7353677297383,-186.18461717187859,1342.1528638367863,13.963846287889513,-18.50515257973015,2.961900808685589e-19
1787278709.9465108,resting,fast,1787278684.5223618,-246.52392279175228,-185.8986143534172,1343.280415373859,13.942396076505108,-18.48929420938112,2.9589841587120544e-19
1787278709.9576178,resting,fast,1787278684.5223618,-246.75170816792297,-184.44678582666495,1347.3123857853234,13.833508936998715,-18.506378112594177,2.961483394639359e-19
1787278709.9687474,resting,fast,1787278684.5223618,-246.6743711741724,-185.73903764425097,1346.89266673369,13.930427823317647,-18.500577838062867,2.9666049686074455e-19
1787278709.9797564,resting,fast,1787278684.5223618,-246.90629428096372,-186.10286249995409,1346.2269714477306,13.9577146874954,-18.517972071071995,2.966869110465811e-19
1787278709.9909146,resting,fast,1787278684.5223618,-247.36867920461145,-187.6303765819772,1344.7394659307565,14.072278243647052,-18.552650940345764,2.968236319903413e-19
1787278710.0021408,resting,fast,1787278684.5223618,-248.02393841798812,-186.37747041953128,1349.5799599778793,13.97831028146378,-18.60179538134893,2.9651866087128904e-19
1787278710.0131853,resting,fast,1787278684.5223618,-249.29837028771772,-188.19618366953057,1352.0497484344223,14.114713775213733,-18.69737777157853,2.969636654311181e-19
1787278710.02422,resting,fast,1787278684.5223618,-248.56416766020493,-188.93696963421564,1352.7538954899965,14.17027272256502,-18.642312574515003,2.9710261038996344e-19
1787278710.0353138,resting,fast,1787278684.5223618,-247.11433789756074,-188.4646161910074,1346.6650744749286,14.134846214324401,-18.53357534231702,2.9670369300128923e-19
1787278710.0464551,resting,fast,1787278684.5223618,-246.88441347898925,-187.0749368649964,1346.9893441777467,14.030620264873466,-18.516331010923963,2.966658486418012e-19
1787278710.057357,resting,fast,1787278684.5223618,-248.21322504194222,-187.07632226417616,1347.3837641888867,14.030724169812206,-18.615991878145394,2.9665556231250914e-19
1787278710.0686858,resting,fast,1787278684.5223618,-249.13655210800653,-187.51228726360193,1354.8521579253184,14.063421544768975,-18.685241408100474,2.975428117792141e-19
1787278710.079662,resting,fast,1787278684.5223618,-247.900470055602,-187.02800670849217,1352.20387659055,14.02710050313556,-18.592535254169782,2.969596721216716e-19
1787278710.0906632,resting,fast,1787278684.5223618,-247.2604103109702,-185.55963968174285,1350.6631487457607,13.91697297612966,-18.544530773322478,2.967758288490211e-19
1787278710.1015422,resting,fast,1787278684.5223618,-247.14441132585534,-185.94113311155672,1348.5716640710607,13.945584983365709,-18.535830849438838,2.965505467210963e-19
1787278710.1125197,resting,fast,1787278684.5223618,-247.51903937224643,-186.98004466496025,1348.467726407539,14.023503349870854,-18.563927952918455,2.9708050367615425e-19
1787278710.1238227,resting,fast,1787278684.5223618,-248.15324324559833,-188.70839115167485,1350.164827483747,14.153129336374281,-18.611493243419638,2.9732817750528945e-19
1787278710.1352103,resting,fast,1787278684.5223618,-249.5918869223592,-188.92075312461623,1352.107795788993,14.169056484345123,-18.71939151917684,2.972134293223271e-19
1787278710.1463983,resting,fast,1787278684.5223618,-250.39166624128256,-188.04254231563425,1357.4830247774962,14.103190673671495,-18.779374968096064,2.975461748487835e-19
1787278710.1574857,resting,fast,1787278684.5223618,-249.8430234397906,-187.46567118283963,1357.0702430141982,14.059925338711725,-18.738226757984293,2.975677353942812e-19
1787278710.1685503,resting,fast,1787278684.5223618,-248.22838024414204,-185.8981819778213,1354.4044905267228,13.942363648335405,-18.617128518310423,2.978666411913983e-19
1787278710.1797535,resting,fast,1787278684.5223618,-247.09309632007762,-185.34981108516797,1348.472717115409,13.901235831386476,-18.53198222400549,2.9728179369493544e-19
1787278710.1907802,resting,fast,1787278684.5223618,-246.9892261222226,-185.38797774698435,1344.4056724098891,13.9040983310223,-18.5241919591664,2.9686950332301224e-19
1787278710.2017655,resting,fast,1787278684.5223618,-247.94506489199966,-187.05589433354578,1346.4358432565778,14.029192075014794,-18.595879866899665,2.96739422536127e-19
1787278710.212949,resting,fast,1787278684.5223618,-249.59948825058063,-188.24548862708627,1351.0822351010383,14.118411647030332,-18.719961618793306,2.972308416808238e-19
1787278710.224053,resting,fast,1787278684.5223618,-250.3468356119297,-188.43552693281083,1355.0204877768401,14.13266451995975,-18.776012670894424,2.975753019591224e-19
1787278710.235221,resting,fast,1787278684.5223618,-249.67967700693634,-186.93036102455028,1354.6761799385722,14.01977707684016,-18.72597577552026,2.9768257435399317e-19
1787278710.2462683,resting,fast,1787278684.5223618,-249.3692880542817,-186.92963936752847,1353.6614319008704,14.019722952563502,-18.70269660407073,2.9752682413414284e-19
1787278710.257427,resting,fast,1787278684.5223618,-248.30419079134526,-186.7438633621167,1351.9202935819021,14.005789752157842,-18.622814309350645,2.9722290453875335e-19
1787278710.268467,resting,fast,1787278684.5223618,-248.76019967377624,-186.62492034707827,1354.117648390219,13.996869026029632,-18.657014975533045,2.9697789183692317e-19
1787278710.279538,resting,fast,1787278684.5223618,-248.30559393887734,-185.6033712860077,1352.8473604944056,13.920252846449433,-18.622919545415762,2.9679953761284163e-19
1787278710.2904763,resting,fast,1787278684.5223618,-249.5442368342333,-185.36251406736153,1356.1092525344184,13.902188555050973,-18.715817762567397,2.97019293776464e-19
1787278710.30168,resting,fast,1787278684.5223618,-248.92060171177536,-184.74074556292805,1350.803986826476,13.855555917218457,-18.669045128382905,2.9694690433919304e-19
1787278710.3127959,resting,fast,1787278684.5223618,-248.58148144779398,-185.73023550476535,1352.193244595529,13.92976766285614,-18.643611108584302,2.968509294275341e-19
1787278710.3239274,resting,fast,1787278684.5223618,-247.49342152983036,-185.05083048772224,1349.8922462603414,13.878812286578114,-18.562006614737,2.9678255461921174e-19
1787278710.3349712,resting,fast,1787278684.5223618,-246.8872111884425,-186.3391652290362,1347.6984495963598,13.975437392176662,-18.51654083913285,2.9637569220126514e-19
1787278710.3461308,resting,fast,1787278684.5223618,-246.21681123527787,-185.46035141372147,1345.511014243989,13.909526356027872,-18.466260842645525,2.961521537802983e-19
1787278710.3571508,resting,fast,1787278684.5223618,-246.73950475706943,-186.13010931764336,1346.5035264929747,13.959758198822374,-18.505462856779985,2.9634763894129416e-19
1787278710.3682654,resting,fast,1787278684.5223618,-246.9880660584854,-186.18074813390365,1349.7936232132843,13.963556110041427,-18.524104954386026,2.967546660271485e-19
1787278710.3793344,resting,fast,1787278684.5223618,-248.02396779910168,-188.17848079182647,1348.9123907740186,14.113386059385991,-18.601797584932356,2.9685560716890263e-19
1787278710.3904896,resting,fast,1787278684.5223618,-248.18119983937913,-189.2079448216524,1348.312866572468,14.190595861622743,-18.613589987953233,2.9666870993660536e-19
1787278710.401545,resting,fast,1787278684.5223618,-248.70325860974708,-189.68300291692515,1347.6347662987619,14.226225218768466,-18.6527443957308,2.9666573539197033e-19
1787278710.412773,resting,fast,1787278684.5223618,-248.3083659184581,-188.27250511809768,1350.3605080784664,14.120437883856201,-18.62312744388405,2.970087045827836e-19
1787278710.4238114,resting,fast,1787278684.5223618,-247.83961344950467,-188.3682003704081,1350.0361588988535,14.127615027779473,-18.587971008712607,2.9704300631247174e-19
1787278710.4348867,resting,fast,1787278684.5223618,-247.8960643639898,-188.98546055695795,1348.5410929432082,14.173909541770659,-18.59220482729915,2.9682358139345036e-19
1787278710.4461067,resting,fast,1787278684.5223618,-248.18163328617675,-189.2151109627888,1344.3805905155996,14.191133322208064,-18.613622496462902,2.9626546412825113e-19
1787278710.4569516,resting,fast,1787278684.5223618,-248.19667453457214,-187.96658893281585,1344.9128134606826,14.097494169960118,-18.61475059009269,2.959735736802401e-19
1787278710.468207,resting,fast,1787278684.5223618,-249.1737708540718,-187.87385373903305,1349.9698368628187,14.09053903042626,-18.68803281405517,2.966281385600981e-19
1787278710.479262,resting,fast,1787278684.5223618,-250.55429652589692,-188.5320969929445,1355.2996120100697,14.139907274469852,-18.79157223944192,2.9747159893831266e-19
1787278710.4901109,resting,fast,1787278684.5223618,-251.43535852505147,-189.35823261124835,1357.3832514737796,14.201867445842286,-18.857651889378516,2.9772669462444563e-19
1787278710.5014405,resting,fast,1787278684.5223618,-249.82488571293788,-189.79855553115829,1351.6941289504894,14.23489166483559,-18.73686642847006,2.9701567433213134e-19
1787278710.5125885,resting,fast,1787278684.5223618,-249.3194783166041,-188.968197258822,1351.7840292325081,14.172614794410567,-18.698960873745214,2.9688067079129435e-19
1787278710.5235913,resting,fast,1787278684.5223618,-249.10138597661125,-186.93381647388685,1351.3120097909623,14.020036235540179,-18.682603948245834,2.969660103295127e-19
1787278710.5346646,resting,fast,1787278684.5223618,-250.59264651301373,-186.16022934678165,1354.3294952448077,13.962017201007459,-18.79444848847588,2.9712674653920537e-19
1787278710.5458364,resting,fast,1787278684.5223618,-249.64605609805722,-185.8680485034189,1350.652033275529,13.940103637755332,-18.72345420735408,2.9663166911419247e-19
1787278710.556917,resting,fast,1787278684.5223618,-250.08912214818383,-186.59281807462537,1350.3668010733554,13.994461355595565,-18.75668416111349,2.9667378999102725e-19
1787278710.568057,resting,fast,1787278684.5223618,-249.5191007492508,-186.55822893443144,1349.8495957976584,13.991867170081111,-18.713932556193512,2.966779451295786e-19
1787278710.5791543,resting,fast,1787278684.5223618,-249.44596389355002,-186.3084422698763,1353.6390500546959,13.973133170239624,-18.708447292015926,2.9699138711317626e-19
1787278710.5902617,resting,fast,1787278684.5223618,-248.06211776789814,-185.9616272325701,1353.0881698498824,13.947122042441652,-18.604658832592015,2.9663872280136133e-19
1787278710.601446,resting,fast,1787278684.5223618,-247.48540110506156,-185.76575540562442,1350.5393736809501,13.93243165542059,-18.56140508287931,2.9678253917866063e-19
1787278710.6123965,resting,fast,1787278684.5223618,-247.90519407497186,-186.89260017365848,1349.0548686585435,14.016945013023008,-18.592889555622655,2.967274495805798e-19
1787278710.6235137,resting,fast,1787278684.5223618,-248.24652280844975,-187.3523060073793,1350.7479550471226,14.051422950552283,-18.618489210633484,2.973197321457706e-19
1787278710.6346235,resting,fast,1787278684.5223618,-247.66804410918076,-186.92342493821673,1351.8045841651337,14.0192568703653,-18.575103308188616,2.9685825135039226e-19
1787278710.64576,resting,fast,1787278684.5223618,-247.63894297298475,-186.8005384102579,1351.5725802597617,14.010040380768263,-18.57292072297379,2.9695986791662185e-19
1787278710.656859,resting,fast,1787278684.5223618,-247.86333409273584,-187.70429119941866,1350.9196322284743,14.07782183995538,-18.589750056955005,2.96668339827256e-19
1787278710.6680782,resting,fast,1787278684.5223618,-248.58320345634502,-186.59447085255158,1352.7508699675718,13.994585313940053,-18.643740259225574,2.9703584198495475e-19
1787278710.6791217,resting,fast,1787278684.5223618,-249.3641884268186,-187.12280013611246,1352.410584366241,14.034210010207193,-18.70231413201106,2.9705596964035666e-19
1787278710.6901705,resting,fast,1787278684.5223618,-248.94628075676837,-185.21269272983443,1349.7335280825291,13.890951954736426,-18.67097105675741,2.9665002822706027e-19
1787278710.7012231,resting,fast,1787278684.5223618,-247.9918760002097,-186.0772641032155,1348.919257990433,13.955794807740137,-18.599390700015668,2.965744555783468e-19
1787278710.7124114,resting,fast,1787278684.5223618,-247.1106901565322,-185.37708540621918,1351.897361245473,13.903281405465055,-18.533301761739942,2.9698287157949576e-19
1787278710.7234406,resting,fast,1787278684.5223618,-248.67650755059776,-187.5088007973119,1357.6049414266045,14.063160059797301,-18.65073806629455,2.9773392307593956e-19
1787278710.7345803,resting,fast,1787278684.5223618,-249.8156008381543,-188.0809048472014,1359.6160464755494,14.106067863538843,-18.73617006286127,2.980439960406884e-19
1787278710.745679,resting,fast,1787278684.5223618,-249.86402143644818,-188.6509895686712,1357.0452621737213,14.148824217649295,-18.73980160773327,2.9777610504399845e-19
1787278710.7566752,resting,fast,1787278684.5223618,-246.6157961617405,-185.71471166525828,1352.0718818015057,13.928603374893061,-18.496184712130358,2.969751227229517e-19
1787278710.767804,resting,fast,1787278684.5223618,-246.1918999788436,-187.16055331052246,1349.4755395401507,14.037041498288236,-18.46439249841309,2.96947587515617e-19
1787278710.7791023,resting,fast,1787278684.5223618,-245.98916116687315,-186.26887962792273,1348.6939498556612,13.97016597209323,-18.449187087515284,2.9677605152450915e-19
1787278710.790052,resting,fast,1787278684.5223618,-247.517338158023,-187.46254538034202,1349.210161247841,14.059690903524558,-18.563800361851825,2.970977341153386e-19
1787278710.8012042,resting,fast,1787278684.5223618,-248.21422241174832,-186.72790382230744,1353.5747349728344,14.004592786671953,-18.616066680880913,2.9713798013202626e-19
1787278710.812401,resting,fast,1787278684.5223618,-248.1851418886231,-186.81933326096294,1352.603036594929,14.011449994571155,-18.61388564164676,2.9677914768214747e-19
1787278710.8234532,resting,fast,1787278684.5223618,-249.5017603150277,-187.5801470687801,1353.36888398079,14.068511030157143,-18.712632023626895,2.966983676026442e-19
1787278710.8345916,resting,fast,1787278684.5223618,-248.61147209782257,-187.96983160550906,1351.007007449637,14.097737370411881,-18.6458604073365,2.9666578352094443e-19
1787278710.845717,resting,fast,1787278684.5223618,-247.8754309300989,-187.47857727024132,1354.1991474871456,14.060893295266968,-18.5906573197571,2.971294481839058e-19
1787278710.8567145,resting,fast,1787278684.5223618,-247.08602014990765,-186.81368113562155,1355.279464538541,14.011026085170531,-18.531451511242828,2.9761289709790595e-19
1787278710.8677664,resting,fast,1787278684.5223618,-247.84559030268747,-186.9947124576364,1355.1834319206655,14.02460343432158,-18.588419272701252,2.9752747101750015e-19
1787278710.8790708,resting,fast,1787278684.5223618,-248.2228095905307,-186.4828096994171,1354.3307334778137,13.986210727455305,-18.61671071928957,2.9726426530796014e-19
1787278710.890112,resting,fast,1787278684.5223618,-249.61008479456768,-188.7556921914703,1355.9263551228842,14.156676914359185,-18.720756359592322,2.972030787698188e-19
1787278710.9011023,resting,fast,1787278684.5223618,-249.3639357147572,-187.7176113162958,1354.876866328742,14.078820848721126,-18.70229517860669,2.9706767303869936e-19
1787278710.912228,resting,fast,1787278684.5223618,-249.8533322221524,-188.32982174189522,1353.6509576914514,14.1247366306409,-18.738999916661193,2.9708006915255487e-19
1787278710.923355,resting,fast,1787278684.5223618,-249.32866692453035,-187.090857255272,1351.4117278262593,14.031814294144201,-18.69965001933945,2.9685750515621894e-19
1787278710.9343731,resting,fast,1787278684.5223618,-248.81660050987875,-186.54325351044383,1352.0118912396165,13.990744013282228,-18.6612450382405,2.967970132107294e-19
1787278710.9455798,resting,fast,1787278684.5223618,-248.43596232763548,-187.61751894045926,1351.6718170393733,14.071313920533203,-18.632697174572392,2.9680484171558235e-19
1787278710.956466,resting,fast,1787278684.5223618,-248.75167446323894,-187.61731563809883,1351.2220489632755,14.07129867285612,-18.65637558474272,2.9678534877801164e-19
1787278710.967592,resting,fast,1787278684.5223618,-249.00999903825368,-188.43740888866876,1350.6715907396874,14.132805666649038,-18.675749927869006,2.970548777137064e-19
1787278710.9785788,resting,fast,1787278684.5223618,-248.7846641370029,-186.34907456590975,1351.0767213478875,13.97618059244208,-18.658849810275065,2.9699520723405887e-19
1787278710.989707,resting,fast,1787278684.5223618,-247.13148301573665,-185.2979534920172,1351.9846486974593,13.897346511900171,-18.53486122618007,2.96759517970485e-19
1787278711.0010042,resting,fast,1787278684.5223618,-247.4230777650896,-184.57958971784262,1349.1999973370557,13.843469228837069,-18.55673083238179,2.9617920774324113e-19
1787278711.012058,resting,fast,1787278684.5223618,-247.93504157257166,-186.51164064461057,1348.6028671137947,13.988373048344659,-18.595128117942885,2.9628540192349926e-19
1787278711.0230796,resting,fast,1787278684.5223618,-248.7533530324822,-188.0887073442858,1345.8942565653024,14.106653050820118,-18.65650147743594,2.9660841213330365e-19
1787278711.034174,resting,fast,1787278684.5223618,-248.0210330388786,-188.7281199026453,1348.5417591706018,14.154608992697423,-18.601577477915768,2.968994888201525e-19
1787278711.0453246,resting,fast,1787278684.5223618,-248.49449851122472,-187.34479090749812,1350.6117534803425,14.050859318061104,-18.63708738834162,2.9645982974747783e-19
1787278711.056358,resting,fast,1787278684.5223618,-248.32563731856544,-187.09338195288672,1353.333526040181,14.032003646465245,-18.62442279889244,2.966619019995041e-19
1787278711.0674918,resting,fast,1787278684.5223618,-248.73981816464266,-186.54875355456886,1352.6672663364016,13.991156516591435,-18.655486362348107,2.967112302766695e-19
1787278711.0786514,resting,fast,1787278684.5223618,-248.68776029641003,-187.28705282128533,1352.5464648642273,14.046528961595317,-18.65158202223057,2.971308892112871e-19
1787278711.0893784,resting,fast,1787278684.5223618,-249.2250262408602,-186.26792589019908,1352.8792958148506,13.970094441763639,-18.691876968064285,2.971739027255235e-19
1787278711.1003299,resting,fast,1787278684.5223618,-249.25319152524253,-186.1189021423064,1352.883324309255,13.95891766067206,-18.69398936439294,2.9697722975651797e-19
1787278711.1115932,resting,fast,1787278684.5223618,-248.1213927262529,-186.86460782692222,1350.285949078433,14.014845587018147,-18.609104454468913,2.9694392119137676e-19
1787278711.1229684,resting,fast,1787278684.5223618,-247.41998404228025,-187.89195626428761,1349.299676121801,14.091896719820301,-18.55649880317086,2.9663404939164496e-19
1787278711.134183,resting,fast,1787278684.5223618,-248.0484688424799,-187.97821247941454,1352.6876177218755,14.098365935954906,-18.60363516318587,2.969179538079762e-19
1787278711.1478326,resting,fast,1787278684.5223618,-248.11769739056263,-186.328178219626,1353.3324795907965,13.974613366470752,-18.608827304292326,2.966997273041812e-19
1787278711.1562674,resting,fast,1787278684.5223618,-248.02672648504313,-185.27362515942662,1355.0784648171602,13.895521886955795,-18.602004486378007,2.9687479348733496e-19
1787278711.1675174,resting,fast,1787278684.5223618,-247.81542815715284,-186.9757318023975,1352.9864803760784,14.023179885178667,-18.586157111786214,2.9696190675117897e-19
1787278711.180182,resting,fast,1787278684.5223618,-247.95907199144995,-187.1398208176073,1351.4925418102475,14.035486561319434,-18.596930399358932,2.9689478455364704e-19
1787278711.1895459,resting,fast,1787278684.5223618,-248.56708354220382,-188.52807675177394,1351.2286549273003,14.139605756381687,-18.64253126566515,2.9686257133845826e-19
1787278711.2007327,resting,fast,1787278684.5223618,-248.21900678526117,-186.76681098652932,1348.3081540343055,14.0075108239887,-18.616425508894466,2.9671900044701344e-19
1787278711.2132828,resting,fast,1787278684.5223618,-248.28784760232566,-186.78525788234163,1349.4797139598822,14.008894341174429,-18.621588570174282,2.9688903643576623e-19
1787278711.222942,resting,fast,1787278684.5223618,-248.21439892577246,-186.89934999842046,1345.7103765749407,14.01745124988054,-18.616079919432522,2.9664293714071676e-19
1787278711.2341158,resting,fast,1787278684.5223618,-249.3158063478745,-188.44110305462902,1350.6661666250502,14.133082729095822,-18.698685476090603,2.9714198719657436e-19
1787278711.2466793,resting,fast,1787278684.5223618,-250.29654508623253,-190.71368578878548,1351.231876868921,14.30352643415782,-18.772240881467532,2.9729954345629423e-19
1787278711.2562923,resting,fast,1787278684.5223618,-249.37020101950156,-188.97842731984645,1350.6922970953901,14.173382048987225,-18.702765076462526,2.969865430345216e-19
1787278711.2674305,resting,fast,1787278684.5223618,-248.13246598817977,-187.02139879554431,1346.6198491976293,14.026604909664659,-18.609934949113295,2.964295212374341e-19
1787278711.2801964,resting,fast,1787278684.5223618,-246.55800414202668,-184.69672307688245,1346.649402737573,13.852254230765187,-18.491850310651827,2.961951455791264e-19
1787278711.2897224,resting,fast,1787278684.5223618,-247.483093373909,-184.34632533903357,1346.9328080851456,13.825974400426407,-18.56123200304303,2.9639360696784154e-19
1787278711.3006423,resting,fast,1787278684.5223618,-246.9226251161267,-184.03022829593817,1348.980633101467,13.802267122194454,-18.519196883709363,2.961562062658538e-19
1787278711.312244,resting,fast,1787278684.5223618,-248.30512856668656,-185.71961750940693,1349.2192923590183,13.928971313204418,-18.622884642501155,2.9619535110687956e-19
1787278711.3227575,resting,fast,1787278684.5223618,-247.25965446148393,-186.7259990704157,1348.410476708891,14.004449930280021,-18.544474084610933,2.9620367337067924e-19
1787278711.334141,resting,fast,1787278684.5223618,-247.7879793610523,-187.30037875136657,1346.9221815230312,14.04752840635155,-18.584098452078685,2.963952591235113e-19
1787278711.3451838,resting,fast,1787278684.5223618,-247.33790613753217,-186.4429717438603,1347.8831880866464,13.983222880788237,-18.550342960314666,2.964284292295479e-19
1787278711.3562596,resting,fast,1787278684.5223618,-246.76052704294352,-185.5630504245247,1345.2109605851665,13.917228781837867,-18.507039528220567,2.9637926367763277e-19
1787278711.3672862,resting,fast,1787278684.5223618,-246.72719877977624,-186.91601508844712,1345.7876761507277,14.018701131632259,-18.504539908483054,2.9650462484305575e-19
1787278711.378416,resting,fast,1787278684.5223618,-246.78927113223972,-186.90511211262776,1344.4696232696851,14.017883408446,-18.50919533491797,2.9659066161035743e-19
1787278711.3896673,resting,fast,1787278684.5223618,-247.2030868943998,-186.491225812459,1348.269391588071,13.986841935933217,-18.540231517079818,2.966445705600212e-19
1787278711.4005687,resting,fast,1787278684.5223618,-247.25379536370883,-185.60920217837509,1348.084290724445,13.920690163377177,-18.544034652277936,2.9657879101656007e-19
1787278711.411581,resting,fast,1787278684.5223618,-247.4108806706622,-186.7342511417204,1348.5837611452598,14.00506883562797,-18.555816050299512,2.964556945452999e-19
1787278711.4229743,resting,fast,1787278684.5223618,-248.23683514006325,-188.47330498856775,1349.6676742003992,14.135497874141553,-18.61776263550454,2.970213195478699e-19
1787278711.4339716,resting,fast,1787278684.5223618,-246.67810805219733,-187.0196982366234,1345.841929316638,14.026477367745574,-18.500858103914553,2.9670132013287653e-19
1787278711.445205,resting,fast,1787278684.5223618,-245.73718504329054,-185.84876210372443,1344.6509954755775,13.938657157778284,-18.43028887824653,2.9668343255439354e-19
1787278711.4561799,resting,fast,1787278684.5223618,-245.00257913942414,-185.1068451568441,1342.9253376753686,13.88301338676219,-18.375193435456886,2.962880180450917e-19
1787278711.4672878,resting,fast,1787278684.5223618,-247.1880848578062,-185.50455543893088,1347.5590098615821,13.912841657918467,-18.53910636433524,2.9657712964432173e-19
1787278711.4783745,resting,fast,1787278684.5223618,-247.5485400105813,-185.52637057120785,1349.5251456555097,13.914477792839495,-18.56614050079361,2.970419543912656e-19
1787278711.4891148,resting,fast,1787278684.5223618,-247.66531514548524,-185.44593926051868,1345.2723545883046,13.908445444537808,-18.574898635911083,2.967464103133126e-19
1787278711.4999583,resting,fast,1787278684.5223618,-246.8373412148253,-185.7288707700278,1343.0981100269082,13.929665307751211,-18.51280059111148,2.967368249427425e-19
1787278711.5114245,resting,fast,1787278684.5223618,-246.5703261361391,-184.72401428840283,1338.6378641467118,13.854301071628942,-18.49277446021015,2.956452830470957e-19
1787278711.5227282,resting,fast,1787278684.5223618,-245.4042304269983,-184.5515156955206,1341.4829810912242,13.84136367716275,-18.405317282024804,2.9623123542160797e-19
1787278711.5338004,resting,fast,1787278684.5223618,-246.6093858775098,-186.13671412390306,1345.1950970770713,13.96025355929142,-18.49570394081293,2.9660953657284497e-19
1787278711.5448666,resting,fast,1787278684.5223618,-247.39525413543424,-187.1257466249034,1349.614127274158,14.034430996866522,-18.5546440601572,2.9737768427844196e-19
1787278711.5561564,resting,fast,1787278684.5223618,-247.4820591528337,-187.12050166275492,1348.8984013507206,14.034037624705437,-18.561154436462566,2.97073826843851e-19
1787278711.5666537,resting,fast,1787278684.5223618,-246.90110663342193,-186.49221214541615,1345.7684154044955,13.986915910905072,-18.517582997506366,2.966862296885029e-19
1787278711.577969,resting,fast,1787278684.5223618,-246.29894454769192,-186.68929171402135,1344.3866893283312,14.001696878550366,-18.472420841076598,2.970816187886127e-19
1787278711.589228,resting,fast,1787278684.5223618,-246.45098154448215,-186.93213290708775,1345.254257349493,14.019909968030479,-18.483823615835966,2.9723959887512715e-19
1787278711.600241,resting,fast,1787278684.5223618,-247.65232677549147,-187.74357569762367,1352.6769374308215,14.080768177320767,-18.573924508161788,2.976245723341988e-19
1787278711.6115377,resting,fast,1787278684.5223618,-247.56475136898416,-187.57934822385062,1348.510660296669,14.068451116787717,-18.56735635267365,2.9699750080467925e-19
1787278711.6227016,resting,fast,1787278684.5223618,-247.44942938732538,-186.96294599632608,1347.7047026287082,14.022220949723195,-18.558707204049078,2.9690261483008957e-19
1787278711.6337445,resting,fast,1787278684.5223618,-246.8612581750226,-186.47773904848952,1341.0109085849517,13.9858304286354,-18.5145943631265,2.968110504280168e-19
1787278711.6448944,resting,fast,1787278684.5223618,-248.05200560650383,-186.92090128015127,1346.0971074879208,14.01906759601022,-18.60390042048764,2.9708512437107186e-19
1787278711.655918,resting,fast,1787278684.5223618,-248.65312045468318,-186.1248424947379,1346.3387097635432,13.959363187104092,-18.648984034100955,2.968822595164922e-19
1787278711.6670384,resting,fast,1787278684.5223618,-247.5125202381264,-185.2539884501624,1347.3742927126686,13.894049133760976,-18.56343901785926,2.9680624089001535e-19
1787278711.678234,resting,fast,1787278684.5223618,-247.54306118522118,-186.0983897475802,1346.8638634432127,13.957379231067609,-18.565729588891386,2.9699711696800016e-19
1787278711.6893687,resting,fast,1787278684.5223618,-246.9483698070867,-185.3581891110856,1347.8366973481216,13.901864183330307,-18.521127735531238,2.968888600582166e-19
1787278711.70031,resting,fast,1787278684.5223618,-246.83824208111628,-185.59753094720247,1344.817504114003,13.919814821039186,-18.51286815608332,2.964386805346684e-19
1787278711.7114277,resting,fast,1787278684.5223618,-246.37768169256333,-184.15729444770943,1346.3963749341028,13.811797083576952,-18.478326126942058,2.9643233677549543e-19
1787278711.7226293,resting,fast,1787278684.5223618,-248.88541155292342,-186.19264599165297,1353.5599166972033,13.964448449372714,-18.666405866469127,2.9726568740827667e-19
1787278711.7336853,resting,fast,1787278684.5223618,-249.4646141883254,-185.99951119609716,1355.7171889483661,13.949963339706148,-18.709846064124243,2.9762571061484646e-19
1787278711.7448094,resting,fast,1787278684.5223618,-249.488947254928,-186.5578640113912,1354.5674899778232,13.991839800853246,-18.711671044119377,2.976607472349975e-19
1787278711.755757,resting,fast,1787278684.5223618,-248.2325878630977,-187.90268914949831,1349.1559616269178,14.092701686211232,-18.617444089732075,2.97348208840469e-19
1787278711.767,resting,fast,1787278684.5223618,-248.32035143013627,-189.52916252455213,1350.147427947285,14.214687189340115,-18.624026357260092,2.9746568921014977e-19
1787278711.7781386,resting,fast,1787278684.5223618,-248.3690932968898,-188.98358032484123,1350.3784813066477,14.173768524361837,-18.62768199726643,2.9733014306614412e-19
1787278711.789139,resting,fast,1787278684.5223618,-247.80041619892518,-187.35527153015994,1349.2684142546905,14.05164536476089,-18.58503121491914,2.9697278889450753e-19
1787278711.8003097,resting,fast,1787278684.5223618,-247.67872875462535,-186.18426551078744,1345.948615512193,13.963819913307791,-18.575904656596684,2.966118037729421e-19
1787278711.8115597,resting,fast,1787278684.5223618,-246.46981279496458,-186.23515235827097,1343.509890881488,13.967636426869266,-18.48523595962216,2.966345452181062e-19
1787278711.8224385,resting,fast,1787278684.5223618,-246.5067687952146,-184.4788317582271,1341.60625400327,13.835912381865985,-18.488007659640957,2.9615347197961865e-19
1787278711.8336222,resting,fast,1787278684.5223618,-244.88495536893015,-183.5993698266899,1338.4920715559556,13.769952737000711,-18.366371652669542,2.958824556690878e-19
1787278711.8446784,resting,fast,1787278684.5223618,-245.61596729995244,-183.70456731638808,1338.612908215765,13.777842548727893,-18.42119754749622,2.953975639312245e-19
1787278711.8558197,resting,fast,1787278684.5223618,-246.73312980821675,-185.57906584329828,1342.0121907056355,13.918429938246152,-18.50498473561617,2.960010134174941e-19
1787278711.8668957,resting,fast,1787278684.5223618,-248.11113562157107,-187.67120984253904,1346.677493579723,14.0753407381893,-18.608335171617583,2.964422644478236e-19
1787278711.8779688,resting,fast,1787278684.5223618,-248.56132245218078,-187.29601535816266,1350.0582936129367,14.04720115186122,-18.642099183913345,2.968940090718873e-19
1787278711.8891106,resting,fast,1787278684.5223618,-247.85652775246444,-188.27197700974614,1347.3244524265565,14.120398275729858,-18.589239581434732,2.966794911795838e-19
1787278711.9000602,resting,fast,1787278684.5223618,-248.14971059806567,-186.88824727252188,1348.0457845234187,14.016618545438181,-18.611228294854712,2.966057837532979e-19
1787278711.911276,resting,fast,1787278684.5223618,-248.59879020414473,-188.03470431064386,1348.7052459109918,14.10260282329698,-18.644909265310694,2.969868099651076e-19
1787278711.9223516,resting,fast,1787278684.5223618,-248.5120853657695,-185.74091069321946,1352.4747045066497,13.930568301990494,-18.638406402432572,2.970123223202258e-19
1787278711.9333916,resting,fast,1787278684.5223618,-248.07957885803216,-185.98491797929285,1349.1818539282385,13.948868848445787,-18.605968414352276,2.969800545686444e-19
1787278711.9447298,resting,fast,1787278684.5223618,-247.60472803251332,-185.57870672291267,1346.911752452027,13.9184030042172,-18.570354602438258,2.9663786340504125e-19
1787278711.9556408,resting,fast,1787278684.5223618,-246.78517056994633,-185.62903745702454,1343.9492238269531,13.922177809275613,-18.508887792745767,2.9666259113489783e-19
1787278711.96679,resting,fast,1787278684.5223618,-246.676800204546,-185.15462364867574,1346.3137423331473,13.88659677364949,-18.500760015340674,2.9667753614087018e-19
1787278711.977909,resting,fast,1787278684.5223618,-247.44486225184346,-185.07634450776675,1350.322171914374,13.880725838081265,-18.55836466888818,2.9702753862844574e-19
1787278711.9888294,resting,fast,1787278684.5223618,-248.46223065959794,-187.41643249246624,1351.37721632812,14.056232436933815,-18.63466729946977,2.972645374442868e-19
1787278712.0000508,resting,fast,1787278684.5223618,-248.2331464280228,-187.92050326989,1351.6135554411876,14.094037745240502,-18.617485982101726,2.973336593351739e-19
1787278712.011154,resting,fast,1787278684.5223618,-245.4154707983039,-185.53517843060274,1343.4006931635713,13.915138382294035,-18.406160309872625,2.9643736334895745e-19
1787278712.0222118,resting,fast,1787278684.5223618,-244.17225693489445,-183.8238233454066,1345.8255545669754,13.786786750904486,-18.312919270117042,2.964266704302797e-19
1787278712.033432,resting,fast,1787278684.5223618,-244.78717427386664,-184.35352520276808,1347.8816304880247,13.826514390206473,-18.35903807053979,2.9677742903675794e-19
1787278712.0444214,resting,fast,1787278684.5223618,-246.06981285603115,-185.74762352429764,1350.024969119263,13.931071764321121,-18.455235964202053,2.9703754273582042e-19
1787278712.055523,resting,fast,1787278684.5223618,-247.42139126081247,-186.73082515668523,1350.9704210356385,14.004811886750137,-18.55660434456059,2.968598312497999e-19
1787278712.066697,resting,fast,1787278684.5223618,-247.14940085660464,-185.72961985520226,1349.1890681378218,13.929721489139073,-18.536205064245067,2.9638370049725243e-19
1787278712.0779028,resting,fast,1787278684.5223618,-247.20671058168818,-186.23959533588857,1349.699901894629,13.9679696501906,-18.54050329362648,2.9652930529059168e-19
1787278712.0887666,resting,fast,1787278684.5223618,-246.88141196529568,-186.97248188657284,1347.2165723776388,14.022936141491716,-18.516105897397047,2.9664228021915875e-19
1787278712.0999608,resting,fast,1787278684.5223618,-247.17894132232277,-187.2745969167994,1345.2402110201156,14.045594768758722,-18.53842059917404,2.966234558614527e-19
1787278712.1109257,resting,fast,1787278684.5223618,-248.1077808083769,-188.008538642806,1347.700834658307,14.100640398209453,-18.608083560628017,2.9679987184321217e-19
1787278712.1221828,resting,fast,1787278684.5223618,-248.433807188218,-186.88164457936898,1349.1476359036087,14.016123343451529,-18.632535539116205,2.968559381189205e-19
1787278712.133339,resting,fast,1787278684.5223618,-249.06740198229954,-187.1307848380037,1354.631146593657,14.034808862849122,-18.680055148672224,2.9716756982847697e-19
1787278712.1444602,resting,fast,1787278684.5223618,-249.408303378264,-187.73167151044606,1353.6640172864163,14.079875363282174,-18.705622753369425,2.968789189070605e-19
1787278712.155488,resting,fast,1787278684.5223618,-247.84051047602452,-187.639224860971,1347.0636650067636,14.07294186457165,-18.588038285701508,2.960277866812482e-19
1787278712.1666784,resting,fast,1787278684.5223618,-247.48651543351798,-187.50210181799628,1343.5207194395816,14.06265763634838,-18.561488657513557,2.9601357258924385e-19
1787278712.1777053,resting,fast,1787278684.5223618,-247.57181316339984,-186.43352790037204,1343.735139928399,13.98251459252673,-18.567885987254776,2.960889334874831e-19
1787278712.1887522,resting,fast,1787278684.5223618,-249.79800587361615,-186.93542147116307,1355.1606096720907,14.020156610336148,-18.734850440520987,2.973636215226182e-19
1787278712.1999316,resting,fast,1787278684.5223618,-249.50325272342207,-187.60476349257817,1357.6234341941627,14.070357261942124,-18.712743954256503,2.975746816064666e-19
1787278712.2110348,resting,fast,1787278684.5223618,-249.30333883621324,-188.95111163048853,1357.3260032744283,14.171333372285464,-18.697750412715678,2.975735774980363e-19
1787278712.22208,resting,fast,1787278684.5223618,-249.4599912585113,-191.13272467556556,1351.9150395811912,14.334954350666212,-18.709499344388192,2.9739075723988704e-19
1787278712.2332778,resting,fast,1787278684.5223618,-249.34736575756006,-189.54810293319144,1347.7244160746131,14.216107719988319,-18.701052431817025,2.9689118584797957e-19
1787278712.2442725,resting,fast,1787278684.5223618,-249.88412250641477,-189.0271845004546,1350.1854957989044,14.177038837532994,-18.74130918798093,2.9728566473005624e-19
1787278712.2554214,resting,fast,1787278684.5223618,-249.4820167537714,-186.74577887819862,1350.9781727962754,14.005933415863797,-18.71115125653261,2.96922291299969e-19
1787278712.2666283,resting,fast,1787278684.5223618,-250.00991588246734,-188.4146146732936,1354.992699806403,14.131096100495899,-18.75074369118483,2.976057602570518e-19
1787278712.2776399,resting,fast,1787278684.5223618,-249.7173401969062,-187.88641271913013,1356.0784037961976,14.091480953933573,-18.728800514767734,2.9755114989250763e-19
1787278712.2887049,resting,fast,1787278684.5223618,-249.8104201845067,-189.78399948868935,1354.252474473954,14.233799961650394,-18.735781513837864,2.9768966082075027e-19
1787278712.2999532,resting,fast,1787278684.5223618,-249.76828647881894,-189.73313184801975,1354.942155388745,14.229984888600573,-18.73262148591119,2.973865903091091e-19
1787278712.310401,resting,fast,1787278684.5223618,-250.28759002048037,-190.31834012435627,1355.8336250913208,14.273875509325652,-18.771569251535887,2.972602255195273e-19
1787278712.3216136,resting,fast,1787278684.5223618,-250.3148552874868,-187.47892460324,1359.5587591165086,14.060919345241874,-18.773614146561265,2.972520366033768e-19
1787278712.3327858,resting,fast,1787278684.5223618,-250.35414588575304,-186.967388820991,1358.1574084865488,14.022554161573016,-18.776560941431207,2.9737927187070134e-19
1787278712.344179,resting,fast,1787278684.5223618,-249.49100926131587,-187.221271694665,1354.3320793174307,14.041595377099004,-18.711825694598573,2.9729335769947715e-19
1787278712.3553717,resting,fast,1787278684.5223618,-248.35021011596427,-188.4815947340595,1350.8871551296115,14.136119605053526,-18.62626575869716,2.9736465880532714e-19
1787278712.3664887,resting,fast,1787278684.5223618,-247.79705373388651,-188.79727069587477,1350.5401619345002,14.159795302189497,-18.58477903004131,2.972220438055332e-19
1787278712.3774564,resting,fast,1787278684.5223618,-247.00260805119842,-187.88263752490263,1352.8281801123567,14.091197814366556,-18.52519560383974,2.975192911053304e-19
1787278712.3885462,resting,fast,1787278684.5223618,-247.5912098603626,-188.7991895756801,1349.7005135474947,14.159939218174902,-18.56934073952717,2.972713729200789e-19
1787278712.3998048,resting,fast,1787278684.5223618,-246.72336703699193,-187.11938593569232,1346.9060993768153,14.033953945175828,-18.50425252777437,2.9692291446586516e-19
1787278712.4107833,resting,fast,1787278684.5223618,-248.20022521129476,-186.4265347801446,1347.1306865785964,13.981990108509525,-18.61501689084706,2.964871660452586e-19
1787278712.4220212,resting,fast,1787278684.5223618,-248.45514768512066,-185.46002466976677,1351.3426342112225,13.909501850231397,-18.63413607638372,2.9677029100107956e-19
1787278712.4330695,resting,fast,1787278684.5223618,-249.94101925464338,-186.97144320374002,1357.3536542640768,14.022858240279522,-18.7455764440981,2.972106088373304e-19
1787278712.4443264,resting,fast,1787278684.5223618,-250.2842403616337,-188.09160419803572,1360.8746522017364,14.106870314851495,-18.771318027122263,2.974411012872803e-19
1787278712.4552703,resting,fast,1787278684.5223618,-249.9359280681815,-188.85383282731493,1358.6710266145938,14.164037462047407,-18.745194605113568,2.9723903484267585e-19
1787278712.4663758,resting,fast,1787278684.5223618,-249.80541590048733,-188.440259986157,1355.0167376998807,14.133019498960596,-18.73540619253619,2.970582333993728e-19
1787278712.4774897,resting,fast,1787278684.5223618,-248.98097564023237,-188.82870171700654,1350.4898182284678,14.162152628774425,-18.673573173017203,2.9726721212866625e-19
1787278712.4885707,resting,fast,1787278684.5223618,-249.5864689173727,-187.96750552697233,1351.193318420058,14.097562914521848,-18.718985168802924,2.970007006771262e-19
1787278712.499726,resting,fast,1787278684.5223618,-249.41914058567136,-189.0134869921718,1351.6311983462138,14.176011524411582,-18.706435543925053,2.969697925133766e-19
1787278712.5106356,resting,fast,1787278684.5223618,-249.30698121674186,-189.61141207859725,1351.7808116113147,14.220855905893533,-18.698023591255478,2.9655472546378864e-19
1787278712.5219817,resting,fast,1787278684.5223618,-249.423793408228,-190.6341652998898,1353.8589274508586,14.297562397490697,-18.70678450561693,2.968687928395446e-19
1787278712.532895,resting,fast,1787278684.5223618,-249.49035465825864,-188.80264049745085,1352.320999299206,14.160198037307698,-18.71177659936903,2.9664836242255937e-19
1787278712.5439255,resting,fast,1787278684.5223618,-249.6036911954002,-186.91088601458898,1353.940572082417,14.018316451092932,-18.720276839655043,2.972180626225887e-19
1787278712.555154,resting,fast,1787278684.5223618,-248.3344170312198,-187.57062908027103,1350.4974763906803,14.06779718101929,-18.62508127734128,2.9731469816843163e-19
1787278712.5681305,resting,fast,1787278684.5223618,-247.81557649171873,-188.1247026958671,1351.1053367853738,14.109352702189074,-18.586168236878706,2.9767714626051106e-19
1787278712.5773625,resting,fast,1787278684.5223618,-247.19919882017393,-188.06301277752038,1350.299212489571,14.10472595831293,-18.539939911512917,2.9718388337534877e-19
1787278712.5884328,resting,fast,1787278684.5223618,-246.1570707874239,-185.5904253483626,1344.3997367824986,13.919281901126002,-18.461780309056742,2.9650786249477387e-19
1787278712.5995398,resting,fast,1787278684.5223618,-246.08800673874111,-185.1403972593015,1345.0681280262443,13.885529794446587,-18.456600505405625,2.962294644900433e-19
1787278712.610721,resting,fast,1787278684.5223618,-246.17792917774432,-185.15367751385872,1344.2706198162314,13.88652581353816,-18.463344688330615,2.962732442654381e-19
1787278712.6217885,resting,fast,1787278684.5223618,-246.5008873911479,-185.80208523687782,1348.3398982115696,13.935156392764771,-18.48756655433602,2.9653866193078014e-19
1787278712.6328282,resting,fast,1787278684.5223618,-247.69457851670404,-186.12760857410296,1351.7210416877906,13.959570643056711,-18.577093388752722,2.9688312783222297e-19
1787278712.6439695,resting,fast,1787278684.5223618,-247.9277287543032,-187.27136551549495,1351.0764383814594,14.045352413660812,-18.59457965657259,2.96973025766056e-19
1787278712.6550503,resting,fast,1787278684.5223618,-249.07303110901603,-187.3904702061585,1354.9114524079278,14.054285265460638,-18.680477333176015,2.973070261606697e-19
1787278712.6661701,resting,fast,1787278684.5223618,-248.00049084416196,-187.82683548839157,1350.0076398363408,14.087012661628496,-18.60003681331201,2.9699739128514974e-19
1787278712.6773906,resting,fast,1787278684.5223618,-248.6675572614763,-188.5583504227285,1351.818633152193,14.14187628170335,-18.650066794610645,2.9697328077388434e-19
1787278712.6884391,resting,fast,1787278684.5223618,-249.6786676202696,-190.02872034795348,1353.4429649919048,14.252154026095116,-18.72590007152005,2.9727948956614235e-19
1787278712.699496,resting,fast,1787278684.5223618,-249.6531744278741,-189.193394592333,1353.6635688465221,14.189504594423969,-18.7239880820903,2.970716929273033e-19
1787278712.710613,resting,fast,1787278684.5223618,-249.535271805084,-188.12848080138326,1352.2975797664303,14.109636060102577,-18.715145385381177,2.9688140536406646e-19
1787278712.7216847,resting,fast,1787278684.5223618,-249.1529443507511,-186.38374941690938,1353.564827216157,13.978781206267076,-18.68647082630614,2.9679340415555776e-19
1787278712.7328064,resting,fast,1787278684.5223618,-250.1091910263808,-186.55960622723057,1355.1499107060745,13.991970467041174,-18.75818932697849,2.9718250868284207e-19
1787278712.7438612,resting,fast,1787278684.5223618,-250.4799725912976,-186.2177999156712,1355.7457213368862,13.966334993674284,-18.785997944347066,2.974997857590491e-19
1787278712.7550063,resting,fast,1787278684.5223618,-250.2819601061351,-187.48045247544098,1351.29810185951,14.061033935657012,-18.77114700795999,2.9695431393076286e-19
1787278712.7681234,resting,fast,1787278684.5223618,-249.4454839631303,-187.11196787637698,1351.040807843151,14.033397590727066,-18.708411297234655,2.9702807769342397e-19
1787278712.7771509,resting,fast,1787278684.5223618,-249.22923401126127,-187.9615686513249,1355.5313700830638,14.097117648848087,-18.69219255084439,2.9741809039317982e-19
1787278712.7884336,resting,fast,1787278684.5223618,-248.56751542587108,-186.56784479966598,1356.5049343546934,13.99258835997367,-18.64256365694027,2.976096975457188e-19
1787278712.800743,resting,fast,1787278684.5223618,-249.6472624448911,-188.9037885269862,1358.7622521407839,14.167784139522798,-18.72354468336666,2.978113464291175e-19
1787278712.8105192,resting,fast,1787278684.5223618,-250.52328755059943,-190.45545807315568,1357.9409612783575,14.284159355485617,-18.789246566294672,2.9742347967185753e-19
1787278712.821576,resting,fast,1787278684.5223618,-251.38330377609645,-191.22174444360314,1358.4238507282453,14.34163083326914,-18.85374778320722,2.973755019102408e-19
1787278712.8344839,resting,fast,1787278684.5223618,-250.6407777553618,-191.13531788345915,1354.9125320408284,14.335148841258505,-18.798058331652122,2.9686963758506677e-19
1787278712.8437316,resting,fast,1787278684.5223618,-250.08219742365554,-189.7713534188564,1356.1039135918245,14.232851506413088,-18.756164806773867,2.9737168627743923e-19
1787278712.8547978,resting,fast,1787278684.5223618,-248.05115540841825,-189.16431066024268,1352.0751728318219,14.187323299517235,-18.603836655631348,2.9731984296402995e-19
1787278712.8678162,resting,fast,1787278684.5223618,-248.78305210216286,-188.33748304369658,1353.9175863840055,14.125311228275908,-18.65872890766211,2.9773210218767766e-19
1787278712.8771062,resting,fast,1787278684.5223618,-246.9565809967612,-187.87990789235175,1346.866605516524,14.090993091925274,-18.521743574756904,2.967184746628787e-19
1787278712.888208,resting,fast,1787278684.5223618,-248.72347810639576,-189.4527929614186,1350.791123494092,14.208959472105224,-18.654260857979594,2.969427505772336e-19
1787278712.9012163,resting,fast,1787278684.5223618,-248.2674888034485,-189.1019384910038,1352.911160299208,14.18264538682411,-18.62006166025835,2.9703714815063706e-19
1787278712.9101784,resting,fast,1787278684.5223618,-248.3018267438997,-188.87291641514037,1355.0289795681865,14.165468731134286,-18.622637005792235,2.9719183996921456e-19
1787278712.9214358,resting,fast,1787278684.5223618,-247.96123109378232,-187.54403874078264,1356.8600284685172,14.065802905557565,-18.597092332033597,2.970886717133681e-19
1787278712.934182,resting,fast,1787278684.5223618,-247.58298314939793,-188.05630402615782,1355.6084808379646,14.104222801960763,-18.568723736204745,2.970192543147131e-19
1787278712.9436643,resting,fast,1787278684.5223618,-249.27083004264068,-189.39363374723337,1353.4850374719,14.20452253104131,-18.695312253197827,2.9711304571490137e-19
1787278712.9547353,resting,fast,1787278684.5223618,-248.60406128308978,-189.88252681073266,1350.534901309712,14.24118951080381,-18.64530459623142,2.9702724529448613e-19
1787278712.968291,resting,fast,1787278684.5223618,-248.55265578025546,-189.93111091175535,1349.962143627702,14.244833318380547,-18.641449183518866,2.967020163713079e-19
1787278712.9768844,resting,fast,1787278684.5223618,-248.0509107280982,-188.80014889139386,1355.8754730142,14.160011166853227,-18.603818304607216,2.974854174521852e-19
1787278712.9880204,resting,fast,1787278684.5223618,-246.94089223297442,-187.5172202220366,1352.9144100059793,14.063791516651794,-18.52056691747289,2.973870895182217e-19
1787278713.000896,resting,fast,1787278684.5223618,-247.70444279056892,-186.74916681497677,1353.1329972667709,14.006187511122139,-18.577833209292585,2.972548150237241e-19
1787278713.0101705,resting,fast,1787278684.5223618,-247.80865196385776,-186.6986772759825,1349.5388389136797,14.002400795697444,-18.585648897289147,2.9647475466882235e-19
1787278713.021386,resting,fast,1787278684.5223618,-249.98116516507935,-186.50972706750406,1354.2672928129314,13.988229530061677,-18.748587387380773,2.966716326692679e-19
1787278713.0339139,resting,fast,1787278684.5223618,-248.01648823256846,-186.20934466180904,1353.2907105252352,13.965700849634647,-18.60123661744236,2.9676575483814093e-19
1787278713.0436113,resting,fast,1787278684.5223618,-247.44446788300274,-186.51287727894794,1348.821904345633,13.98846579591984,-18.558335091225167,2.966871529409175e-19
1787278713.0547574,resting,fast,1787278684.5223618,-246.7053703952456,-188.51608100922124,1344.5402700119348,14.138706075690482,-18.502902779643115,2.9638060825978634e-19
1787278713.0668466,resting,fast,1787278684.5223618,-248.51636814508902,-189.57909569757692,1345.8428576890356,14.218432177317059,-18.638727610881354,2.968344322814227e-19
1787278713.076361,resting,fast,1787278684.5223618,-248.44138519427133,-189.25206271727063,1347.6030437834443,14.193904703794306,-18.633103889570222,2.97136152564803e-19
1787278713.087425,resting,fast,1787278684.5223618,-248.59755426170568,-187.2657036364518,1347.993707204184,14.044927772732738,-18.644816569627686,2.9713159545356658e-19
1787278713.099461,resting,fast,1787278684.5223618,-247.9864237835859,-186.07765072670065,1348.451354136795,13.955823804501467,-18.598981783768913,2.9678644481000173e-19
1787278713.1097248,resting,fast,1787278684.5223618,-246.0733478585821,-185.87494127497268,1342.4331472918338,13.940620595621741,-18.455501089393486,2.961443385511776e-19
1787278713.1207733,resting,fast,1787278684.5223618,-245.91337879217144,-186.79331554877592,1345.6158715108986,14.009498666156805,-18.44350340941274,2.9655068559758385e-19
1787278713.1334467,twist +Z,fast,1787278713.1305244,-246.14942499926428,-186.53550564993054,1344.6458401733898,13.990162923743672,-18.461206874944658,2.9656560256748913e-19
1787278713.1434448,twist +Z,fast,1787278713.1305244,-248.35447916170097,-186.75235552438778,1351.4993530509355,14.006426664327865,-18.626585937127423,2.9697230257512e-19
1787278713.154535,twist +Z,fast,1787278713.1305244,-249.22230849355174,-187.44072016307666,1350.1577492382066,14.058054012229452,-18.69167313701636,2.967202090641141e-19
1787278713.1664574,twist +Z,fast,1787278713.1305244,-249.10310511460239,-188.26661513429747,1350.0234335141859,14.119996135071066,-18.68273288359513,2.9674129228549466e-19
1787278713.1767793,twist +Z,fast,1787278713.1305244,-248.08827971734854,-188.67507187219337,1347.6686965609451,14.1506303904135,-18.606620978801075,2.968267506527343e-19
1787278713.1879754,twist +Z,fast,1787278713.1305244,-248.65328634068055,-188.32090717922063,1350.8722751057348,14.124068038440303,-18.648996475550668,2.970401471093138e-19
1787278713.1990237,twist +Z,fast,1787278713.1305244,-248.26971842694866,-188.1789147933606,1348.948448286813,14.113418609501,-18.62022888202089,2.969145327060797e-19
1787278713.210168,twist +Z,fast,1787278713.1305244,-247.9613672554001,-186.06638167318135,1350.6158585535568,13.954978625487389,-18.597102544154687,2.969208138670558e-19
1787278713.2213004,twist +Z,fast,1787278713.1305244,-245.40237521074914,-185.0971091382952,1344.930276572065,13.882283185370898,-18.405178140805944,2.9654062645554864e-19
1787278713.2326424,twist +Z,fast,1787278713.1305244,-245.97658189991807,-184.77546245931592,1347.206984080346,13.85815968444776,-18.44824364249355,2.966296817319587e-19
1787278713.2427146,twist +Z,fast,1787278713.1305244,-246.25379411922995,-186.07646299828218,1345.3282637944694,13.955734724870059,-18.469034558941765,2.965860309985149e-19
1787278713.2539926,twist +Z,fast,1787278713.1305244,-247.17998490670425,-186.09058351890133,1349.395132127701,13.956793763916341,-18.538498868002428,2.970311801142762e-19
1787278713.2657497,twist +Z,fast,1787278713.1305244,-247.14119852214526,-187.173637044271,1348.002823235748,14.038022778319164,-18.535589889160875,2.9702570298614915e-19
1787278713.2767112,twist +Z,fast,1787278713.1305244,-246.58196565600747,-187.19284584329296,1348.8539835575475,14.039463438245765,-18.49364742420027,2.9685023403152103e-19
1787278713.2877607,twist +Z,fast,1787278713.1305244,-246.75588433247458,-188.73922386598667,1346.9284324615774,14.155441789947691,-18.506691324935687,2.969045743637829e-19
1787278713.2989123,twist +Z,fast,1787278713.1305244,-246.8569068540487,-188.51937159788724,1347.9238329640602,14.1389528698402,-18.51426801405347,2.9685831947636033e-19
1787278713.3099988,twist +Z,fast,1787278713.1305244,-246.97697139717957,-186.70965200917556,1347.6708214791934,14.003223900687008,-18.523272854788367,2.964405959357845e-19
1787278713.3210998,twist +Z,fast,1787278713.1305244,-247.23256516859556,-186.09378924391888,1349.2617285446968,13.95703419329286,-18.5424423876443,2.96360753780445e-19
1787278713.3322325,twist +Z,fast,1787278713.1305244,-246.50086279789275,-185.70784114575042,1346.087896789607,13.928088085930089,-18.487564709841813,2.963723941835854e-19
1787278713.3433616,twist +Z,fast,1787278713.1305244,-246.70405384990454,-185.98132023090454,1345.5087790379703,13.9485990173165,-18.502804038742667,2.9647127951135127e-19
1787278713.354442,twist +Z,fast,1787278713.1305244,-246.97079310447089,-185.58588200533347,1343.6822466966887,13.918941150398656,-18.522809482835136,2.963062643298251e-19
1787278713.3654397,twist +Z,fast,1787278713.1305244,-247.87664114377776,-186.54223267055306,1349.2776037293106,13.990667450290477,-18.59074808578331,2.967435112950255e-19
1787278713.3764596,twist +Z,fast,1787278713.1305244,-249.6221167181252,-188.46494403009626,1352.602044179007,14.134870802256277,-18.72165875385943,2.97164520191605e-19
1787278713.3876815,twist +Z,fast,1787278713.1305244,-248.70364471884432,-187.60877543617983,1352.5839721449747,14.070658157712163,-18.652773353913062,2.9685563014919946e-19
1787278713.3990293,twist +Z,fast,1787278713.1305244,-247.94270347753218,-187.09454780132535,1347.357471457045,14.032091085098319,-18.595702760814945,2.961600564339246e-19
1787278713.4097853,twist +Z,fast,1787278713.1305244,-246.16716810406206,-186.57704683873942,1348.6633866803886,13.993278512904187,-18.46253760780447,2.9625476146614685e-19
1787278713.4210565,twist +Z,fast,1787278713.1305244,-246.48554063315123,-188.2308733057347,1346.2372731527694,14.11731549792896,-18.486415547486324,2.9640379571938894e-19
1787278713.432059,twist +Z,fast,1787278713.1305244,-247.25185305474724,-189.19560847057812,1348.0769531685883,14.189670635291993,-18.543888979105894,2.9634364564554588e-19
1787278713.4431987,twist +Z,fast,1787278713.1305244,-247.4854041958347,-189.30234607876594,1348.1381910395712,14.197675955906295,-18.561405314687462,2.9635524526346333e-19
1787278713.4543781,twist +Z,fast,1787278713.1305244,-246.97229819654103,-187.65103660260718,1346.442534268669,14.073827745194425,-18.522922364740488,2.962471766979437e-19
1787278713.4653883,twist +Z,fast,1787278713.1305244,-246.64593375613958,-187.58904636844625,1345.1310546153481,14.069178477632324,-18.498445031710396,2.965302728114648e-19
1787278713.476569,twist +Z,fast,1787278713.1305244,-246.40012118534696,-187.80883028955475,1340.832433612769,14.085662271715524,-18.480009088900864,2.962141986528268e-19
1787278713.487496,twist +Z,fast,1787278713.1305244,-246.6303838345725,-188.84593078901378,1342.4253439068261,14.16344480917498,-18.49727878759292,2.9628108143839234e-19
1787278713.4987504,twist +Z,fast,1787278713.1305244,-246.19144521539374,-186.78006425741125,1344.2534217888906,14.00850481930475,-18.46435839115439,2.962566228211915e-19
1787278713.5098276,twist +Z,fast,1787278713.1305244,-245.89595039048027,-187.62985613764874,1341.9614165944158,14.072239210322653,-18.442196279285938,2.9641847522667284e-19
1787278713.5206375,twist +Z,fast,1787278713.1305244,-247.11698684672638,-188.19363197176483,1348.066264085438,14.114522397881107,-18.533774013504285,2.9693077278008133e-19
1787278713.5320735,twist +Z,fast,1787278713.1305244,-246.7787713675857,-190.21124476433067,1346.12146879993,14.265843357323565,-18.508407852568745,2.972026845234144e-19
1787278713.5431025,twist +Z,fast,1787278713.1305244,-247.52808369300556,-188.41768732920093,1345.013366361968,14.13132654968901,-18.564606276975255,2.9737381240734354e-19
1787278713.5542717,twist +Z,fast,1787278713.1305244,-245.8011187111083,-185.31102261252693,1342.3550916054564,13.898326695938355,-18.435083903333016,2.970288047856731e-19
1787278713.5653806,twist +Z,fast,1787278713.1305244,-247.47244825583903,-184.85790834217266,1347.2516865642547,13.864343125661993,-18.560433619187513,2.9699426817314e-19
1787278713.5764465,twist +Z,fast,1787278713.1305244,-247.18196038382075,-184.66054387648217,1346.3534002669485,13.849540790735066,-18.538647028786386,2.9673982403724486e-19
1787278713.5875237,twist +Z,fast,1787278713.1305244,-247.82381403394947,-186.58097530325233,1346.807518553419,13.993573147742897,-18.58678605254633,2.966972965488762e-19
1787278713.5986097,twist +Z,fast,1787278713.1305244,-247.18124373156252,-187.05064543360857,1343.2485454985645,14.028798407519293,-18.538593279866944,2.96435691450637e-19
1787278713.6097806,twist +Z,fast,1787278713.1305244,-247.04123100913466,-188.6820556970348,1345.7257961194946,14.151154177276343,-18.52809232568496,2.961854790778274e-19
1787278713.620672,twist +Z,fast,1787278713.1305244,-247.35964791598735,-190.07765601934136,1344.6021015526358,14.25582420144956,-18.55197359369906,2.9616232070310245e-19
1787278713.631947,twist +Z,fast,1787278713.1305244,-245.5170600519591,-187.96731870206816,1343.928594618007,14.097548902653873,-18.41377950389689,2.963957775296929e-19
1787278713.6430058,twist +Z,fast,1787278713.1305244,-245.20170106176238,-188.03877865402262,1344.5431755641957,14.102908399050722,-18.390127579631802,2.967962377848765e-19
1787278713.6540327,twist +Z,fast,1787278713.1305244,-245.26210996603868,-186.22508780922988,1349.4965372807192,13.966881585690917,-18.39465824745266,2.9707708502632997e-19
1787278713.6652458,twist +Z,fast,1787278713.1305244,-247.29392111308016,-187.84450641681713,1345.534230292692,14.088337981260072,-18.547044083480905,2.962546413777438e-19
1787278713.676228,twist +Z,fast,1787278713.1305244,-246.7887121261424,-185.66276513182913,1342.3950296231405,13.92470738488598,-18.50915340946066,2.957945833492028e-19
1787278713.6873114,twist +Z,fast,1787278713.1305244,-245.95277651263177,-185.38099227401415,1335.8188556344094,13.903574420549976,-18.446458238447192,2.9547142597081604e-19
1787278713.6984994,twist +Z,fast,1787278713.1305244,-245.67021957294355,-184.00340519324902,1345.0554847553167,13.800255389492538,-18.425266467970616,2.964050488903973e-19
1787278713.7096412,twist +Z,fast,1787278713.1305244,-245.890706949152,-185.39193060243576,1348.8256838766692,13.904394795181648,-18.441803021186487,2.9678580216284925e-19
1787278713.7205071,twist +Z,fast,1787278713.1305244,-245.47202375301504,-184.994235265376,1347.9168069592697,13.874567644901948,-18.410401781476217,2.9670323882548934e-19
1787278713.731863,twist +Z,fast,1787278713.1305244,-244.73306253450164,-184.87931483217733,1342.361137713634,13.865948612412343,-18.35497969008751,2.965482732259976e-19
1787278713.742788,twist +Z,fast,1787278713.1305244,-246.20466295060623,-184.59952397234213,1344.5221892758009,13.844964297924637,-18.465349721295247,2.9641846755540248e-19
1787278713.7540278,twist +Z,fast,1787278713.1305244,-247.33619193915592,-185.79551992663812,1345.2101052915305,13.934663994496692,-18.55021439543654,2.965841952998683e-19
1787278713.7650635,twist +Z,fast,1787278713.1305244,-247.5993341988592,-185.37834635659112,1347.3111713387434,13.90337597674311,-18.56995006491436,2.963072450138999e-19
1787278713.7759967,twist +Z,fast,1787278713.1305244,-246.64879211816105,-184.87511258413622,1344.4460637657894,13.865633443808978,-18.498659408861705,2.960294289263675e-19
1787278713.7872593,twist +Z,fast,1787278713.1305244,-245.75186078473553,-184.69360888913855,1339.0820208019768,13.852020666684414,-18.431389558854704,2.9554439253950023e-19
1787278713.7984498,twist +Z,fast,1787278713.1305244,-245.8170954694292,-186.27767542047093,1338.2889004206636,13.97082565653422,-18.436282160206872,2.958756667515006e-19
1787278713.80951,twist +Z,fast,1787278713.1305244,-247.63839240677635,-187.87393674872408,1339.6067236681838,14.09054525615311,-18.57287943050828,2.962232265188765e-19
1787278713.8206477,twist +Z,fast,1787278713.1305244,-247.90313033922985,-188.88442091599825,1343.4078494798132,14.166331568698869,-18.592734775442004,2.9610479083665674e-19
1787278713.8316655,twist +Z,fast,1787278713.1305244,-247.99266379247865,-187.3829393850648,1344.4233857329064,14.053720453878658,-18.59944978443564,2.9588026188270957e-19
1787278713.8427942,twist +Z,fast,1787278713.1305244,-246.93566687912926,-187.36337696532507,1344.641671706505,14.052253272398094,-18.52017501593454,2.957864668005974e-19
1787278713.8538055,twist +Z,fast,1787278713.1305244,-247.93983147083554,-186.84787474629945,1347.6745448528936,14.013590605971192,-18.595487360312447,2.964238531443027e-19
1787278713.8650115,twist +Z,fast,1787278713.1305244,-248.10413596223907,-187.61873759488697,1346.861845719327,14.071405319615398,-18.607810197167865,2.964592881905743e-19
1787278713.8760643,twist +Z,fast,1787278713.1305244,-247.8734411765613,-186.08045924586133,1349.3506499667483,13.956034443438288,-18.590508088241805,2.9685492759330687e-19
1787278713.8872628,twist +Z,fast,1787278713.1305244,-248.00274963257334,-186.4058310251313,1348.4080649363632,13.980437326883791,-18.60020622244282,2.9672745997727273e-19
1787278713.8983185,twist +Z,fast,1787278713.1305244,-247.39032348208139,-186.04237260997445,1348.0587407711691,13.953177945747075,-18.554274261156095,2.9656774647603544e-19
1787278713.909431,twist +Z,fast,1787278713.1305244,-247.06963009186575,-186.34637970664323,1342.0878409728602,13.975978477997163,-18.530222256889786,2.96139348775842e-19
1787278713.9203591,twist +Z,fast,1787278713.1305244,-247.88354969020702,-187.20377671481663,1344.245477842066,14.040283253610216,-18.591266226765306,2.965439240184025e-19
1787278713.9315705,twist +Z,fast,1787278713.1305244,-248.85005070267243,-188.14481750275252,1344.6058980945645,14.110861312705115,-18.663753802700363,2.96311561595766e-19
1787278713.9426389,twist +Z,fast,1787278713.1305244,-249.95024044011234,-189.28285704534653,1348.0547982159014,14.196214278399882,-18.74626803300835,2.9673198052834127e-19
1787278713.9537964,twist +Z,fast,1787278713.1305244,-248.17273264270852,-188.34090734917993,1344.3174954977121,14.125568051187177,-18.612954948202862,2.9646088018497796e-19
1787278713.964862,twist +Z,fast,1787278713.1305244,-248.34671611041404,-188.79467843626537,1345.7872656154113,14.159600882718909,-18.626003708280884,2.974296373625137e-19
1787278713.975981,twist +Z,fast,1787278713.1305244,-247.85671808881534,-188.11816110507755,1347.4054603380018,14.108862082879657,-18.589253856661017,2.9763167950250455e-19
1787278713.9870305,twist +Z,fast,1787278713.1305244,-248.2596739366586,-187.66491321855722,1350.8271523187968,14.07486849139082,-18.619475545249244,2.9770580494911925e-19
1787278713.998121,twist +Z,fast,1787278713.1305244,-248.06759658910914,-186.03691082705666,1350.7464058134983,13.952768312027988,-18.605069744182757,2.9726061794851596e-19
1787278714.0090063,twist +Z,fast,1787278713.1305244,-247.3865580159386,-184.58147881955767,1348.720682605578,13.843610911465564,-18.553991851195164,2.96751493781652e-19
1787278714.0204158,twist +Z,fast,1787278713.1305244,-247.91743693020226,-185.57413503516534,1346.7702136585895,13.918060127636313,-18.593807769765093,2.9677109089891074e-19
1787278714.0314505,twist +Z,fast,1787278713.1305244,-247.37193086854722,-186.79961152034878,1346.6195229284958,14.009970864024812,-18.552894815140867,2.970941795212262e-19
1787278714.0421104,twist +Z,fast,1787278713.1305244,-247.96524734424156,-187.75504948670425,1348.8100675607648,14.081628711501853,-18.59739355081797,2.9702904630754293e-19
1787278714.0536187,twist +Z,fast,1787278713.1305244,-247.38595433554246,-185.19672219994948,1349.3635961869522,13.88975416499527,-18.55394657516561,2.968206420280961e-19
1787278714.064567,twist +Z,fast,1787278713.1305244,-247.46877933163114,-185.7374182634752,1349.9072423790467,13.93030636975951,-18.560158449872212,2.966168114085031e-19
1787278714.0758088,twist +Z,fast,1787278713.1305244,-249.3772788011761,-185.97928122938026,1358.5294455766116,13.948446092201994,-18.703295910087974,2.9761908981802463e-19
1787278714.0870874,twist +Z,fast,1787278713.1305244,-249.33795956204222,-187.83325894693246,1359.6917868420433,14.087494421018793,-18.70034696715277,2.9785359465166864e-19
1787278714.0980196,twist +Z,fast,1787278713.1305244,-250.41818581725283,-187.34148249791212,1359.818139972941,14.05061118734233,-18.7813639362938,2.978353567906965e-19
1787278714.1090558,twist +Z,fast,1787278713.1305244,-250.70768184038616,-188.8163274965617,1355.0496201167161,14.16122456224112,-18.803076138028878,2.9719997482884235e-19
1787278714.1202354,twist +Z,fast,1787278713.1305244,-250.98532123044924,-188.47251417394875,1354.9692784544177,14.135438563044975,-18.823899092283625,2.9723498131438473e-19
1787278714.131028,twist +Z,fast,1787278713.1305244,-250.7966408125917,-188.09755072692008,1358.9572999164493,14.107316304517983,-18.809748060944045,2.974226701613737e-19
1787278714.142328,twist +Z,fast,1787278713.1305244,-249.1002688300291,-185.8749026474576,1357.2473206754867,13.94061769855816,-18.68252016225192,2.9736138586290474e-19
1787278714.1535168,twist +Z,fast,1787278713.1305244,-249.12141214137728,-185.59913195125125,1355.695167462859,13.919934896342756,-18.684105910603037,2.969075135377078e-19
1787278714.1645594,twist +Z,fast,1787278713.1305244,-247.33533457848853,-185.5223941986393,1347.6294220064601,13.914179564896774,-18.550150093386357,2.9630975114786866e-19
1787278714.1755786,twist +Z,fast,1787278713.1305244,-246.98962023758804,-185.08539221245167,1348.7868978605593,13.88140441593254,-18.524221517818923,2.962651575690215e-19
1787278714.1868365,twist +Z,fast,1787278713.1305244,-247.10321058015916,-187.58053979024714,1348.6192806799836,14.068540484267263,-18.532740793511934,2.9639766566790206e-19
1787278714.197413,twist +Z,fast,1787278713.1305244,-248.2729933469459,-188.17166913983613,1351.3055841643718,14.112875185486732,-18.620474501020865,2.965663978201745e-19
1787278714.208424,twist +Z,fast,1787278713.1305244,-248.32758107870222,-189.25547922183807,1349.4344025694272,14.194160941636856,-18.62456858090254,2.9640763282160417e-19
1787278714.219828,twist +Z,fast,1787278713.1305244,-248.75612597579993,-187.0083961134634,1353.3555313707593,14.025629708508607,-18.656709448184685,2.966445956563303e-19
1787278714.2312763,twist +Z,fast,1787278713.1305244,-249.5896649969668,-187.7902208729821,1355.4967061618345,14.084266565472564,-18.719224874772358,2.968327760358675e-19
1787278714.2422428,twist +Z,fast,1787278713.1305244,-249.58851851865757,-187.1852168559759,1353.9485161185376,14.038891264197094,-18.719138888899074,2.9697510212628843e-19
1787278714.253467,twist +Z,fast,1787278713.1305244,-249.33223772297288,-187.72521139129924,1353.3913986378366,14.079390854346432,-18.69991782922247,2.972805985904202e-19
1787278714.264485,twist +Z,fast,1787278713.1305244,-249.43240686438503,-186.52273488685876,1354.1349920073344,13.989205116513293,-18.707430514828516,2.974446908435936e-19
1787278714.27552,twist +Z,fast,1787278713.1305244,-251.75652952519113,-189.19458369561687,1360.4072724392872,14.189593777170291,-18.881739714389028,2.9773787717224036e-19
1787278714.2867491,twist +Z,fast,1787278713.1305244,-250.97483586137105,-189.63179088668755,1358.3760055250596,14.222384316500484,-18.82311268960258,2.970554792447182e-19
1787278714.2978783,twist +Z,fast,1787278713.1305244,-249.64115139374144,-189.77940579412837,1356.8023433904282,14.233455434558383,-18.72308635453041,2.9696760422784835e-19
1787278714.3089252,twist +Z,fast,1787278713.1305244,-247.40128522793066,-188.96795430960617,1350.969012893066,14.172596573219298,-18.55509639209457,2.965057412873824e-19
1787278714.319923,twist +Z,fast,1787278713.1305244,-247.75823957194143,-188.34627521433083,1353.1092121298525,14.125970641073668,-18.581867967895427,2.9722507930075554e-19
1787278714.3309212,twist +Z,fast,1787278713.1305244,-249.3079858736105,-188.9200710476499,1355.613274249653,14.1690053285724,-18.698098940520772,2.975524654210196e-19
1787278714.342142,twist +Z,fast,1787278713.1305244,-249.3084825823439,-188.250550408295,1357.0154960811242,14.118791280621071,-18.69813619367558,2.975123054535196e-19
1787278714.3532844,twist +Z,fast,1787278713.1305244,-249.42086705742213,-188.2375337100492,1357.4365848450534,14.117815028252597,-18.706565029306546,2.9750632784154873e-19
1787278714.3643994,twist +Z,fast,1787278713.1305244,-246.54317276862594,-187.16589392982735,1347.382553429191,14.0374420447359,-18.490737957646786,2.962110386919827e-19
1787278714.3753815,twist +Z,fast,1787278713.1305244,-246.4992229836257,-185.5927425523845,1346.1602237856796,13.919455691427604,-18.487441723771845,2.962640619658064e-19
1787278714.386521,twist +Z,fast,1787278713.1305244,-246.34643398760227,-185.569858769917,1341.8326111778797,13.917739407742662,-18.47598254906984,2.957485293586799e-19
1787278714.3975666,twist +Z,fast,1787278713.1305244,-248.13522111460907,-187.00354271474123,1344.249342364089,14.025265703604465,-18.61014158359562,2.9635840187376366e-19
1787278714.4086032,twist +Z,fast,1787278713.1305244,-248.41159538883358,-189.30828497149184,1346.3109659219544,14.198121372860587,-18.630869654162282,2.967008649222088e-19
1787278714.4198313,twist +Z,fast,1787278713.1305244,-248.27615925387317,-187.99271558400926,1348.7216970935378,14.099453668799573,-18.62071194404035,2.9659606988097294e-19
1787278714.4308655,twist +Z,fast,1787278713.1305244,-248.69549037396928,-187.29097037196027,1353.902726701498,14.04682277789573,-18.652161778047663,2.9698165856665085e-19
1787278714.4419112,twist +Z,fast,1787278713.1305244,-249.2617562473747,-188.04381464847177,1350.8026211156857,14.103286098634488,-18.69463171855285,2.9698572165353066e-19
1787278714.4531796,twist +Z,fast,1787278713.1305244,-250.10013884297268,-189.20838718275002,1348.1766062304532,14.1906290387051,-18.75751041322254,2.9687181768222924e-19
1787278714.4642084,twist +Z,fast,1787278713.1305244,-249.24167208586232,-187.84646952900414,1344.8818554347627,14.088485214674254,-18.69312540643933,2.9657095051730662e-19
1787278714.4752164,twist +Z,fast,1787278713.1305244,-249.7200451404583,-185.67117155352696,1351.5714290526348,13.925337866513363,-18.729003385533915,2.9673813071855227e-19
1787278714.4864545,twist +Z,fast,1787278713.1305244,-247.88280451043966,-185.04415207017394,1354.6780527328692,13.8783114052619,-18.591210338282714,2.9710254251472506e-19
1787278714.497408,twist +Z,fast,1787278713.1305244,-247.82020482285907,-185.14836399342528,1353.9094346932152,13.886127299505862,-18.5865153617142,2.9690320143150124e-19
1787278714.508524,twist +Z,fast,1787278713.1305244,-245.93745477194125,-185.0891073068243,1349.9091789809527,13.881683048010533,-18.44530910789534,2.967178411968748e-19
1787278714.519756,twist +Z,fast,1787278713.1305244,-247.29141181542354,-185.31277202795707,1350.279043298343,13.898457902095547,-18.546855886156564,2.9690365593416013e-19
1787278714.530744,twist +Z,fast,1787278713.1305244,-247.17256047975252,-184.9488514410558,1354.1051352042168,13.871163858077995,-18.537942035981118,2.971703663316257e-19
1787278714.5413306,twist +Z,fast,1787278713.1305244,-248.35719201509846,-186.02551606182976,1355.6300122440653,13.951913704636187,-18.626789401132037,2.9705388014664076e-19
1787278714.5529647,twist +Z,fast,1787278713.1305244,-248.01265592249865,-187.72323005572855,1355.3543327814195,14.079242254178471,-18.600949194187116,2.9693065282840253e-19
1787278714.5640404,twist +Z,fast,1787278713.1305244,-249.43325137655984,-188.88325140699123,1358.1399727428807,14.166243855523124,-18.70749385324192,2.9738822058668213e-19
1787278714.5750597,twist +Z,fast,1787278713.1305244,-248.33913842081938,-187.8557707841652,1354.9426428404377,14.089182808811263,-18.625435381561218,2.973050447462199e-19
1787278714.5863318,twist +Z,fast,1787278713.1305244,-248.78416525982675,-186.56685382816875,1353.230667293482,13.992514037111608,-18.658812394487065,2.975793979859172e-19
1787278714.5973873,twist +Z,fast,1787278713.1305244,-248.259181651571,-187.27956700731636,1351.2822409693408,14.045967525547685,-18.61943862386761,2.972550242369944e-19
1787278714.6084807,twist +Z,fast,1787278713.1305244,-249.85731973395605,-189.29384067105104,1354.593112349331,14.197038050327667,-18.739298980046392,2.9785500133191516e-19
1787278714.6196764,twist +Z,fast,1787278713.1305244,-249.9740716874453,-190.04301083416374,1354.5589445116939,14.253225812561173,-18.7480553765581,2.975139870347408e-19
1787278714.6306372,twist +Z,fast,1787278713.1305244,-248.54374044188398,-188.1457460425337,1351.7016959691855,14.110930953188689,-18.64078053314106,2.973070611278545e-19
1787278714.6418164,twist +Z,fast,1787278713.1305244,-247.4951398171429,-186.99856589734043,1348.9974785684035,14.024892442299294,-18.56213548628555,2.9725569908052095e-19
1787278714.652953,twist +Z,fast,1787278713.1305244,-248.52895478107212,-186.98514933205013,1350.2936308561957,14.023886199902567,-18.63967160858018,2.97417864604552e-19
1787278714.664116,twist +Z,fast,1787278713.1305244,-250.11694326828137,-188.93672062942835,1351.7469063672334,14.170254047206047,-18.758770745120863,2.9742622777035185e-19
1787278714.6751657,twist +Z,fast,1787278713.1305244,-249.85255578479018,-188.4899936659914,1350.2081854186608,14.136749524948218,-18.738941683859274,2.9676613439274783e-19
1787278714.6862857,twist +Z,fast,1787278713.1305244,-249.09978857698616,-187.8614299127936,1351.5787428516096,14.089607243458364,-18.682484143273484,2.9670430196936697e-19
1787278714.6973622,twist +Z,fast,1787278713.1305244,-248.26590722274204,-186.88196336446174,1352.3776170021183,14.016147252333358,-18.619943041705383,2.9685369939214104e-19
1787278714.7085557,twist +Z,fast,1787278713.1305244,-247.71290068564804,-185.6320079341291,1349.5265976263463,13.922400595058495,-18.578467551423458,2.965481408940617e-19
1787278714.7196076,twist +Z,fast,1787278713.1305244,-246.67435998589508,-185.09257624659347,1345.5325259214815,13.881943218493223,-18.500576998941966,2.9645706138745035e-19
1787278714.7307062,twist +Z,fast,1787278713.1305244,-247.14929744902884,-185.124969649508,1344.5115282762372,13.88437272371188,-18.536197308676897,2.9623408605726676e-19
1787278714.7418125,twist +Z,fast,1787278713.1305244,-248.80019586916524,-186.3266522170601,1350.7720446051471,13.974498916278453,-18.660014690187317,2.968030721054113e-19
1787278714.7528725,twist +Z,fast,1787278713.1305244,-249.2605503750151,-187.16712515191728,1355.7262131185644,14.037534386392796,-18.69454127812596,2.972403901305403e-19
1787278714.764018,twist +Z,fast,1787278713.1305244,-247.4652289951987,-185.82767310840666,1350.4005264531797,13.937075483129323,-18.559892174639707,2.9710602162473074e-19
1787278714.775071,twist +Z,fast,1787278713.1305244,-246.89413996274425,-186.80816443975039,1348.8359085825514,14.010612332980248,-18.51706049720576,2.9727960955235693e-19
1787278714.7862217,twist +Z,fast,1787278713.1305244,-246.15246483269357,-187.23791650023475,1341.5923720336987,14.042843737516694,-18.461434862451938,2.965162326191957e-19
1787278714.7973711,twist +Z,fast,1787278713.1305244,-246.8039584852445,-188.34204444260706,1346.1740653564748,14.125653333194268,-18.510296886393327,2.965832919207375e-19
1787278714.8082821,twist +Z,fast,1787278713.1305244,-246.47940575610983,-186.69381467666165,1346.0461906248302,14.002036100748416,-18.485955431707843,2.9633395955967227e-19
1787278714.819071,twist +Z,fast,1787278713.1305244,-248.45786120140428,-187.28865963243163,1352.8745041369775,14.04664947243123,-18.634339590105192,2.9680500503889593e-19
1787278714.8304257,twist +Z,fast,1787278713.1305244,-249.77834138579829,-187.69785023989573,1356.404100501507,14.077338767991055,-18.73337560393491,2.971880633377152e-19
1787278714.8416753,twist +Z,fast,1787278713.1305244,-249.09122234080178,-188.16922327211694,1356.2599172695564,14.11269174540779,-18.681841675559816,2.969631293340476e-19
1787278714.8527498,twist +Z,fast,1787278713.1305244,-247.54314448202285,-186.09248505575135,1355.2249612497335,13.956936379180238,-18.565735836151532,2.9693802207011126e-19
1787278714.8639255,twist +Z,fast,1787278713.1305244,-246.45941261958114,-185.36582883347876,1351.0690476477312,13.902437162509731,-18.48445594646826,2.963683685611567e-19
1787278714.874542,twist +Z,fast,1787278713.1305244,-247.8014521977807,-185.12297993799405,1353.3071169422483,13.884223495348525,-18.58510891483325,2.96608267602681e-19
1787278714.8856578,twist +Z,fast,1787278713.1305244,-247.5919978833449,-185.17163315989922,1349.0072692906733,13.887872486991345,-18.569399841250643,2.961926018105816e-19
1787278714.8970652,twist +Z,fast,1787278713.1305244,-248.16059169904065,-184.8492054549555,1351.0667327825513,13.863690409120483,-18.612044377428155,2.967351571605024e-19
1787278714.9083786,twist +Z,fast,1787278713.1305244,-246.28347351951516,-185.77432178969968,1344.1611658936608,13.933074134226363,-18.471260513963344,2.9631618632036233e-19
1787278714.9193668,twist +Z,fast,1787278713.1305244,-247.19649658036133,-186.99257959185604,1347.6743669436555,14.024443469388121,-18.539737243526943,2.9667929961321516e-19
1787278714.930513,twist +Z,fast,1787278713.1305244,-248.2540399520035,-190.0623471379082,1349.7533852171082,14.254676035341877,-18.619052996400015,2.9667597873606295e-19
1787278714.941614,twist +Z,fast,1787278713.1305244,-249.64119586397055,-189.85993254154585,1354.5008842545803,14.239494940614808,-18.723089689797476,2.971110099647328e-19
1787278714.952683,twist +Z,fast,1787278713.1305244,-248.8825447448594,-189.51440169697287,1354.9206580800846,14.213580127271928,-18.66619085586428,2.9703850797929562e-19
1787278714.9638355,twist +Z,fast,1787278713.1305244,-247.74913229511048,-186.8850224534084,1348.8152207232133,14.016376684004573,-18.581184922133083,2.9671278162599844e-19
1787278714.9749668,twist +Z,fast,1787278713.1305244,-247.874471847696,-187.10156661417602,1346.2694193257112,14.03261749606212,-18.590585388577033,2.9645966018308697e-19
1787278714.986132,twist +Z,fast,1787278713.1305244,-247.84117106813437,-187.48987399314922,1344.2072931849407,14.061740549485084,-18.58808783010992,2.9641916758196144e-19
1787278714.9971359,twist +Z,fast,1787278713.1305244,-248.8902614142703,-186.74139086833713,1349.2248115907287,14.00560431512395,-18.666769606070133,2.966181182231562e-19
1787278715.0083323,twist +Z,fast,1787278713.1305244,-249.95580329717222,-187.66580681042763,1356.1969024723066,14.074935510781035,-18.74668524728761,2.9743830087923774e-19
1787278715.0193477,twist +Z,fast,1787278713.1305244,-250.61609683087545,-187.01366915408892,1357.1901677214528,14.026025186555419,-18.796207262315427,2.9754302176618977e-19
1787278715.0304081,twist +Z,fast,1787278713.1305244,-249.28083889026357,-187.7185295804162,1355.6000475720293,14.078889718530053,-18.69606291676981,2.9732051659677482e-19
1787278715.0415533,twist +Z,fast,1787278713.1305244,-248.15337233183573,-185.63337185172566,1350.2853696236389,13.92250288887843,-18.611502924887667,2.967932827425509e-19
1787278715.0525775,twist +Z,fast,1787278713.1305244,-247.63888067146445,-185.21655266367782,1353.2060005060493,13.891241449774657,-18.572916050359467,2.966100494588208e-19
1787278715.063745,twist +Z,fast,1787278713.1305244,-248.10742355998764,-184.6260824147513,1354.796964815233,13.846956181105188,-18.60805676699892,2.9679139826761437e-19
1787278715.0749207,twist +Z,fast,1787278713.1305244,-247.9077514367068,-186.54230118298221,1354.2360039222049,13.99067258872262,-18.593081357752723,2.969783430280083e-19
1787278715.085938,twist +Z,fast,1787278713.1305244,-249.77328955708572,-187.83216637307908,1357.9280295432354,14.087412477979615,-18.732996716781216,2.973959176825788e-19
1787278715.0970447,twist +Z,fast,1787278713.1305244,-250.7506743914878,-189.20506787260763,1358.2907454937604,14.190380090444481,-18.806300579361327,2.974450299647708e-19
1787278715.1081893,twist +Z,fast,1787278713.1305244,-250.4097029253603,-187.79297584425706,1358.754546184654,14.08447318831809,-18.780727719401803,2.9735646837670246e-19
1787278715.1193638,twist +Z,fast,1787278713.1305244,-249.18794066920555,-187.18888814942886,1353.3542988733707,14.039166611205918,-18.689095550190345,2.9731639652048877e-19
1787278715.1304364,twist +Z,fast,1787278713.1305244,-248.7235346440807,-187.28987874390793,1350.1093585874978,14.046740905792152,-18.654265098305743,2.9730228978975253e-19
1787278715.141397,twist +Z,fast,1787278713.1305244,-250.09597754573542,-187.502785207579,1352.3772904347088,14.06270889056734,-18.75719831593007,2.9745902856800117e-19
1787278715.152386,twist +Z,fast,1787278713.1305244,-250.49919573621128,-186.82001386993045,1351.5709214722747,14.011501040243534,-18.787439680215805,2.9708045812685257e-19
1787278715.1636138,twist +Z,fast,1787278713.1305244,-248.69340247734863,-186.782676728379,1347.0460376367,14.008700754627174,-18.65200518580108,2.9679330448798807e-19
1787278715.1746943,twist +Z,fast,1787278713.1305244,-247.32439243114868,-186.41970554505508,1342.575193427333,13.98147791587775,-18.549329432335902,2.9615384741611893e-19
1787278715.1859267,twist +Z,fast,1787278713.1305244,-245.95112377937176,-188.05000379077103,1339.6450924737555,14.103750284306603,-18.44633428345275,2.9609286909582575e-19
1787278715.196938,twist +Z,fast,1787278713.1305244,-247.05352024694048,-187.05063388265887,1344.0738158058457,14.028797541198191,-18.529014018520293,2.9597257849647195e-19
1787278715.20798,twist +Z,fast,1787278713.1305244,-246.65490169322084,-187.5267342544181,1344.2673579177763,14.064505069080031,-18.499117626991207,2.961464224321975e-19
1787278715.219179,twist +Z,fast,1787278713.1305244,-247.16570781008113,-185.3315673516571,1348.093466526915,13.899867551373095,-18.537428085756133,2.96249820515764e-19
1787278715.2304423,twist +Z,fast,1787278713.1305244,-247.41322311583235,-186.06178079135395,1348.3208519294212,13.954633559350288,-18.555991733687293,2.96509309735543e-19
1787278715.2413301,twist +Z,fast,1787278713.1305244,-248.3366292279593,-186.3543626901709,1349.4057917190885,13.976577201761746,-18.625247192096552,2.966886390542385e-19
1787278715.252502,twist +Z,fast,1787278713.1305244,-247.45180926663352,-187.16037290141287,1350.1910749058234,14.037027967604661,-18.558885694997286,2.9659314374451465e-19
1787278715.263517,twist +Z,fast,1787278713.1305244,-247.6514763703649,-187.00491963704587,1349.0330864014913,14.025368972777404,-18.573860727777152,2.9646800959822196e-19
1787278715.2746322,twist +Z,fast,1787278713.1305244,-247.77917263263635,-186.77101916871868,1348.5466038026143,14.007826437652742,-18.58343794744752,2.9588232997391517e-19
1787278715.2857542,twist +Z,fast,1787278713.1305244,-248.90594102302703,-186.32813588470924,1346.0902248664834,13.974610191352088,-18.66794557672678,2.9608431914688668e-19
1787278715.2968273,twist +Z,fast,1787278713.1305244,-249.4396827650712,-188.51094267504743,1350.8606239056162,14.138320700627308,-18.707976207380128,2.9665640731501295e-19
1787278715.307931,twist +Z,fast,1787278713.1305244,-249.33262941648672,-188.7361032836908,1352.2946153048842,14.155207746275739,-18.699947206236274,2.972669340167506e-19
1787278715.319125,twist +Z,fast,1787278713.1305244,-248.7473972136263,-189.7050946001092,1350.6696976348876,14.227882095006837,-18.656054791021923,2.9705361751129283e-19
1787278715.3301284,twist +Z,fast,1787278713.1305244,-247.91412971367708,-187.76561316203822,1349.1182221905792,14.082420987151725,-18.593559728525612,2.9652550703546156e-19
1787278715.3412828,twist +Z,fast,1787278713.1305244,-248.80479668411,-187.97979527920018,1347.8913623892468,14.098484645938914,-18.66035975130803,2.962190889701921e-19
1787278715.3523567,twist +Z,fast,1787278713.1305244,-249.77238050767073,-187.6743952801802,1353.5381895841538,14.075579646012418,-18.732928538075,2.9661014311755414e-19
1787278715.3634667,twist +Z,fast,1787278713.1305244,-251.2335837887117,-188.40750621236145,1355.8869814457148,14.130562965925922,-18.842518784153143,2.96895032783891e-19
1787278715.3744626,twist +Z,fast,1787278713.1305244,-250.02112001802243,-187.2055945268545,1356.5312058229001,14.040419589512855,-18.751584001351553,2.96973131397854e-19
1787278715.385825,twist +Z,fast,1787278713.1305244,-248.08554979688097,-186.11117082338762,1350.9791472540574,13.958337811752816,-18.606416234765767,2.9657664781326696e-19
1787278715.3967423,twist +Z,fast,1787278713.1305244,-247.0358371161078,-184.8015603488003,1350.549473750617,13.86011702615922,-18.527687783707904,2.9648733559148813e-19
1787278715.4077837,twist +Z,fast,1787278713.1305244,-246.81078973676222,-185.39632393651084,1349.3975725347236,13.904724295237276,-18.510809230256896,2.9614592013872813e-19
1787278715.419008,twist +Z,fast,1787278713.1305244,-248.40896418295006,-187.36317468832647,1352.0879137558213,14.05223810162342,-18.63067231372103,2.9605888901899964e-19
1787278715.4300065,twist +Z,fast,1787278713.1305244,-248.23765288945333,-188.7611753681623,1348.7599012616092,14.157088152610928,-18.617823966708677,2.9596998113428978e-19
1787278715.4411147,twist +Z,fast,1787278713.1305244,-247.99969737218407,-188.76207180411677,1349.3845378882952,14.157155385307437,-18.599977302913906,2.960724410886852e-19
1787278715.4523191,twist +Z,fast,1787278713.1305244,-247.61910370190935,-188.05742482716312,1348.2947404354463,14.104306862035887,-18.57143277764284,2.964614880005542e-19
1787278715.4633493,twist +Z,fast,1787278713.1305244,-247.2840972885374,-186.7339196251795,1348.6527227079687,14.005043971887194,-18.54630729664025,2.9642997477535385e-19
1787278715.474456,twist +Z,fast,1787278713.1305244,-248.16933264090449,-186.93896511110927,1348.4510473093223,14.020422383332008,-18.612699948067572,2.9659034917231003e-19
1787278715.4856055,twist +Z,fast,1787278713.1305244,-248.26271117432907,-186.13207585340672,1348.3864201514507,13.95990568900422,-18.61970333807451,2.960129004740842e-19
1787278715.496662,twist +Z,fast,1787278713.1305244,-249.29204878639985,-187.65742417497597,1352.9771127499162,14.074306813122224,-18.69690365897982,2.9681923578201947e-19
1787278715.5078754,twist +Z,fast,1787278713.1305244,-248.2403732741027,-187.2567540436204,1352.3650878613307,14.044256553270447,-18.61802799555764,2.9674322276100773e-19
1787278715.5188928,twist +Z,fast,1787278713.1305244,-248.50899650171732,-187.86298601513215,1351.938915659358,14.08972395113378,-18.638174737628603,2.971521241980456e-19
1787278715.529973,twist +Z,fast,1787278713.1305244,-248.06067339776246,-187.13030265145142,1348.46521101268,14.034772698857555,-18.604550504831913,2.9650871485000867e-19
1787278715.5410674,twist +Z,fast,1787278713.1305244,-249.3553872255693,-187.21560398904091,1351.4453797161832,14.041170299176873,-18.701654041917266,2.967711677491787e-19
1787278715.5522482,twist +Z,fast,1787278713.1305244,-248.42765780188302,-187.64767880896363,1351.018342389937,14.073575910671199,-18.632074335140857,2.965393124846776e-19
1787278715.5631456,twist +Z,fast,1787278713.1305244,-249.4791032157077,-187.67046191907014,1351.5129099595388,14.07528464392924,-18.710932741177864,2.9675305700023927e-19
1787278715.5743105,twist +Z,fast,1787278713.1305244,-249.9652452562027,-188.35673768065374,1351.0411042917012,14.126755326048016,-18.747393394214903,2.967222688293466e-19
1787278715.587047,twist +Z,fast,1787278713.1305244,-250.18694265767,-187.48661776488927,1349.3320460089863,14.061496332365639,-18.764020699324973,2.9682983059988867e-19
1787278715.5965762,twist +Z,fast,1787278713.1305244,-248.22467040498987,-186.63833010437986,1348.3512321384105,13.997874757827422,-18.616850280374294,2.9635401763839996e-19
1787278715.6077158,twist +Z,fast,1787278713.1305244,-246.8954829589161,-185.5436233981785,1348.094113415208,13.915771754862238,-18.517161221918528,2.965268827805373e-19
1787278715.6183,twist +Z,fast,1787278713.1305244,-248.1311265624513,-186.47417722874172,1353.9444023246624,13.985563292154328,-18.609834492183538,2.9688288225884423e-19
1787278715.629459,twist +Z,fast,1787278713.1305244,-248.470458744197,-186.36730552871893,1357.3882908719252,13.977547914652963,-18.63528440581453,2.9745674711915555e-19
1787278715.6404638,twist +Z,fast,1787278713.1305244,-248.57479630017542,-186.71760186327094,1359.5812810406615,14.003820139744366,-18.64310972251318,2.9739535353980925e-19
1787278715.6520684,twist +Z,fast,1787278713.1305244,-247.65408795283884,-186.41435873554667,1359.1567639431605,13.981076905165157,-18.574056596462476,2.9751745190721864e-19
1787278715.66316,twist +Z,fast,1787278713.1305244,-248.15552749321205,-186.6000963191035,1357.568225029835,13.995007223931882,-18.611664561990715,2.9721970122217166e-19
1787278715.6743352,twist +Z,fast,1787278713.1305244,-247.4685519789823,-185.774467396595,1353.0650375714295,13.933085054743618,-18.56014139842344,2.968231173739392e-19
1787278715.685428,twist +Z,fast,1787278713.1305244,-247.54997575904463,-186.03488530969946,1349.4845018474725,13.952616398226372,-18.56624818192808,2.9616762898797617e-19
1787278715.696475,twist +Z,fast,1787278713.1305244,-246.97348306560843,-187.40377701450927,1347.4942102901468,14.055283276087128,-18.523011229920392,2.9589449648966343e-19
1787278715.7076702,twist +Z,fast,1787278713.1305244,-247.98142076859176,-188.80782321339086,1347.812060514888,14.160586741003005,-18.59860655764406,2.9605692867777064e-19
1787278715.718663,twist +Z,fast,1787278713.1305244,-248.02163671487733,-188.56904935200407,1348.9807278025082,14.142678701398882,-18.601622753615736,2.9645553872039906e-19
1787278715.7297485,twist +Z,fast,1787278713.1305244,-249.139536475795,-188.30924505708902,1352.2005266247115,14.123193379280668,-18.68546523568473,2.9684127638774984e-19
1787278715.7408197,twist +Z,fast,1787278713.1305244,-248.30349446514947,-188.85058443450282,1354.556683444357,14.163793832586538,-18.622762084885906,2.971088905603145e-19
1787278715.7519832,twist +Z,fast,1787278713.1305244,-247.4561127954289,-187.14544390762137,1353.3171540001613,14.035908293070694,-18.559208459656944,2.964724901622076e-19
1787278715.7630143,twist +Z,fast,1787278713.1305244,-246.8425941535629,-187.50744147400962,1350.8044980790592,14.063058110549367,-18.513194561516983,2.9637263783105075e-19
1787278715.774209,twist +Z,fast,1787278713.1305244,-247.07203085290666,-186.42286569954138,1350.819986911888,13.981714927464214,-18.530402313967905,2.964393178643676e-19
1787278715.78526,twist +Z,fast,1787278713.1305244,-247.71022287250207,-187.99438452250217,1352.4546645134224,14.09957883918658,-18.578266715437643,2.9681707123975943e-19
1787278715.7962704,twist +Z,fast,1787278713.1305244,-247.52996358027713,-186.96922014105132,1352.9208230593476,14.022691510577747,-18.564747268520577,2.967620028350077e-19
1787278715.8072953,twist +Z,fast,1787278713.1305244,-248.29429629114247,-187.39762366321804,1352.6784674025175,14.054821774740208,-18.622072221835452,2.9668577202634227e-19
1787278715.8183875,twist +Z,fast,1787278713.1305244,-248.59427052466935,-187.9707292228303,1351.5315810225247,14.097804691711065,-18.64457028934985,2.965425660572073e-19
1787278715.8295054,twist +Z,fast,1787278713.1305244,-248.49235525527047,-188.27362636700616,1349.7561228464847,14.120521977524195,-18.636926644145007,2.965692040319975e-19
1787278715.8406715,twist +Z,fast,1787278713.1305244,-248.13067209093288,-188.600867762946,1350.776390570244,14.145065082219862,-18.609800406819765,2.965845536816617e-19
1787278715.8513234,twist +Z,fast,1787278713.1305244,-247.70437031732354,-186.9504872619067,1352.7285970418206,14.021286544641956,-18.57782777379945,2.964970569425852e-19
1787278715.8623874,twist +Z,fast,1787278713.1305244,-248.44126032919348,-187.0459682912291,1356.0871635506874,14.028447621840844,-18.63309452468929,2.9656886284436046e-19
1787278715.87365,twist +Z,fast,1787278713.1305244,-248.51577538151787,-187.22523589902005,1355.1665175854077,14.04189269242531,-18.63868315361394,2.965137071084246e-19
1787278715.8849492,twist +Z,fast,1787278713.1305244,-248.9128313363185,-188.5081186438921,1354.0589203917489,14.138108898290898,-18.66846235022369,2.968428050712187e-19
1787278715.8960724,twist +Z,fast,1787278713.1305244,-249.25770871857867,-190.24969909023332,1350.3320231394764,14.268727431766312,-18.694328153893274,2.9676166555928853e-19
1787278715.9073384,twist +Z,fast,1787278713.1305244,-249.33713988068075,-190.05037787836557,1351.6071484832946,14.253778340876412,-18.700285491050835,2.965311027151127e-19
1787278715.9180253,twist +Z,fast,1787278713.1305244,-248.67935153751068,-189.65451514340464,1350.9593082916153,14.224088635754203,-18.65095136531317,2.965239712860739e-19
1787278715.929313,twist +Z,fast,1787278713.1305244,-247.71511803580643,-187.12008971218586,1352.0136399480352,14.034006728412724,-18.578633852685435,2.9617637884544326e-19
1787278715.9404094,twist +Z,fast,1787278713.1305244,-247.62392437971766,-186.0773642934638,1351.9958295350925,13.95580232200864,-18.571794328478752,2.9627529021471364e-19
1787278715.9515672,twist +Z,fast,1787278713.1305244,-248.66211120702292,-186.24062259768482,1353.918747063567,13.968046694825237,-18.649658340526805,2.962103305915044e-19
1787278715.9626548,twist +Z,fast,1787278713.1305244,-249.50595024426048,-187.10213299524082,1356.777301374511,14.03265997464182,-18.712946268319527,2.967847636376896e-19
1787278715.9737456,twist +Z,fast,1787278713.1305244,-248.77352575334453,-187.50523505266267,1355.4529164745736,14.062892628948479,-18.65801443150046,2.968385423418937e-19
1787278715.9850223,twist +Z,fast,1787278713.1305244,-250.26215393306438,-188.8751816101916,1359.5823227140145,14.165638620763236,-18.769661544979513,2.978707246705894e-19
1787278715.9955502,twist +Z,fast,1787278713.1305244,-250.02987587548932,-190.06299805177366,1359.051867484076,14.254724853881871,-18.75224069066151,2.977079378549786e-19
1787278716.0066757,twist +Z,fast,1787278713.1305244,-251.3496505967537,-191.8696049848544,1361.1783901883655,14.390220373862906,-18.85122379475642,2.981172127364274e-19
1787278716.018093,twist +Z,fast,1787278713.1305244,-249.5586034676321,-191.14463949636172,1351.6704198333,14.33584796222593,-18.71689526007213,2.968167310593171e-19
1787278716.029232,twist +Z,fast,1787278713.1305244,-249.42342906406293,-191.15028930461028,1351.2779902035882,14.336271697844683,-18.70675717980425,2.9675934074046694e-19
1787278716.040387,twist +Z,fast,1787278713.1305244,-248.20379888982325,-189.7533068568174,1347.924468450511,14.231498014260072,-18.615284916736528,2.9640705379326085e-19
1787278716.0540962,twist +Z,fast,1787278713.1305244,-247.8023666297081,-190.35543334976535,1352.7982862783383,14.276657501231202,-18.58517749722798,2.9639938713310013e-19
1787278716.0627213,twist +Z,fast,1787278713.1305244,-246.7476742959375,-189.48289579526784,1348.8877728853922,14.211217184644088,-18.50607557219525,2.9624017332166576e-19
1787278716.0738735,twist +Z,fast,1787278713.1305244,-247.43923581350236,-189.0887823065433,1350.0163271808242,14.181658672989716,-18.557942686012588,2.9620847554988304e-19
1787278716.0867836,twist +Z,fast,1787278713.1305244,-248.22796760970823,-188.8512691758673,1353.1353486370253,14.163845188188905,-18.617097570728014,2.9686894640148044e-19
1787278716.0959215,twist +Z,fast,1787278713.1305244,-248.28556448569043,-188.87558529456953,1351.9943288563072,14.165668897091624,-18.62141733642683,2.965548581711942e-19
1787278716.1070945,twist +Z,fast,1787278713.1305244,-248.52900631764032,-190.27849195386068,1350.2457604687015,14.270886896538602,-18.639675473822955,2.9653045350211914e-19
1787278716.1196725,twist +Z,fast,1787278713.1305244,-248.49309095811032,-190.1356703047967,1344.7571264446387,14.26017527285875,-18.63698182185832,2.9575003047814427e-19
1787278716.1293266,twist +Z,fast,1787278713.1305244,-249.1430922771019,-190.00729545784804,1345.216496292026,14.250547159337575,-18.685731920782267,2.9599448993731763e-19
1787278716.1405325,twist +Z,fast,1787278713.1305244,-248.1460914708182,-188.9922135747737,1344.9829365308042,14.174416018106971,-18.610956860311184,2.959480818633101e-19
1787278716.1530035,twist +Z,fast,1787278713.1305244,-248.3801636212961,-189.0764227150297,1349.1337855133816,14.18073170362607,-18.628512271597295,2.964988586079117e-19
1787278716.1626272,twist +Z,fast,1787278713.1305244,-248.93356366648595,-188.45817213993598,1352.054346442751,14.134362910494009,-18.6700172749863,2.9696874405163506e-19
1787278716.1739788,twist +Z,fast,1787278713.1305244,-249.7107949491633,-187.923792286526,1350.604448620118,14.094284421488172,-18.728309621186902,2.965890121065058e-19
1787278716.1860008,twist +Z,fast,1787278713.1305244,-249.30081144509086,-188.82720557395157,1349.6414583354135,14.162040418045155,-18.697560858381635,2.9654083452172445e-19
1787278716.1958869,twist +Z,fast,1787278713.1305244,-248.01161085669582,-188.9706472665797,1347.6339929300493,14.172798544992308,-18.600870814252083,2.963476133796588e-19
1787278716.2071013,twist +Z,fast,1787278713.1305244,-246.6829181473563,-187.73684823058818,1348.3491892019274,14.080263617293017,-18.501218861051576,2.9655159676998114e-19
1787278716.219304,twist +Z,fast,1787278713.1305244,-246.68024223456223,-186.42362227080764,1346.5784553843196,13.98177167030953,-18.50101816759196,2.9625873443488035e-19
1787278716.2292242,twist +Z,fast,1787278713.1305244,-247.3946877236108,-187.15082242870915,1345.6794583465353,14.036311682151993,-18.55460157927081,2.9617581560253406e-19
1787278716.2403412,twist +Z,fast,1787278713.1305244,-248.44019713249736,-189.59156082979177,1348.843757518699,14.219367062233264,-18.63301478493711,2.9604080255605316e-19
1787278716.2523317,twist +Z,fast,1787278713.1305244,-249.21953615247776,-190.0013415547404,1352.4331751993877,14.25010061660463,-18.691465211435528,2.966259531593396e-19
1787278716.2626235,twist +Z,fast,1787278713.1305244,-248.8620161266449,-188.6675957948563,1354.550138087493,14.150069684613147,-18.664651209498288,2.966367648459599e-19
1787278716.2736387,twist +Z,fast,1787278713.1305244,-249.66287440877522,-190.09584291776662,1356.4949850536332,14.25718821883152,-18.724715580657872,2.972033795319648e-19
1787278716.2866573,twist +Z,fast,1787278713.1305244,-248.80855064083926,-189.02805948822822,1354.741357041511,14.177104461615887,-18.660641298062757,2.969098086092208e-19
1787278716.29585,twist +Z,fast,1787278713.1305244,-249.19450182247283,-189.51766863259434,1354.617990634445,14.21382514744369,-18.689587636685268,2.9650854935451324e-19
1787278716.3067799,twist +Z,fast,1787278713.1305244,-249.15568491175554,-187.98246551625186,1356.322617375762,14.09868491371778,-18.68667636838152,2.964299898749549e-19
1787278716.3187537,twist +Z,fast,1787278713.1305244,-249.89429567974412,-189.72628047222554,1355.3559837117473,14.22947103541593,-18.742072175980674,2.963989789303354e-19
1787278716.3290195,twist +Z,fast,1787278713.1305244,-249.03898681669625,-189.7982986131916,1353.6656336411916,14.234872395988237,-18.677924011252024,2.967386100590079e-19
1787278716.3402636,twist +Z,fast,1787278713.1305244,-247.313970542295,-187.54426310085034,1346.6977724835588,14.065819732562804,-18.548547790671833,2.964689495473015e-19
1787278716.3521185,twist +Z,fast,1787278713.1305244,-246.09934761478007,-186.25683375401252,1347.969224911708,13.969262531549678,-18.457451071108423,2.9636941838562545e-19
1787278716.3623164,twist +Z,fast,1787278713.1305244,-246.47205229277233,-186.61928605001083,1345.1104089079718,13.996446453749574,-18.485403921957698,2.96211411825272e-19
1787278716.37368,twist +Z,fast,1787278713.1305244,-246.26939172675384,-186.65236040152752,1346.990518943091,13.998927030113425,-18.470204379506548,2.9605684397498708e-19
1787278716.385229,twist +Z,fast,1787278713.1305244,-246.5872308245257,-185.8628814585005,1347.16686460031,13.9397161093863,-18.494042311839387,2.9627771251415022e-19
1787278716.3955894,twist +Z,fast,1787278713.1305244,-245.99210587694915,-185.66206974670047,1350.1025544938466,13.92465523100137,-18.449407940771096,2.9637393642221294e-19
1787278716.4067144,twist +Z,fast,1787278713.1305244,-248.7662167252388,-188.75391843934096,1354.470725942695,14.15654388294941,-18.65746625439258,2.9690593460266356e-19
1787278716.4197614,twist +Z,fast,1787278713.1305244,-249.11540028172976,-190.16807330018162,1357.2240397080795,14.262605497512755,-18.68365502112951,2.9722916011191085e-19
1787278716.4289258,twist +Z,fast,1787278713.1305244,-249.67435436141068,-189.40831876890604,1359.8634174372773,14.205623907667078,-18.725576577105677,2.9706725453820908e-19
1787278716.4400961,twist +Z,fast,1787278713.1305244,-248.09630232063455,-188.31214801724047,1358.63296192906,14.123411101291897,-18.607222674047463,2.9682088066898543e-19
1787278716.4519973,twist +Z,fast,1787278713.1305244,-246.92977965278942,-186.3673420633653,1355.454915619569,13.977550654751358,-18.51973347395905,2.9622727318787875e-19
1787278716.4623477,twist +Z,fast,1787278713.1305244,-246.9232044832038,-187.198520767599,1352.3686499704172,14.039889057568775,-18.519240336239967,2.9622460672973716e-19
1787278716.4734433,twist +Z,fast,1787278713.1305244,-247.23354903988957,-186.4559038262745,1350.8027038706323,13.984192786969462,-18.54251617799165,2.9639979826554077e-19
1787278716.4848952,twist +Z,fast,1787278713.1305244,-247.05723934398293,-188.6129544274621,1348.2906478353952,14.145971582058625,-18.529292950798478,2.9640650939809085e-19
1787278716.495628,twist +Z,fast,1787278713.1305244,-246.01593534965514,-187.91885190986557,1349.850302945998,14.093913893238767,-18.451195151223956,2.9664585024562546e-19
1787278716.5067291,twist +Z,fast,1787278713.1305244,-245.6797370771733,-187.69520646720628,1348.7196239573068,14.07714048503951,-18.42598028078787,2.9640009950309953e-19
1787278716.5179157,twist +Z,fast,1787278713.1305244,-246.22127597905137,-186.81580619858926,1348.0005723746171,14.011185464892979,-18.46659569842872,2.961967645481611e-19
1787278716.5289466,twist +Z,fast,1787278713.1305244,-247.2017517843119,-188.19668120694212,1346.4777202440064,14.114751090519594,-18.540131383823258,2.9578815221811983e-19
1787278716.540062,twist +Z,fast,1787278713.1305244,-247.16616754764027,-188.2750374106596,1347.2371775040147,14.12062780579831,-18.53746256607267,2.960056060829013e-19
1787278716.5514271,twist +Z,fast,1787278713.1305244,-248.17826733017,-188.69671327944354,1350.696732645095,14.152253495957414,-18.613370049762388,2.961548242645739e-19
1787278716.562166,twist +Z,fast,1787278713.1305244,-248.46334785313093,-188.76895506539051,1350.6180967431637,14.15767162990321,-18.63475108898463,2.964063565922549e-19
1787278716.5735767,twist +Z,fast,1787278713.1305244,-248.61959799821716,-190.333461536114,1346.4662976507889,14.27500961520757,-18.646469849866193,2.9629465640869862e-19
1787278716.5844038,twist +Z,fast,1787278713.1305244,-249.20417387550015,-190.89418247645528,1348.3125762785867,14.31706368573305,-18.69031304066236,2.9646988563649546e-19
1787278716.5953197,twist +Z,fast,1787278713.1305244,-247.2338313604364,-189.8496242561995,1344.5073523113815,14.238721819213954,-18.542537352032625,2.9633676869217825e-19
1787278716.606364,twist +Z,fast,1787278713.1305244,-248.46723391428486,-190.04421873131798,1352.4445527121215,14.253316404847713,-18.635042543571316,2.9694033335910897e-19
1787278716.6175063,twist +Z,fast,1787278713.1305244,-247.43253898378543,-189.3459452082019,1349.9565811514558,14.200945890614083,-18.557440423783603,2.9696558936214248e-19
1787278716.6285539,twist +Z,fast,1787278713.1305244,-249.0200419389189,-189.88986792729713,1350.1707556796,14.241740094546277,-18.67650314541863,2.966600703513075e-19
1787278716.6396315,twist +Z,fast,1787278713.1305244,-248.4868501312253,-189.16573370036065,1345.6428723346735,14.187430027525924,-18.636513759841627,2.9619078365072785e-19
1787278716.6507444,twist +Z,fast,1787278713.1305244,-248.33860343447623,-190.2579598399924,1347.0494596475446,14.269346987998336,-18.62539525758524,2.964792805684391e-19
1787278716.6618536,twist +Z,fast,1787278713.1305244,-248.2492786484504,-189.58841698702793,1350.1577481434006,14.219131274026044,-18.61869589863373,2.9677462203408685e-19
1787278716.6729596,twist +Z,fast,1787278713.1305244,-247.36961745218878,-190.09820497357862,1350.3108403566903,14.257365373017425,-18.552721308914023,2.967679152005169e-19
1787278716.6845756,twist +Z,fast,1787278713.1305244,-248.39597568765885,-190.05399709462824,1346.4804249403487,14.25404978209598,-18.629698176574237,2.9649932932910786e-19
1787278716.6951957,twist +Z,fast,1787278713.1305244,-247.70617555062063,-189.87686000510428,1349.4284976453864,14.240764500381676,-18.57796316629628,2.9687862083442285e-19
1787278716.7062876,twist +Z,fast,1787278713.1305244,-248.06487020260147,-190.0025973540802,1347.8642002507522,14.250194801554816,-18.604865265195116,2.9679933776224462e-19
1787278716.7177508,twist +Z,fast,1787278713.1305244,-246.11501481179448,-187.98585164752637,1348.7184521417685,14.098938873563316,-18.458626110884488,2.9651790600486503e-19
1787278716.7283611,twist +Z,fast,1787278713.1305244,-246.66487037886463,-188.52011543744572,1346.8111950406574,14.139008657807242,-18.49986527841496,2.9637224464256045e-19
1787278716.739597,twist +Z,fast,1787278713.1305244,-245.6804421275524,-186.69018691524514,1348.6454590530602,14.001764018642081,-18.42603315956633,2.9612140793533074e-19
1787278716.7513115,twist +Z,fast,1787278713.1305244,-246.00962832859432,-187.62461125759035,1348.1073595866283,14.071845844318137,-18.450722124644415,2.96053017948482e-19
1787278716.7617657,twist +Z,fast,1787278713.1305244,-245.57705462022705,-188.00744004233263,1346.8142227284943,14.100558003173862,-18.41827909651687,2.95943004340484e-19
1787278716.77287,twist +Z,fast,1787278713.1305244,-245.5790300321073,-188.5312647409263,1345.579911861666,14.13984485556843,-18.418427252407938,2.9585165698824675e-19
1787278716.784017,twist +Z,fast,1787278713.1305244,-246.8108457767189,-188.44646904831268,1348.585896278234,14.133485178622369,-18.510813433253908,2.9628328630889165e-19
1787278716.7950695,twist +Z,fast,1787278713.1305244,-247.40594049875517,-189.95571216010956,1347.2830777615154,14.24667841200733,-18.555445537406634,2.96156867141735e-19
1787278716.8061876,twist +Z,fast,1787278713.1305244,-247.0389100253774,-188.95720500576783,1342.1912528203165,14.171790375431403,-18.527918251903287,2.9600522534155273e-19
1787278716.8172958,twist +Z,fast,1787278713.1305244,-246.98519773241014,-188.3053084742329,1341.880981812098,14.122898135566377,-18.523889829930454,2.9566191707944674e-19
1787278716.8283944,twist +Z,fast,1787278713.1305244,-246.01291838975385,-185.2757601296763,1340.6654548699507,13.895682009724457,-18.450968879231212,2.9568455640219863e-19
1787278716.8394449,twist +Z,fast,1787278713.1305244,-246.80460208483282,-186.6111593346767,1343.1127470505844,13.995836950099577,-18.510345156362376,2.9581349012633125e-19
1787278716.8506331,twist +Z,fast,1787278713.1305244,-246.01840317729193,-186.5121469661052,1342.0703847546838,13.98841102245672,-18.451380238296714,2.9570922814509877e-19
1787278716.861763,twist +Z,fast,1787278713.1305244,-246.8241580273484,-187.17250129963315,1343.154359582234,14.037937597471416,-18.51181185205094,2.9619479365773116e-19
1787278716.872939,twist +Z,fast,1787278713.1305244,-246.98519450953654,-187.38385865456428,1344.4096520858193,14.053789399091162,-18.523889588215248,2.9611036182471253e-19
1787278716.883968,twist +Z,fast,1787278713.1305244,-246.97961240792256,-186.88727949747488,1343.454720782839,14.01654596230954,-18.52347093059408,2.96252812663543e-19
1787278716.8951168,twist +Z,fast,1787278713.1305244,-247.1084938478657,-187.6062719729938,1343.258770501844,14.070470397973228,-18.533137038589793,2.9579238114782575e-19
1787278716.9061382,twist +Z,fast,1787278713.1305244,-247.81730994999953,-187.9671218344978,1343.8441032581768,14.097534137586184,-18.586298246249882,2.9598646321103666e-19
1787278716.9171834,twist +Z,fast,1787278713.1305244,-248.31345066765925,-189.8710648629766,1343.4546771032992,14.240329864722074,-18.62350880007439,2.9586737023132643e-19
1787278716.9283266,twist +Z,fast,1787278713.1305244,-249.93561632725368,-189.74063299726402,1348.1097347923305,14.2305474747936,-18.745171224544073,2.963845711616122e-19
1787278716.9394019,twist +Z,fast,1787278713.1305244,-249.59374744691058,-189.49949004414805,1350.8219036948312,14.212461753309984,-18.719531058518278,2.9695036617640685e-19
1787278716.9505267,twist +Z,fast,1787278713.1305244,-249.44574404774949,-187.60756655245052,1349.7381691021847,14.07056749143253,-18.708430803581145,2.9714661614390033e-19
1787278716.9616401,twist +Z,fast,1787278713.1305244,-247.81068112587172,-186.18841441243956,1350.2685894823417,13.964131080931825,-18.585801084440035,2.9715828422877484e-19
1787278716.9727197,twist +Z,fast,1787278713.1305244,-246.648359584618,-184.66827669830138,1344.7503410742838,13.850120752371556,-18.498626968846047,2.962195431942419e-19
1787278716.9839127,twist +Z,fast,1787278713.1305244,-246.81479765828362,-185.87947356671873,1347.9402424220307,13.94096051750292,-18.511109824371054,2.9635186110280886e-19
1787278716.9947445,twist +Z,fast,1787278713.1305244,-247.681548287454,-186.65157208777157,1344.2088719050907,13.998867906581669,-18.576116121558996,2.9544042443828494e-19
1787278717.0059707,twist +Z,fast,1787278713.1305244,-249.0817860014663,-187.48977562123275,1351.1644338320339,14.061733171591218,-18.681133950109924,2.9579538949167657e-19
1787278717.0170102,twist +Z,fast,1787278713.1305244,-249.42632160356743,-187.10403344002532,1349.0522354943287,14.032802508000817,-18.706974120267418,2.9544334138390027e-19
1787278717.0281148,twist +Z,fast,1787278713.1305244,-248.76695222380613,-187.39646333492385,1347.7385629017435,14.054734750118218,-18.65752141678537,2.9537998120163464e-19
1787278717.0393493,twist +Z,fast,1787278713.1305244,-248.4229603071367,-188.04977701722999,1345.1651807899952,14.103733276291127,-18.631722023035117,2.955475892792126e-19
1787278717.0504527,twist +Z,fast,1787278713.1305244,-248.00835066904665,-188.42756463261082,1349.2149116905393,14.132067347444778,-18.600626300178398,2.9620070582234065e-19
1787278717.061383,twist +Z,fast,1787278713.1305244,-248.14718604410837,-188.98365767755547,1353.2583682750383,14.173774325815547,-18.611038953308004,2.970480300054588e-19
1787278717.0726092,twist +Z,fast,1787278713.1305244,-247.17924641596392,-188.7775101387798,1352.1024211895556,14.158313260407542,-18.538443481197092,2.9686231446324247e-19
1787278717.083514,twist +Z,fast,1787278713.1305244,-247.43687400189856,-189.50282672680476,1350.0224464214962,14.212712004509303,-18.557765550142207,2.965308106479002e-19
1787278717.0949576,twist +Z,fast,1787278713.1305244,-247.5188711839569,-188.95088615640054,1349.4288406938658,14.171316461728967,-18.563915338796512,2.960497229471623e-19
1787278717.106036,twist +Z,fast,1787278713.1305244,-248.13718731209474,-189.23003924993816,1349.9527142695815,14.192252943744482,-18.610289048406685,2.9607009531770064e-19
1787278717.1170785,twist +Z,fast,1787278713.1305244,-248.7861972519645,-188.50799264047112,1348.6840754303184,14.138099448034414,-18.658964793897226,2.9587722162689965e-19
1787278717.1281855,twist +Z,fast,1787278713.1305244,-248.73105327631447,-188.8213133443611,1345.9477281399459,14.161598500826006,-18.65482899572335,2.960157445627957e-19
1787278717.1392865,twist +Z,fast,1787278713.1305244,-249.96598132472582,-188.41115786847752,1349.3710553764913,14.130836840134595,-18.74744859935442,2.963485338865366e-19
1787278717.1504529,twist +Z,fast,1787278713.1305244,-249.44478234774988,-188.49093576269559,1351.709264158285,14.136820182201237,-18.708358676081005,2.965123628836148e-19
1787278717.1614487,twist +Z,fast,1787278713.1305244,-249.62859662980873,-188.14362458533162,1357.2186841702014,14.110771843898949,-18.72214474723522,2.9667335192364745e-19
1787278717.1725883,twist +Z,fast,1787278713.1305244,-247.7021778966523,-187.2320593643966,1352.5128077737418,14.042404452328714,-18.57766334224887,2.964422551932601e-19
1787278717.1836326,twist +Z,fast,1787278713.1305244,-248.14674201027947,-188.29963965991794,1350.2780377886766,14.122472974492698,-18.611005650770878,2.961641799219819e-19
1787278717.194525,twist +Z,fast,1787278713.1305244,-247.28102857120075,-186.76031888719024,1346.6902530608904,14.007023916538262,-18.546077142839785,2.9585452053539575e-19
1787278717.2058678,twist +Z,fast,1787278713.1305244,-249.49208682534072,-188.01011840456056,1355.9856001916423,14.100758880340951,-18.7119065119005,2.9644194533057005e-19
1787278717.2169502,twist +Z,fast,1787278713.1305244,-248.2734391313511,-187.98278334295048,1354.712936210809,14.098708750720139,-18.620507934851098,2.966263032071128e-19
1787278717.2281396,twist +Z,fast,1787278713.1305244,-248.83439800491988,-189.98232292633168,1354.5698482054422,14.248674219473603,-18.662579850368736,2.970904078673808e-19
1787278717.2392266,twist +Z,fast,1787278713.1305244,-248.26983580979277,-189.50262908793354,1346.9654676069795,14.212697181593985,-18.62023768573429,2.9659142010056635e-19
1787278717.2500963,twist +Z,fast,1787278713.1305244,-249.40221372612586,-189.2868775219007,1352.6169450330608,14.196515814141836,-18.705166029459093,2.9702798312037444e-19
1787278717.261223,twist +Z,fast,1787278713.1305244,-249.40549019549007,-188.1578588531935,1351.2949848681283,14.111839413988452,-18.705411764661655,2.9667419873845673e-19
1787278717.2724204,twist +Z,fast,1787278713.1305244,-249.0163779681784,-189.63589591718562,1349.0393625289735,14.222692193787996,-18.676228347613367,2.964865107668861e-19
1787278717.2836232,twist +Z,fast,1787278713.1305244,-248.26194528272708,-189.84146330850774,1343.860709052923,14.238109748136882,-18.619645896204553,2.9593179043524142e-19
1787278717.294666,twist +Z,fast,1787278713.1305244,-248.32573980563075,-191.35076270010643,1344.5820962979951,14.351307202506835,-18.624430485422145,2.957791463810462e-19
1787278717.3057177,twist +Z,fast,1787278713.1305244,-247.98983849264596,-189.88281978155544,1346.158235024156,14.241211483615519,-18.599237886948394,2.9583981417867435e-19
1787278717.316869,twist +Z,fast,1787278713.1305244,-249.01630081277244,-190.36623016029637,1349.7744567230102,14.277467262021208,-18.676222560957775,2.9634517255065724e-19
1787278717.3276002,twist +Z,fast,1787278713.1305244,-248.11380298400445,-189.70729207898705,1347.7455885294157,14.228046905922927,-18.608535223800303,2.9608706644718857e-19
1787278717.3390903,twist +Z,fast,1787278713.1305244,-248.51516425648742,-189.6481547757902,1349.5479626682982,14.223611608183194,-18.638637319236423,2.962767402681511e-19
1787278717.3501134,twist +Z,fast,1787278713.1305244,-247.8290661988808,-188.3201137642228,1349.3230464457238,14.12400853231549,-18.587179964915904,2.9615587942191376e-19
1787278717.3612676,twist +Z,fast,1787278713.1305244,-248.0403344684296,-187.2355798744976,1352.4890158852586,14.042668490586241,-18.603025085132003,2.96738213808092e-19
1787278717.3724413,twist +Z,fast,1787278713.1305244,-247.29457767739905,-187.85811188029322,1350.754721818831,14.089358391020799,-18.547093325804966,2.967955389622824e-19
1787278717.3834083,twist +Z,fast,1787278713.1305244,-246.42167077516888,-187.8662673826251,1344.0932241228993,14.089970053695655,-18.481625308137623,2.963018952596043e-19
1787278717.3945143,twist +Z,fast,1787278713.1305244,-246.8730860292394,-188.4340239928207,1345.2329290501084,14.132551799460462,-18.515481452192766,2.9594029273848925e-19
1787278717.4056754,twist +Z,fast,1787278713.1305244,-248.04349106214113,-187.82259490740228,1347.0826763770247,14.086694618054242,-18.603261829660546,2.9571067697233804e-19
1787278717.4166243,twist +Z,fast,1787278713.1305244,-246.88244612202425,-186.9144010946187,1347.4853897197327,14.018580082095315,-18.516183459151883,2.9599967874840876e-19
1787278717.4276776,twist +Z,fast,1787278713.1305244,-246.20173309533993,-185.96893545636397,1347.4921102007074,13.947670159226195,-18.46512998215026,2.960903119524126e-19
1787278717.4389765,twist +Z,fast,1787278713.1305244,-245.37052343795904,-186.70468318563155,1347.3934472752053,14.002851238921085,-18.4027892578466,2.961578719570116e-19
1787278717.450149,twist +Z,fast,1787278713.1305244,-247.72431548783197,-188.5228132539072,1353.0542691940236,14.13921099404175,-18.579323661587196,2.9639935250494617e-19
1787278717.4612885,twist +Z,fast,1787278713.1305244,-247.60638818124198,-189.6559948438047,1350.5066473006418,14.224199613284288,-18.57047911359306,2.9636385739025795e-19
1787278717.4723635,twist +Z,fast,1787278713.1305244,-248.1134634683217,-189.11747726044098,1348.9760848270244,14.183810794531755,-18.60850976012383,2.9630815174839705e-19
1787278717.4832873,twist +Z,fast,1787278713.1305244,-247.79008391440811,-188.36206932773337,1346.8291927645232,14.127155199578898,-18.584256293580587,2.9604032768502764e-19
1787278717.4945421,twist +Z,fast,1787278713.1305244,-248.84987163545384,-188.23910674999968,1348.1191829124664,14.11793300624888,-18.663740372659063,2.961300558332731e-19
1787278717.5056453,twist +Z,fast,1787278713.1305244,-248.32312454098746,-187.9263249240829,1347.6285211209624,14.094474369305036,-18.624234340573864,2.961258324998483e-19
1787278717.516654,twist +Z,fast,1787278713.1305244,-248.23773247344297,-188.32007030001307,1347.4485952144869,14.12400527249996,-18.617829935508148,2.960611731914043e-19
1787278717.5277174,twist +Z,fast,1787278713.1305244,-247.66898956971772,-187.67744232884672,1347.8906065486726,14.075808174662317,-18.575174217728673,2.96042880575387e-19
1787278717.5389602,twist +Z,fast,1787278713.1305244,-247.75994953103373,-188.238141352757,1348.975891900759,14.11786060145555,-18.581996214827292,2.958030378300686e-19
1787278717.549929,twist +Z,fast,1787278713.1305244,-246.70613849198207,-187.03884044343874,1347.6886287856878,14.027913033256727,-18.502960386898415,2.956981445930306e-19
1787278717.5612092,twist +Z,fast,1787278713.1305244,-246.77496956076402,-187.80320841527976,1348.6745291892103,14.085240631144973,-18.508122717057077,2.959372538589504e-19
1787278717.5722818,twist +Z,fast,1787278713.1305244,-246.5935572604617,-187.56050775347455,1349.1451975871396,14.06703808150954,-18.494516794534313,2.9627596375786676e-19
1787278717.583092,twist +Z,fast,1787278713.1305244,-247.66994189356637,-189.2322782742791,1354.0561032727064,14.192420870570007,-18.57524564201706,2.966282503148704e-19
1787278717.59437,twist +Z,fast,1787278713.1305244,-248.40825831656048,-189.7353159771311,1354.5040834923338,14.230148698283731,-18.630619373741872,2.9670857876912304e-19
1787278717.605522,twist +Z,fast,1787278713.1305244,-249.15466575927667,-189.0520895225851,1353.742408887495,14.178906714192923,-18.68659993194573,2.9673141099934927e-19
1787278717.6163337,twist +Z,fast,1787278713.1305244,-249.60007511456251,-189.2131862797886,1352.1993171809418,14.190988970983003,-18.72000563359201,2.9702360031858864e-19
1787278717.6276522,twist +Z,fast,1787278713.1305244,-250.83926835019565,-189.59696777873353,1359.5295435770013,14.21977258340404,-18.812945126264694,2.9755673191034033e-19
1787278717.6388361,twist +Z,fast,1787278713.1305244,-249.62212536034394,-189.9726061909049,1358.4306638170137,14.24794546431686,-18.721659402025537,2.972774114736937e-19
1787278717.6498606,twist +Z,fast,1787278713.1305244,-248.94743203272856,-188.41952115907054,1359.2584902005883,14.131464086929103,-18.671057402454338,2.9715893330742805e-19
1787278717.6610012,twist +Z,fast,1787278713.1305244,-247.66923888257634,-187.6670806378753,1352.189247647054,14.075031047839477,-18.57519291619291,2.965550805411762e-19
1787278717.6721637,twist +Z,fast,1787278713.1305244,-247.6367588962171,-187.72866606632795,1350.7177376462014,14.079649954973508,-18.572756917216132,2.9648440416309648e-19
1787278717.682933,twist +Z,fast,1787278713.1305244,-248.31793175947814,-187.86441802224988,1348.9653561867317,14.089831351667545,-18.623844881960657,2.963018243739175e-19
1787278717.6943629,twist +Z,fast,1787278713.1305244,-248.53742247366654,-188.590593967887,1346.6413555553509,14.144294547590295,-18.640306685524806,2.962448190826766e-19
1787278717.7053883,twist +Z,fast,1787278713.1305244,-249.33761601964534,-189.00617599868553,1349.6434273812602,14.175463199900268,-18.700321201473166,2.967875260179744e-19
1787278717.716325,twist +Z,fast,1787278713.1305244,-249.3906213467303,-188.98951915113173,1350.3538221354474,14.17421393633386,-18.704296601004742,2.9717487325949395e-19
1787278717.727517,twist +Z,fast,1787278713.1305244,-248.4402974375139,-187.3790740415244,1349.2107706836678,14.053430553113234,-18.6330223078132,2.970146606331601e-19
1787278717.7385585,twist +Z,fast,1787278713.1305244,-249.12918521934944,-187.37794403947862,1351.9679425029726,14.0533458029598,-18.68468889145121,2.9717990220753996e-19
1787278717.7495081,twist +Z,fast,1787278713.1305244,-249.24225696937674,-188.2221583759125,1354.7817103227108,14.116661878192378,-18.69316927270321,2.973824991275529e-19
1787278717.760917,twist +Z,fast,1787278713.1305244,-250.03441214131954,-187.85735850218282,1359.7398046829558,14.089301887662703,-18.75258091059898,2.978193317499103e-19
1787278717.7720728,twist +Z,fast,1787278713.1305244,-248.83098622930402,-186.676270461959,1357.3808687649152,14.00072028464577,-18.662323967197644,2.974438445032978e-19
1787278717.783047,twist +Z,fast,1787278713.1305244,-247.32304968931885,-184.98769617180858,1351.8322247236874,13.874077212884405,-18.549228726698757,2.9651136925564407e-19
1787278717.7942133,twist +Z,fast,1787278713.1305244,-247.48926777238967,-185.78622068872812,1349.216809745959,13.93396655165316,-18.56169508292909,2.963012549523683e-19
1787278717.805351,twist +Z,fast,1787278713.1305244,-248.73817367300353,-185.61400089157848,1348.0548302756642,13.921050066867313,-18.655363025474983,2.962907146178329e-19
1787278717.816271,twist +Z,fast,1787278713.1305244,-248.63272231492329,-185.3942191887478,1346.9151673485585,13.904566439154909,-18.647454173618954,2.964003607451862e-19
1787278717.8273797,twist +Z,fast,1787278713.1305244,-247.15228844936382,-185.138061675735,1343.2732736750977,13.885354625679017,-18.53642163370224,2.9624959728879634e-19
1787278717.8385577,twist +Z,fast,1787278713.1305244,-246.661656417808,-185.54240767819203,1343.8568583984552,13.915680575863181,-18.499624231335495,2.9610522092195383e-19
1787278717.8494232,twist +Z,fast,1787278713.1305244,-247.28159998310048,-186.9843994960362,1349.9750971060466,14.023829962201805,-18.546119998732436,2.964214655797187e-19
1787278717.8606827,twist +Z,fast,1787278713.1305244,-247.83351807865483,-188.4487896924146,1347.7166289043644,14.133659226929826,-18.587513855898855,2.9605902733517427e-19
1787278717.871828,twist +Z,fast,1787278713.1305244,-246.6546392846535,-187.47296317981807,1346.8028588077132,14.060472238485335,-18.499097946348776,2.9592146072433115e-19
1787278717.882559,twist +Z,fast,1787278713.1305244,-247.40668997527746,-187.44481823604917,1345.508808935153,14.058361367702663,-18.55550174814541,2.958720388407562e-19
1787278717.893835,twist +Z,fast,1787278713.1305244,-249.14027927104553,-187.6597497660713,1354.0621583500479,14.074481232454364,-18.685520945328086,2.96985413408845e-19
1787278717.9050207,twist +Z,fast,1787278713.1305244,-249.6523595532749,-189.70059053863872,1353.7199387920618,14.227544290396612,-18.72392696649552,2.9755676051952256e-19
1787278717.916208,twist +Z,fast,1787278713.1305244,-249.44320012780054,-189.14600687407608,1350.5503843133838,14.185950515554456,-18.708240009584586,2.972089293643034e-19
1787278717.9273753,twist +Z,fast,1787278713.1305244,-246.8404477765448,-186.77770956617894,1342.5658973463005,14.008328217462097,-18.513033583240748,2.9619239363083333e-19
1787278717.9382756,twist +Z,fast,1787278713.1305244,-248.17792086169857,-186.42464832824623,1344.4907813608088,13.981848624617346,-18.613344064627327,2.9583525198360454e-19
1787278717.949426,twist +Z,fast,1787278713.1305244,-247.19838930798733,-186.31966586461033,1346.967283049723,13.973974939844627,-18.539879198098888,2.961430890040986e-19
1787278717.960665,twist +Z,fast,1787278713.1305244,-248.9938334891226,-187.5982637519354,1353.5709005424224,14.06986978139415,-18.674537511684022,2.9672745465623606e-19
1787278717.9718227,twist +Z,fast,1787278713.1305244,-248.28796058779017,-187.19398406316543,1354.6341944214046,14.039548804736231,-18.621597044084112,2.968769889439746e-19
1787278717.9826796,twist +Z,fast,1787278713.1305244,-248.9927931311945,-187.54336719502237,1355.4712613455167,14.06575253962561,-18.67445948483949,2.9696262453278575e-19
1787278717.994022,twist +Z,fast,1787278713.1305244,-248.9631695076082,-187.76820118308171,1355.6662949578067,14.082615088729728,-18.67223771307046,2.973127776356846e-19
1787278718.0052383,twist +Z,fast,1787278713.1305244,-249.11120395149783,-187.2752436798172,1355.6850625525958,14.045643275984876,-18.68334029636211,2.973763394844434e-19
1787278718.015947,twist +Z,fast,1787278713.1305244,-250.51237911510952,-187.18581637466025,1358.080781790307,14.038936228098454,-18.788428433632916,2.9780885001947737e-19
1787278718.0272546,twist +Z,fast,1787278713.1305244,-250.79767333268546,-186.8760861763302,1358.074627833258,14.015706463223527,-18.809825499951536,2.973403899296303e-19
1787278718.0383856,twist +Z,fast,1787278713.1305244,-250.90068983125138,-187.63902330462167,1359.230568658616,14.072926747845433,-18.817551737343685,2.9746541026241575e-19
1787278718.049434,twist +Z,fast,1787278713.1305244,-249.27134523867198,-188.29353960023934,1352.92643906369,14.122015470016738,-18.695350892900045,2.968519711209785e-19
1787278718.0606215,twist +Z,fast,1787278713.1305244,-247.34628788084274,-187.68512010082884,1347.1804258375878,14.076384007560822,-18.550971591063117,2.9642059160431425e-19
1787278718.071762,twist +Z,fast,1787278713.1305244,-247.02628227285686,-189.38599163509446,1342.9372469275122,14.203949372630834,-18.52697117046418,2.9627093330693384e-19
1787278718.082709,twist +Z,fast,1787278713.1305244,-247.6823529348644,-188.93838678877853,1347.7919699019722,14.170379009157305,-18.57617647011491,2.967281145680613e-19
1787278718.0938103,twist +Z,fast,1787278713.1305244,-248.75275415898295,-189.786612353436,1352.9496604484275,14.233995926506427,-18.656456561923797,2.971753260543289e-19
1787278718.105067,twist +Z,fast,1787278713.1305244,-249.0669255614971,-187.9306186813402,1357.3910968858663,14.094796401099533,-18.680019417112035,2.975236368656852e-19
1787278718.1158729,twist +Z,fast,1787278713.1305244,-247.64853509797967,-186.98395071843095,1351.9440885156664,14.023796303881102,-18.57364013234819,2.966259271736503e-19
1787278718.1273005,twist +Z,fast,1787278713.1305244,-246.9945832387134,-186.03637208633552,1349.3044505501357,13.9527279064739,-18.524593742903114,2.9675545470594894e-19
1787278718.1401865,twist +Z,fast,1787278713.1305244,-246.32082628369653,-186.04424884855132,1346.9198592548828,13.95331866364025,-18.474061971277045,2.962931032302965e-19
1787278718.1490307,twist +Z,fast,1787278713.1305244,-247.1586083389252,-187.61149163888274,1350.906444442996,14.070861872914978,-18.536895625419156,2.967699680574489e-19
1787278718.1604242,twist +Z,fast,1787278713.1305244,-248.82757388765776,-189.20005936081213,1354.3766644157886,14.190004452059771,-18.662068041574308,2.9691178869021174e-19
1787278718.173734,twist +Z,fast,1787278713.1305244,-249.7780762054913,-189.75071002835978,1354.7383348081303,14.23130325212593,-18.73335571541154,2.9703461752280703e-19
1787278718.182543,twist +Z,fast,1787278713.1305244,-250.14154263878527,-188.66137978180802,1354.8477258497287,14.149603483634397,-18.760615697908477,2.9700344561043516e-19
1787278718.193864,twist +Z,fast,1787278713.1305244,-248.06556226260045,-188.1459704031132,1352.4023934258012,14.110947780232554,-18.604917169694758,2.9667789836840786e-19
1787278718.2069209,twist +Z,fast,1787278713.1305244,-247.17590063611215,-186.4454049446539,1351.2734492703048,13.983405370848121,-18.53819254770808,2.9634388764961657e-19
1787278718.2158983,twist +Z,fast,1787278713.1305244,-247.83521437184436,-186.67136396848025,1352.6251393264674,14.000352297634922,-18.587641077888307,2.964477255130043e-19
1787278718.2271495,twist +Z,fast,1787278713.1305244,-247.77232853080432,-185.66457704988954,1352.1459230255305,13.924843278740486,-18.58292463981003,2.9656287867977443e-19
1787278718.2396915,twist +Z,fast,1787278713.1305244,-247.15880866458838,-185.5372129718454,1351.3584678514808,13.915290972887053,-18.536910649843776,2.9681697890363477e-19
1787278718.2493386,twist +Z,fast,1787278713.1305244,-247.0981193432458,-185.73123646224406,1350.8578041169812,13.92984273466698,-18.532358950743074,2.971667434663332e-19
1787278718.2604377,twist +Z,fast,1787278713.1305244,-248.9202548584949,-185.96733367111312,1351.8124926306346,13.947550025332479,-18.669019114386934,2.971200611474164e-19
1787278718.2736526,twist +Z,fast,1787278713.1305244,-250.15482645784095,-186.69940859216638,1354.7291325048964,14.002455644411246,-18.761611984337897,2.971375056719393e-19
1787278718.2824183,twist +Z,fast,1787278713.1305244,-249.3734584481449,-186.05231403688515,1352.4855210098785,13.953923552765293,-18.7030093836106,2.968588847472239e-19
1787278718.2936683,twist +Z,fast,1787278713.1305244,-248.85823446462337,-186.61263929846712,1355.4606599824829,13.995947947383772,-18.664367584846573,2.971727345884055e-19
1787278718.3053634,twist +Z,fast,1787278713.1305244,-247.3684998745971,-187.58254071899034,1350.6269968603347,14.068690553923208,-18.552637490594847,2.9699289634271523e-19
1787278718.3159094,twist +Z,fast,1787278713.1305244,-246.28304830114348,-186.97305836514613,1350.7281436890562,14.022979377384875,-18.471228622585592,2.972507855948542e-19
1787278718.3269494,twist +Z,fast,1787278713.1305244,-245.4743612364341,-187.41128975054573,1346.9140197628594,14.05584673128978,-18.41057709273246,2.96934295185995e-19
1787278718.3382978,twist +Z,fast,1787278713.1305244,-246.89919332664476,-187.5039780538333,1350.6837293177532,14.062798354036364,-18.517439499498003,2.9728805006311797e-19
1787278718.349017,twist +Z,fast,1787278713.1305244,-246.53622486972245,-189.635275590182,1346.333163407936,14.222645669262423,-18.490216865229165,2.965335667329716e-19
1787278718.360189,twist +Z,fast,1787278713.1305244,-246.48600135055813,-189.37129649266,1344.1203594234912,14.202847236948163,-18.486450101291567,2.961178539053974e-19
1787278718.3717082,twist +Z,fast,1787278713.1305244,-245.73121003858478,-187.53991299976963,1344.9585428549117,14.065493474981512,-18.42984075289347,2.958756593125249e-19
1787278718.3821814,twist +Z,fast,1787278713.1305244,-245.97810077216263,-185.32493138204643,1346.892086660534,13.899369853652392,-18.448357557912082,2.9596153580666027e-19
1787278718.3933122,twist +Z,fast,1787278713.1305244,-247.1825379411789,-185.44848821374774,1350.3355226245303,13.908636616030027,-18.538690345588307,2.966257207163463e-19
1787278718.4045882,twist +Z,fast,1787278713.1305244,-247.9384561065176,-185.8969438868868,1349.9596564441226,13.942270791515273,-18.595384207988722,2.9676357346597875e-19
1787278718.4156604,twist +Z,fast,1787278713.1305244,-248.33444375715726,-186.73723677243868,1349.070558192764,14.005292757931816,-18.625083281786473,2.973394255263505e-19
1787278718.426825,twist +Z,fast,1787278713.1305244,-248.33998361383465,-185.9378769986123,1350.0829655638581,13.945340774894877,-18.62549877103735,2.972399685902506e-19
1787278718.4382825,twist +Z,fast,1787278713.1305244,-248.2166435368431,-186.62795737622093,1348.9526174807406,13.997096803215303,-18.616248265263145,2.972399708533373e-19
1787278718.4490545,twist +Z,fast,1787278713.1305244,-247.9046560064903,-186.636289213032,1351.1103878639924,13.997721690976181,-18.59284920048627,2.967114983394267e-19
1787278718.4602544,twist +Z,fast,1787278713.1305244,-247.20054556713194,-187.1310008027723,1351.3821491479966,14.034825060206618,-18.540040917534732,2.967437855113307e-19
1787278718.4714482,twist +Z,fast,1787278713.1305244,-246.45971646746648,-187.1118386443908,1350.96503326332,14.033387898328275,-18.484478735059568,2.9646348942895613e-19
1787278718.4823303,twist +Z,fast,1787278713.1305244,-246.81063122823298,-186.9527890564906,1350.6986859492727,14.02145917923578,-18.51079734211713,2.9669453058953675e-19
1787278718.4936218,twist +Z,fast,1787278713.1305244,-246.2728922882302,-185.34768366944547,1346.121485872006,13.901076275207306,-18.470466921617067,2.9621581192159826e-19
1787278718.5045855,twist +Z,fast,1787278713.1305244,-246.84956978650325,-185.20555626704493,1347.6472872082986,13.890416720027108,-18.513717733987512,2.9631034470542016e-19
1787278718.5157359,twist +Z,fast,1787278713.1305244,-247.2378047678444,-185.98562198897582,1344.6665087992778,13.948921649171798,-18.542835357588153,2.9637697150333607e-19
1787278718.5267866,twist +Z,fast,1787278713.1305244,-248.99727220339219,-187.45604439254964,1350.8500609554694,14.05920332944017,-18.6747954152543,2.968864847466556e-19
1787278718.537994,twist +Z,fast,1787278713.1305244,-248.59567846627624,-186.26376103395944,1349.781695024326,13.969782077546004,-18.644675884970532,2.969719539044089e-19
1787278718.548804,twist +Z,fast,1787278713.1305244,-247.11612661983645,-184.61157264093606,1351.7464618050335,13.845867948069102,-18.53370949648771,2.9671325271673663e-19
1787278718.5601141,twist +Z,fast,1787278713.1305244,-245.44612830747747,-184.58278875882309,1342.6966493561276,13.843709156910496,-18.408459623060537,2.962815199899359e-19
1787278718.5716572,twist +Z,fast,1787278713.1305244,-245.82444815183817,-186.03220638573168,1342.7029692492624,13.95241547892859,-18.43683361138772,2.9651853644617553e-19
1787278718.582237,twist +Z,fast,1787278713.1305244,-245.63798824450487,-186.50910473267538,1340.2389044343627,13.988182854949518,-18.422849118337645,2.9631834640212626e-19
1787278718.593411,twist +Z,fast,1787278713.1305244,-247.37471307068017,-186.34556501980694,1349.075349550164,13.975917376484535,-18.553103480300827,2.967210597047582e-19
1787278718.6045394,twist +Z,fast,1787278713.1305244,-247.76481978351376,-186.07643126882806,1351.5336771225639,13.955732345160914,-18.582361483763442,2.9664211028063654e-19
1787278718.615459,twist +Z,fast,1787278713.1305244,-248.8621312424034,-186.90795718437437,1355.1885914054556,14.018096788827012,-18.664659843180296,2.9714790694476565e-19
1787278718.6265833,twist +Z,fast,1787278713.1305244,-247.81971421135904,-186.28793391451325,1352.2800881576723,13.971595043587104,-18.586478565851664,2.970225649025126e-19
1787278718.6378992,twist +Z,fast,1787278713.1305244,-246.61677075551825,-185.19718643697308,1350.4097958744087,13.889788982771837,-18.49625780666362,2.9707454483968977e-19
1787278718.6488295,twist +Z,fast,1787278713.1305244,-245.211316884815,-183.0759484655988,1345.0427433866198,13.730696134918748,-18.390848766360783,2.963922346491128e-19
1787278718.6600509,twist +Z,fast,1787278713.1305244,-245.17143724559855,-182.89744854838625,1343.6806487341664,13.717308641127946,-18.38785779341986,2.963089233258242e-19
1787278718.6711948,twist +Z,fast,1787278713.1305244,-245.32394488571072,-183.897992027437,1341.8268632550944,13.792349402056391,-18.39929586642814,2.9612161790623123e-19
1787278718.6820695,twist +Z,fast,1787278713.1305244,-247.56814965495641,-185.62764246354743,1345.2806402242377,13.922073184764589,-18.567611224121663,2.967022168662968e-19
1787278718.693362,twist +Z,fast,1787278713.1305244,-246.5530821063162,-185.71832221358397,1341.6407701565486,13.928874166017525,-18.491481157973517,2.966990682138562e-19
1787278718.704467,twist +Z,fast,1787278713.1305244,-248.22400844521007,-186.3834355754376,1346.873829956895,13.978757668156579,-18.61680063339066,2.975492299693941e-19
1787278718.7155113,twist +Z,fast,1787278713.1305244,-246.65466097551825,-186.28463975758189,1343.172262074143,13.971347981817647,-18.499099573163818,2.970969200982155e-19
1787278718.7265615,twist +Z,fast,1787278713.1305244,-248.98258284128815,-187.4726858551452,1355.1783218198734,14.060451439134813,-18.673693713096483,2.9755292730470236e-19
1787278718.7378185,twist +Z,fast,1787278713.1305244,-247.68943028830972,-185.88970996583964,1350.7765036329629,13.941728247436888,-18.57670727162286,2.9664490848730323e-19
1787278718.7488296,twist +Z,fast,1787278713.1305244,-248.2731692790544,-186.0875172031773,1353.5031012886711,13.956563790237201,-18.62048769592871,2.9690928008477914e-19
1787278718.7600255,twist +Z,fast,1787278713.1305244,-246.6607917049464,-185.3294342749026,1345.3472282040757,13.899707570616673,-18.499559377870625,2.9608148086228094e-19
1787278718.7709692,twist +Z,fast,1787278713.1305244,-246.82514462279005,-186.00620454870193,1345.8950013904932,13.950465341151588,-18.511885846708942,2.9629163259151988e-19
1787278718.782061,twist +Z,fast,1787278713.1305244,-246.86319006489384,-185.52305886283204,1348.6987157266967,13.914229414711489,-18.51473925486703,2.962827653541368e-19
1787278718.7932746,twist +Z,fast,1787278713.1305244,-247.57963159027668,-186.1293680701648,1348.8834657053712,13.959702605261217,-18.56847236927038,2.9680350167617444e-19
1787278718.8042853,twist +Z,fast,1787278713.1305244,-247.79147058607168,-187.15704207221313,1349.2012041796797,14.036778155414911,-18.58436029395508,2.9689406835368346e-19
1787278718.8153198,twist +Z,fast,1787278713.1305244,-247.93394796907296,-186.82970069037503,1349.052873746613,14.012227551776991,-18.59504609768026,2.97268015523539e-19
1787278718.8265102,twist +Z,fast,1787278713.1305244,-246.99095617462672,-186.84259253044422,1346.1354056453902,14.013194439781916,-18.524321713096874,2.9672825895563877e-19
1787278718.8376844,twist +Z,fast,1787278713.1305244,-246.64409290647973,-185.8103472699612,1341.1946995010558,13.935776045245735,-18.498306967985613,2.961339116545575e-19
1787278718.848803,twist +Z,fast,1787278713.1305244,-246.62740424032336,-185.88812988978532,1339.0064384468342,13.941609741732567,-18.497055318023904,2.9561702776957477e-19
1787278718.859853,twist +Z,fast,1787278713.1305244,-246.3390967066648,-186.0005666661342,1339.178604391299,13.950042499958872,-18.47543225299976,2.9575757552489205e-19
1787278718.8708587,twist +Z,fast,1787278713.1305244,-245.22592019005197,-186.19683902956706,1341.039100278197,13.964762927216388,-18.391944014253646,2.9601381875132353e-19
1787278718.8820727,twist +Z,fast,1787278713.1305244,-245.84349341502684,-186.84347211054353,1341.7701979870972,14.0132604082898,-18.438262006126834,2.9614269676957205e-19
1787278718.8932166,twist +Z,fast,1787278713.1305244,-245.99556091815566,-185.7167278263263,1344.271256819492,13.928754586973074,-18.449667068861217,2.9666038303503463e-19
1787278718.904321,twist +Z,fast,1787278713.1305244,-247.47746069802952,-186.04206483148403,1348.0424153338618,13.953154862360126,-18.560809552351834,2.9678306462838324e-19
1787278718.9151444,twist +Z,fast,1787278713.1305244,-247.3640310487458,-185.5129447674068,1350.3853335654758,13.913470857554405,-18.552302328655657,2.9691505397903207e-19
1787278718.9264054,twist +Z,fast,1787278713.1305244,-247.0546777492841,-186.1411345318494,1349.3138361015563,13.960585089887847,-18.529100831196338,2.965347248104598e-19
1787278718.9375465,twist +Z,fast,1787278713.1305244,-247.0023091779026,-186.4944697837392,1349.273911345329,13.98708523377947,-18.5251731883427,2.9665951228834388e-19
1787278718.94861,twist +Z,fast,1787278713.1305244,-247.11988815032555,-187.54983042318338,1347.2912223343928,14.066237281737603,-18.53399161127406,2.9682942337232607e-19
1787278718.9597166,twist +Z,fast,1787278713.1305244,-247.84871285323834,-185.97045259145705,1349.110823420323,13.947783944358054,-18.588653463992465,2.9676087078916667e-19
1787278718.9708204,twist +Z,fast,1787278713.1305244,-247.78171949571924,-184.42928809770285,1350.818920662211,13.832196607326285,-18.58362896217846,2.965729269086815e-19
1787278718.9818661,twist +Z,fast,1787278713.1305244,-246.93827358107728,-183.4497260489071,1349.276825419628,13.758729453667105,-18.52037051858064,2.9613640881389164e-19
1787278718.993103,twist +Z,fast,1787278713.1305244,-247.5235441733953,-185.1090381722728,1350.2461830779512,13.8831778629195,-18.56426581300429,2.9662282015699167e-19
1787278719.0041015,twist +Z,fast,1787278713.1305244,-246.93748492900022,-186.15271385633162,1346.479054079241,13.961453539223672,-18.52031136967473,2.9674175232364754e-19
1787278719.0153868,twist +Z,fast,1787278713.1305244,-247.00779739499967,-187.47595975448883,1344.7260921973493,14.060696981585526,-18.52558480462482,2.9717520308105494e-19
1787278719.0263019,twist +Z,fast,1787278713.1305244,-246.35577196680015,-187.70474272111176,1342.800579895119,14.077855704082214,-18.476682897509768,2.9674967748468573e-19
1787278719.0375068,twist +Z,fast,1787278713.1305244,-246.62727358864913,-188.07805472601865,1342.011382953514,14.10585410445032,-18.497045519148557,2.964788417897498e-19
1787278719.0484254,twist +Z,fast,1787278713.1305244,-247.2553453700807,-187.2481848493161,1343.166727621182,14.043613863697377,-18.54415090275608,2.9615683095768176e-19
1787278719.0597224,twist +Z,fast,1787278713.1305244,-247.90139501583826,-187.63070057505217,1344.5519837195743,14.072302543127694,-18.592604626187587,2.9612315164471306e-19
1787278719.0707848,twist +Z,fast,1787278713.1305244,-248.0232031706605,-187.02214767412386,1345.1482030668221,14.02666107555807,-18.6017402377991,2.959968931396102e-19
1787278719.0819051,twist +Z,fast,1787278713.1305244,-247.06375031422203,-186.07917968365348,1347.2273166319474,13.955938476272738,-18.5297812735664,2.962673988290026e-19
1787278719.092958,twist +Z,fast,1787278713.1305244,-246.53791814705664,-185.94410874710786,1347.6875589384026,13.94580815603182,-18.490343861028997,2.96573996690476e-19
1787278719.104123,twist +Z,fast,1787278713.1305244,-246.2345302341605,-186.6044332984162,1350.2572981641997,13.99533249738008,-18.46758976756199,2.970494619421199e-19
1787278719.1151392,twist +Z,fast,1787278713.1305244,-246.5740585073686,-185.98220888379126,1347.968527759659,13.948665666283478,-18.49305438805232,2.9645303332248877e-19
1787278719.1263454,twist +Z,fast,1787278713.1305244,-245.4484585404639,-183.96954270641834,1346.9285181288442,13.797715702980273,-18.408634390534388,2.959262191131275e-19
1787278719.1374428,twist +Z,fast,1787278713.1305244,-245.36234575771005,-184.12641875648922,1342.803218503991,13.809481406735575,-18.40217593182802,2.9562749340464255e-19
1787278719.148415,twist +Z,fast,1787278713.1305244,-245.18549571493577,-184.30109668642797,1342.8967910810288,13.822582251480956,-18.388912178619954,2.956596145924344e-19
1787278719.1595514,twist +Z,fast,1787278713.1305244,-246.51717338442586,-186.57391274635063,1339.9953383718484,13.993043455975187,-18.488788003831743,2.9607322992410267e-19
1787278719.1704254,twist +Z,fast,1787278713.1305244,-246.0384829085874,-185.45635135146915,1339.2711311052744,13.909226351358999,-18.452886218143888,2.960508220474847e-19
1787278719.1815434,twist +Z,fast,1787278713.1305244,-248.85713522761807,-187.58846345847803,1346.0680961604057,14.069134759384756,-18.664285142071343,2.9680471312325006e-19
1787278719.192921,twist +Z,fast,1787278713.1305244,-248.59738326228717,-186.38625213347893,1351.164629882628,13.978968910009915,-18.64480374467137,2.970874808924512e-19
1787278719.203716,twist +Z,fast,1787278713.1305244,-247.75584108620978,-186.10789024660642,1351.2202645310163,13.95809176849433,-18.581688081465472,2.973410702597769e-19
1787278719.214945,twist +Z,fast,1787278713.1305244,-246.56585213296194,-185.01747091152595,1352.8826256369803,13.876310318363156,-18.49243890997201,2.9737724310159953e-19
1787278719.226296,twist +Z,fast,1787278713.1305244,-245.2726632233066,-184.70626051882698,1343.0613112112342,13.852969538910944,-18.39544974174813,2.9643802683502515e-19
1787278719.2372687,twist +Z,fast,1787278713.1305244,-246.68095930887694,-183.78384691145095,1341.1230008913144,13.783788518357785,-18.501071948165574,2.9583458917979753e-19
1787278719.248333,twist +Z,fast,1787278713.1305244,-246.02571695458892,-182.7208844093426,1338.7177409057049,13.704066330699607,-18.451928771594048,2.9581515992690067e-19
1787278719.2594573,twist +Z,fast,1787278713.1305244,-247.08028485241312,-184.35407482736457,1343.144227779555,13.826555612051127,-18.53102136393077,2.9634794414552037e-19
1787278719.27064,twist +Z,fast,1787278713.1305244,-246.8830076280624,-185.52294693229112,1349.4691369147358,13.914221019920664,-18.51622557210451,2.968954142649471e-19
1787278719.2816544,twist +Z,fast,1787278713.1305244,-246.06386697647895,-186.41432055357757,1344.572851078291,13.981074041517036,-18.454790023235724,2.9662316867328924e-19
1787278719.2928324,twist +Z,fast,1787278713.1305244,-244.9316878880586,-183.65014578679768,1345.6743584062397,13.773760934008795,-18.369876591604196,2.965969911227003e-19
1787278719.3038352,twist +Z,fast,1787278713.1305244,-245.98084015892573,-184.39332682354564,1345.968940432952,13.829499511764741,-18.448563011919177,2.966073018570525e-19
1787278719.3149724,twist +Z,fast,1787278713.1305244,-246.64206623486325,-184.4317353081625,1347.174209732334,13.83238014811106,-18.498154967614568,2.968475946977785e-19
1787278719.326166,twist +Z,fast,1787278713.1305244,-247.31470093978123,-185.27914541478924,1350.51514838604,13.895935906107812,-18.54860257048336,2.9697178109831645e-19
1787278719.3372042,twist +Z,fast,1787278713.1305244,-246.79774366766424,-184.3828466607673,1352.1189810926708,13.82871349955646,-18.509830775074605,2.9726177375890806e-19
1787278719.3483007,twist +Z,fast,1787278713.1305244,-247.6549776625784,-183.3510124114972,1361.74806581756,13.751325930861203,-18.574123324693282,2.9730771400476995e-19
1787278719.3595233,twist +Z,fast,1787278713.1305244,-248.20559431430274,-184.60865515164903,1360.3865681475481,13.845649136372632,-18.615419573572225,2.9723418437034113e-19
1787278719.3702006,twist +Z,fast,1787278713.1305244,-247.95023630996593,-184.8831568624188,1358.5626761586182,13.866236764680526,-18.59626772324706,2.96638013147005e-19
1787278719.381534,twist +Z,fast,1787278713.1305244,-247.41489687955482,-184.6749522094866,1351.3728068917962,13.850621415710297,-18.556117265966463,2.96067038175009e-19
1787278719.3927696,twist +Z,fast,1787278713.1305244,-247.2470840086712,-183.91030510714484,1349.832891263407,13.793272883034835,-18.543531300650187,2.960599806252079e-19
1787278719.4038365,twist +Z,fast,1787278713.1305244,-247.8110200836104,-184.0863648665362,1351.644767439423,13.806477364988968,-18.58582650627055,2.9650400099865524e-19
1787278719.4148512,twist +Z,fast,1787278713.1305244,-247.50426513075536,-184.41133733203048,1354.334526499958,13.830850299901076,-18.562819884806324,2.9709580512098755e-19
1787278719.4260035,twist +Z,fast,1787278713.1305244,-247.31568427010143,-185.84235186257013,1354.7631611398838,13.938176389691765,-18.54867632025754,2.9721274635107707e-19
1787278719.4370494,twist +Z,fast,1787278713.1305244,-246.66903452161432,-184.74204728723873,1349.5735301742288,13.855653546541777,-18.50017758912079,2.9694186444666475e-19
1787278719.4482796,twist +Z,fast,1787278713.1305244,-246.09739528768432,-184.2820721930824,1346.921384886503,13.82115541447995,-18.457304646576254,2.964950408788178e-19
1787278719.459235,twist +Z,fast,1787278713.1305244,-245.71107939345848,-182.74344117832118,1344.0913001204872,13.70575808837292,-18.42833095450907,2.9590000966133214e-19
1787278719.4702942,twist +Z,fast,1787278713.1305244,-245.75429828398637,-185.00739426500274,1346.1233704657598,13.875554569874101,-18.431572371298827,2.9609411297061026e-19
1787278719.481206,twist +Z,fast,1787278713.1305244,-247.50165299815262,-187.83418007308717,1345.801945152335,14.087563505480464,-18.562623974861502,2.9652648430288872e-19
1787278719.4925394,twist +Z,fast,1787278713.1305244,-247.97423486608614,-188.60550681861548,1346.188321611101,14.14541301139511,-18.598067614956186,2.9703791069857257e-19
1787278719.503556,twist +Z,fast,1787278713.1305244,-248.19286188096748,-186.3770872726551,1346.7069966576955,13.978281545448073,-18.61446464107234,2.969968522757088e-19
1787278719.514821,twist +Z,fast,1787278713.1305244,-246.04562207287427,-184.7351614019825,1342.0145768873963,13.85513710514731,-18.4534216554653,2.964171752434552e-19
1787278719.5259264,twist +Z,fast,1787278713.1305244,-246.51631304704233,-184.69806579030308,1348.6987321706665,13.852354934271549,-18.488723478527938,2.9667859058886866e-19
1787278719.5368738,twist +Z,fast,1787278713.1305244,-246.32641739397013,-186.45851413053026,1346.5503260841606,13.984388559788645,-18.474481304547666,2.9648801986585703e-19
1787278719.5481782,twist +Z,fast,1787278713.1305244,-246.2453021857159,-185.67643237584218,1348.2384663505009,13.925732428187079,-18.468397663928364,2.9644369199791807e-19
1787278719.5592768,twist +Z,fast,1787278713.1305244,-246.01404419793607,-185.56252404823488,1344.9405785110166,13.917189303616414,-18.451053314844913,2.96139676725713e-19
1787278719.5702848,twist +Z,fast,1787278713.1305244,-246.60817525405628,-185.56970273281593,1347.0936460322855,13.917727704960104,-18.495613144053955,2.963269603712953e-19
1787278719.5814245,twist +Z,fast,1787278713.1305244,-247.56585382074854,-186.07480930094755,1349.191184880311,13.955610697570027,-18.56743903655589,2.967760567143561e-19
1787278719.592514,twist +Z,fast,1787278713.1305244,-247.64738211974372,-186.65572380887977,1345.9679168806024,13.999179285664827,-18.573553658980522,2.9654200177819535e-19
1787278719.6035786,twist +Z,fast,1787278713.1305244,-246.84816554747204,-185.95106485900362,1345.1047895290803,13.946329864424346,-18.51361241606017,2.9659582964129906e-19
1787278719.614715,twist +Z,fast,1787278713.1305244,-246.70234479233886,-186.00612698859925,1344.8824295070672,13.95045952414387,-18.502675859425388,2.9658283363952133e-19
1787278719.6258836,twist +Z,fast,1787278713.1305244,-246.80565865217204,-185.34422363143074,1348.4870735166705,13.900816772356155,-18.51042439891274,2.968709173206518e-19
1787278719.636781,twist +Z,fast,1787278713.1305244,-247.29827874790544,-185.85011184766802,1352.6866608361133,13.938758388574062,-18.54737090609278,2.969043210811508e-19
1787278719.6479862,twist +Z,fast,1787278713.1305244,-249.07850955462027,-187.83372176316072,1361.2985024837008,14.087529132236032,-18.68088821659621,2.972454415455084e-19
1787278719.6591225,twist +Z,fast,1787278713.1305244,-251.53571898996097,-188.32290200171622,1367.3046213016505,14.124217650127566,-18.86517892424702,2.977527272611418e-19
1787278719.6700032,twist +Z,fast,1787278713.1305244,-251.62411227719576,-188.75848479072272,1365.3228236564019,14.15688635930309,-18.871808420789428,2.978341449684403e-19
1787278719.6812882,twist +Z,fast,1787278713.1305244,-251.2561446688983,-188.05884955327804,1363.080231731411,14.104413716494722,-18.844210850167187,2.9804710376056395e-19
1787278719.692509,twist +Z,fast,1787278713.1305244,-248.65305678537743,-187.53317345284643,1356.8383508036595,14.064988008962278,-18.648979258903083,2.9777651915486183e-19
1787278719.7032895,twist +Z,fast,1787278713.1305244,-248.8906034458273,-187.6979952888929,1357.8559363918912,14.07734964666594,-18.666795258436785,2.9810342175531233e-19
1787278719.714537,twist +Z,fast,1787278713.1305244,-247.21969720145762,-187.58018417907795,1350.9496790794665,14.068513813429536,-18.541477290109178,2.970442033142589e-19
1787278719.7257044,twist +Z,fast,1787278713.1305244,-247.72834143178852,-188.52886164891254,1351.024795425602,14.139664623667361,-18.579625607384216,2.96964762746248e-19
1787278719.7366087,twist +Z,fast,1787278713.1305244,-247.27138379725375,-189.5377073578817,1348.938784648436,14.215328051839965,-18.545353784793903,2.9659603190038605e-19
1787278719.7479985,twist +Z,fast,1787278713.1305244,-248.65905932507712,-190.46689302179027,1353.0042563553334,14.285016976633148,-18.649429449380555,2.9712752671726767e-19
1787278719.7591112,twist +Z,fast,1787278713.1305244,-248.62484558377264,-189.30256646778673,1355.2603746904397,14.197692485082673,-18.64686341878268,2.9716148786240023e-19
1787278719.7701116,twist +Z,fast,1787278713.1305244,-248.6119894892995,-186.9489464966358,1355.3178230150397,14.021170987246766,-18.64589921169717,2.9704096684095278e-19
1787278719.7813904,twist +Z,fast,1787278713.1305244,-248.68929676069047,-184.5441616504346,1354.0702082748094,13.840812123781394,-18.651697257051588,2.9673522534988576e-19
1787278719.792554,twist +Z,fast,1787278713.1305244,-248.5595787368752,-186.42146153780743,1350.2403893100827,13.981609615334353,-18.641968405265274,2.967279815128374e-19
1787278719.803302,twist +Z,fast,1787278713.1305244,-248.76844192015824,-186.12163604456657,1351.2466731677023,13.959122703341283,-18.657633144011633,2.966846463217614e-19
1787278719.8145566,twist +Z,fast,1787278713.1305244,-248.6675084751082,-187.10434927284234,1352.5360386401471,14.032826195461926,-18.650063135632998,2.9705018097451534e-19
1787278719.825658,twist +Z,fast,1787278713.1305244,-250.09568616893512,-185.68590217285248,1358.8390346899914,13.926442662962746,-18.75717646266986,2.9700569117779093e-19
1787278719.836671,twist +Z,fast,1787278713.1305244,-250.55522469677953,-187.38306712660585,1360.1742378170393,14.053730034494297,-18.791641852258238,2.9728131141923815e-19
1787278719.847743,twist +Z,fast,1787278713.1305244,-250.63975974438063,-188.85811961855654,1357.901205496103,14.164358971390403,-18.797981980828418,2.9735573744585867e-19
1787278719.8588629,twist +Z,fast,1787278713.1305244,-247.806065234558,-188.72447878161017,1350.1213224245994,14.154335908619561,-18.58545489259165,2.9708903887296453e-19
1787278719.8699234,twist +Z,fast,1787278713.1305244,-246.8299924447815,-188.84063734687322,1346.3570735191706,14.163047801014375,-18.51224943335835,2.9658456145539924e-19
1787278719.8810546,twist +Z,fast,1787278713.1305244,-247.0795830149168,-188.2724663189391,1349.0081437160197,14.120434973919036,-18.53096872611865,2.962324901793775e-19
1787278719.8923218,twist +Z,fast,1787278713.1305244,-248.00087308361117,-189.5443055290715,1347.8155522660609,14.215822914679197,-18.60006548127049,2.958002045238818e-19
1787278719.9029415,twist +Z,fast,1787278713.1305244,-248.5524592586512,-188.68608105329724,1348.5583505100649,14.151456078996066,-18.641434444398755,2.9579472246038437e-19
1787278719.914439,twist +Z,fast,1787278713.1305244,-248.64367613402328,-189.83127798995417,1347.5144135978271,14.237345849245333,-18.648275710051635,2.9607739844416916e-19
1787278719.9254403,twist +Z,fast,1787278713.1305244,-249.40492859635606,-188.3782261379132,1354.2828730323208,14.128366960342422,-18.7053696447267,2.9678907251012226e-19
1787278719.9363587,twist +Z,fast,1787278713.1305244,-249.7373476750322,-187.67240507956978,1353.5217189225195,14.07543038096637,-18.730301075627054,2.96909371445906e-19
1787278719.947662,twist +Z,fast,1787278713.1305244,-248.66960707659973,-185.67249100579158,1351.245119855158,13.925436825433142,-18.65022053074474,2.9658847916794596e-19
1787278719.9587853,twist +Z,fast,1787278713.1305244,-247.85734396008365,-185.74109711156564,1347.8800046660663,13.930582283366352,-18.58930079700629,2.9622051537956386e-19
1787278719.9699612,twist +Z,fast,1787278713.1305244,-247.3659195762143,-186.2550174330089,1346.7442841233396,13.969126307474685,-18.552443968215826,2.9603123174372734e-19
1787278719.9807243,twist +Z,fast,1787278713.1305244,-247.5800296710654,-185.8913429785174,1349.9704133116438,13.94185072338782,-18.568502225329624,2.9631463439098396e-19
1787278719.9921665,twist +Z,fast,1787278713.1305244,-248.06365002342,-186.22251852620764,1351.8105111984378,13.966688889464383,-18.604773751756454,2.9649802422792285e-19
1787278720.003134,twist +Z,fast,1787278713.1305244,-247.02232864327243,-186.22797754390228,1350.5289462161336,13.967098315791706,-18.526674648245177,2.96256200266273e-19
1787278720.0142913,twist +Z,fast,1787278713.1305244,-247.69630892678242,-187.2353833879987,1351.1787874637585,14.04265375409894,-18.577223169508585,2.9641883301135515e-19
1787278720.0255208,twist +Z,fast,1787278713.1305244,-247.90540895177082,-187.3782801498229,1354.0574185605192,14.053371011235516,-18.59290567138261,2.967340149952843e-19
1787278720.036306,twist +Z,fast,1787278713.1305244,-248.91635682114838,-188.2597344237455,1359.113661008313,14.119480081779788,-18.668726761585773,2.9738149927012073e-19
1787278720.0475671,twist +Z,fast,1787278713.1305244,-247.23998462944337,-188.4446067121445,1354.4388163326612,14.133345503409846,-18.542998847208146,2.968559161591071e-19
1787278720.0586824,twist +Z,fast,1787278713.1305244,-246.90143423517884,-189.57397575422863,1350.821247470104,14.218048181566136,-18.51760756763821,2.9664387745033407e-19
1787278720.069369,twist +Z,fast,1787278713.1305244,-246.38782829082766,-189.10079181657431,1348.466427838136,14.182559386242037,-18.479087121811887,2.962514433592436e-19
1787278720.0809479,twist +Z,fast,1787278713.1305244,-248.10276998064955,-189.3515686441225,1352.4647255624086,14.201367648307855,-18.607707748548755,2.9657524426928025e-19
1787278720.0920928,twist +Z,fast,1787278713.1305244,-247.49176082030635,-188.21342412161664,1351.5678435370019,14.116006809120055,-18.56188206152256,2.967079218569917e-19
1787278720.1028955,twist +Z,fast,1787278713.1305244,-247.3359107053634,-186.87909091511312,1350.1753324947122,14.015931818632243,-18.55019330290201,2.964753744074782e-19
1787278720.1141999,twist +Z,fast,1787278713.1305244,-247.2450355604883,-187.0186562882385,1348.7433234213868,14.026399221616817,-18.543377667036644,2.965267744833686e-19
1787278720.1253746,twist +Z,fast,1787278713.1305244,-246.67222654179614,-185.60820241787417,1345.6042587208567,13.920615181339489,-18.500416990634697,2.9599586163757343e-19
1787278720.1363075,twist +Z,fast,1787278713.1305244,-247.00020501678728,-186.6623285317081,1346.8892608703745,13.999674639876904,-18.525015376258935,2.963279939497463e-19
1787278720.1474423,twist +Z,fast,1787278713.1305244,-246.2142438779706,-185.7665868287794,1346.4081772339296,13.932494012157495,-18.466068290847552,2.961702618635059e-19
1787278720.1586366,twist +Z,fast,1787278713.1305244,-247.3257322171071,-187.287459239035,1351.0574444346666,14.046559442926455,-18.549429916282847,2.9670750394569324e-19
1787278720.1694944,twist +Z,fast,1787278713.1305244,-248.3410105598482,-187.84880406797777,1352.9325830192001,14.088660305097239,-18.625575791988332,2.967336640556139e-19
1787278720.1805828,twist +Z,fast,1787278713.1305244,-248.53415611926584,-188.2425613727172,1354.5029694314753,14.118192102952822,-18.640061708944735,2.9697728221403926e-19
1787278720.1918106,twist +Z,fast,1787278713.1305244,-248.4926948696998,-187.72176955790212,1353.4901188009908,14.079132716841247,-18.63695211522738,2.966000952445437e-19
1787278720.2027404,twist +Z,fast,1787278713.1305244,-247.19103822748866,-187.5199711432989,1349.8326519156408,14.063997835746267,-18.53932786706146,2.9653838534762607e-19
1787278720.2140105,twist +Z,fast,1787278713.1305244,-247.32067621850956,-186.4902333540473,1348.7371713077127,13.986767501552325,-18.549050716388074,2.9644442021818513e-19
1787278720.225165,twist +Z,fast,1787278713.1305244,-247.4574927379067,-186.27659576409553,1350.145334256903,13.970744682305924,-18.55931195534297,2.967940840271158e-19
1787278720.236212,twist +Z,fast,1787278713.1305244,-248.1871367242843,-185.88024034756438,1352.5392208353342,13.94101802606625,-18.61403525432111,2.9686911332080123e-19
1787278720.2474127,twist +Z,fast,1787278713.1305244,-248.03877627928296,-188.05790822644656,1353.4567991910053,14.104343116982268,-18.60290822094599,2.9683808334355712e-19
1787278720.2584724,twist +Z,fast,1787278713.1305244,-247.27243482421954,-187.64772489742143,1350.1373113844993,14.073579367305545,-18.54543261181643,2.96636535951942e-19
1787278720.2695427,twist +Z,fast,1787278713.1305244,-246.5818287482566,-186.8542033363684,1349.6111949384858,14.014065250226341,-18.493637156119114,2.966208933092001e-19
1787278720.28059,twist +Z,fast,1787278713.1305244,-246.15801766516188,-184.61031722160817,1347.9995448743748,13.845773791619497,-18.461851324887,2.969063969899308e-19
1787278720.2917452,twist +Z,fast,1787278713.1305244,-246.38592289673534,-184.5247084084782,1353.2591576161549,13.839353130634624,-18.47894421725489,2.973743006765177e-19
1787278720.302998,twist +Z,fast,1787278713.1305244,-246.76937897904054,-184.99592880689522,1355.363329260931,13.874694660516173,-18.50770342342794,2.9775025483895935e-19
1787278720.313997,twist +Z,fast,1787278713.1305244,-247.03925591363304,-185.57536557154015,1351.1935972326946,13.918152417864452,-18.527944193522366,2.9715530922097254e-19
1787278720.3251448,twist +Z,fast,1787278713.1305244,-246.7944565678804,-187.0380062687451,1344.3120004596522,14.027850470154622,-18.50958424259092,2.9643336052886756e-19
1787278720.3361778,twist +Z,fast,1787278713.1305244,-247.60109215301736,-188.3391215741027,1343.5422848007083,14.125434118056436,-18.570081911476123,2.962110984550148e-19
1787278720.3473647,twist +Z,fast,1787278713.1305244,-246.73949036815475,-186.85489229723055,1347.6634034557364,14.014116922291127,-18.505461777611444,2.9619111560987656e-19
1787278720.3584683,twist +Z,fast,1787278713.1305244,-246.20035001299811,-185.2430864798206,1349.674802261642,13.893231485985613,-18.465026250974752,2.963376048080981e-19
1787278720.3693023,twist +Z,fast,1787278713.1305244,-244.85216654029637,-183.7682892773538,1348.4613847034207,13.782621695800476,-18.36391249052194,2.9610940832366398e-19
1787278720.3804526,twist +Z,fast,1787278713.1305244,-245.3457738095517,-184.5047713813409,1347.5449113666737,13.837857853599335,-18.400933035716164,2.96717161772204e-19
1787278720.3917954,twist +Z,fast,1787278713.1305244,-246.02187404686492,-186.50032808295134,1345.8751874309864,13.987524606220195,-18.45164055351487,2.9689845573726873e-19
1787278720.4027224,twist +Z,fast,1787278713.1305244,-246.23240193899574,-187.03770565104003,1344.4760131389748,14.027827923827065,-18.467430145424743,2.9673949105850807e-19
1787278720.4139435,twist +Z,fast,1787278713.1305244,-248.84623009068082,-189.34842996883924,1350.6194408384044,14.201132247661523,-18.663467256800892,2.9670569645484407e-19
1787278720.4250464,twist +Z,fast,1787278713.1305244,-249.72248695853568,-188.61898138340223,1357.2055598071083,14.146423603754005,-18.729186521890043,2.9704898916894844e-19
1787278720.436022,twist +Z,fast,1787278713.1305244,-249.44638460415217,-188.73040221536905,1356.4114342068287,14.154780166151557,-18.708478845310978,2.970927580479322e-19
1787278720.447354,twist +Z,fast,1787278713.1305244,-246.80176071169763,-186.50294727467747,1350.3712088847378,13.987721045599788,-18.51013205337709,2.966544507585171e-19
1787278720.4583647,twist +Z,fast,1787278713.1305244,-245.52256151272786,-186.08444452639958,1343.892990260335,13.95633333947885,-18.414192113454455,2.9614221317379654e-19
1787278720.4690347,twist +Z,fast,1787278713.1305244,-245.78809008665712,-186.5158730304205,1345.1040034763637,13.988690477280432,-18.43410675649926,2.9646871889147143e-19
1787278720.4804938,twist +Z,fast,1787278713.1305244,-246.68491212518302,-187.22611443853668,1346.9930570561637,14.041958582889041,-18.501368409388746,2.9643943730713345e-19
1787278720.4916966,twist +Z,fast,1787278713.1305244,-247.5720450373533,-186.44501011147838,1347.2719533188874,13.983375758359745,-18.567903377801336,2.9647298367468767e-19
1787278720.502447,twist +Z,fast,1787278713.1305244,-248.4194735107826,-184.82466660360512,1350.3834429503086,13.86184999526947,-18.631460513308575,2.963037364730138e-19
1787278720.5135937,twist +Z,fast,1787278713.1305244,-249.20935329837403,-185.7702921915551,1352.0340943005895,13.932771914365578,-18.69070149737788,2.9685690938399996e-19
1787278720.5248334,twist +Z,fast,1787278713.1305244,-248.72665291806743,-187.07025122710854,1353.3575690898006,14.030268842031933,-18.654498968854718,2.968359865728877e-19
1787278720.5358033,twist +Z,fast,1787278713.1305244,-249.15846820667548,-188.11171062080587,1354.452166289554,14.108378296559227,-18.686885115500452,2.972034039548263e-19
1787278720.5469308,twist +Z,fast,1787278713.1305244,-247.74020225290906,-187.1462426992731,1351.4052331488465,14.035968202444526,-18.580515168967864,2.9663018083065408e-19
1787278720.5581594,twist +Z,fast,1787278713.1305244,-249.62378625940846,-188.26790746858603,1357.588167924573,14.120093060142796,-18.721783969455387,2.97190639229509e-19
1787278720.569076,twist +Z,fast,1787278713.1305244,-248.8611941710019,-188.54567463412639,1351.8632417010203,14.140925597558297,-18.664589562824823,2.9690142148114963e-19
1787278720.5802686,twist +Z,fast,1787278713.1305244,-249.90556664260885,-189.24166773076774,1353.380750028643,14.193125079806453,-18.742917498195474,2.9748576875546094e-19
1787278720.5914824,twist +Z,fast,1787278713.1305244,-248.40984881710256,-187.4991562609872,1344.7947082976525,14.062436719572961,-18.63073866128243,2.96372820779888e-19
1787278720.6023448,twist +Z,fast,1787278713.1305244,-248.97843211677218,-186.5221860816531,1351.644724421637,13.989163956122784,-18.673382408757753,2.966258884405868e-19
1787278720.6135764,twist +Z,fast,1787278713.1305244,-246.95479876888976,-185.98961801496705,1346.6173208254886,13.949221351121484,-18.521609907666246,2.959058183257802e-19
1787278720.6248016,twist +Z,fast,1787278713.1305244,-247.5483711509064,-186.76105584023992,1355.4203730634554,14.007079188016764,-18.566127836317612,2.971850576468298e-19
1787278720.6357365,twist +Z,fast,1787278713.1305244,-246.94996551232134,-188.55889156845762,1350.0556330524278,14.14191686763326,-18.521247413423744,2.972277655394181e-19
1787278720.6470447,twist +Z,fast,1787278713.1305244,-248.84771378349842,-188.67611504580884,1359.6733764066203,14.150708628434618,-18.663578533762326,2.9811655706155043e-19
1787278720.6581643,twist +Z,fast,1787278713.1305244,-248.39905207651327,-189.05508443942142,1355.3242250410394,14.179131332955453,-18.629928905738346,2.976150814780196e-19
1787278720.669244,twist +Z,fast,1787278713.1305244,-248.2718556144887,-188.66735667593855,1358.671761937997,14.150051750694178,-18.62038917108631,2.974809965902762e-19
1787278720.680265,twist +Z,fast,1787278713.1305244,-247.630562411759,-188.89104832173064,1352.0579072011524,14.166828624128375,-18.572292180881696,2.9675017373169032e-19
1787278720.6914868,twist +Z,fast,1787278713.1305244,-248.01732418561596,-188.27813659312085,1350.7279635300138,14.120860244483016,-18.60129931392116,2.9667536459084555e-19
1787278720.7024019,twist +Z,fast,1787278713.1305244,-248.4532885709027,-187.8708466614588,1347.9161356509621,14.090313499608374,-18.63399664281762,2.962876394263901e-19
1787278720.7136877,twist +Z,fast,1787278713.1305244,-246.58500080079602,-185.17914828658138,1343.4154662796927,13.888436121492436,-18.493875060059374,2.9573759532585037e-19
1787278720.7248018,twist +Z,fast,1787278713.1305244,-245.67077785109313,-183.49970447251064,1343.4502882871066,13.762477835437242,-18.425308338831705,2.9557825516621407e-19
1787278720.7358015,twist +Z,fast,1787278713.1305244,-244.79604386310302,-183.4723655738884,1342.4894260807132,13.760427418040326,-18.359703289732337,2.957714326551938e-19
1787278720.74705,twist +Z,fast,1787278713.1305244,-246.7559058219008,-185.86582132887509,1346.838596508268,13.93993659966458,-18.506692936642416,2.9585398495251504e-19
1787278720.7580867,twist +Z,fast,1787278713.1305244,-246.35220652562884,-186.90660588124877,1347.7277938085454,14.017995441092655,-18.476415489421967,2.9589317984611564e-19
1787278720.7691865,twist +Z,fast,1787278713.1305244,-247.09808787354496,-186.37436793323934,1351.6772239986994,13.978077594991706,-18.532356590515562,2.961095543397537e-19
1787278720.78034,twist +Z,fast,1787278713.1305244,-246.96907986526776,-184.8613482116549,1353.31467628492,13.864601115873203,-18.522680989894816,2.9659227966104654e-19
1787278720.791373,twist +Z,fast,1787278713.1305244,-247.9703839853405,-186.2399107115067,1351.5850333526332,13.967993303361855,-18.597778798900165,2.968006990887538e-19
1787278720.8021758,twist +Z,fast,1787278713.1305244,-247.4007403187211,-187.3553209223188,1347.5058741620878,14.051649069172928,-18.55505552390384,2.9640147263161514e-19
1787278720.8135717,twist +Z,fast,1787278713.1305244,-247.4522932753457,-188.60496617034653,1347.0111787144951,14.14537246277472,-18.5589219956508,2.967929678039556e-19
1787278720.8246303,twist +Z,fast,1787278713.1305244,-247.702359051435,-187.9085244512779,1348.4871618766147,14.093139333844736,-18.57767692885769,2.9643184222313567e-19
1787278720.8355012,twist +Z,fast,1787278713.1305244,-247.55668015275342,-187.26535123859765,1349.8484706864083,14.044901342893642,-18.56675101145641,2.9651126814239433e-19
1787278720.8468153,twist +Z,fast,1787278713.1305244,-247.72400610889463,-188.15632069208743,1352.0072975326302,14.111724051905373,-18.579300458166756,2.9659175347623653e-19
1787278720.8578749,twist +Z,fast,1787278713.1305244,-247.28324649567594,-188.75577915421184,1348.810235492031,14.156683436564695,-18.546243487175694,2.968860787469708e-19
1787278720.8688052,twist +Z,fast,1787278713.1305244,-247.67715509539767,-188.913076465372,1348.7245665595592,14.168480734901738,-18.575786632154532,2.9697730797338328e-19
1787278720.8801694,twist +Z,fast,1787278713.1305244,-248.23244680304333,-189.09183108992022,1350.931417798226,14.181887331742718,-18.617433510228054,2.968580230703905e-19
1787278720.8913648,twist +Z,fast,1787278713.1305244,-248.28232513482226,-188.92330693893348,1354.4753667992381,14.16924802041898,-18.621174385111416,2.9656651719743814e-19
1787278720.9022286,twist +Z,fast,1787278713.1305244,-248.03646969868032,-188.64549822738275,1351.660900378568,14.148412367052547,-18.602735227400792,2.9616461282272875e-19
1787278720.9134161,twist +Z,fast,1787278713.1305244,-246.63231223938737,-188.0504911330728,1346.2458125331514,14.103786834979292,-18.497423417953684,2.957731720767935e-19
1787278720.9245424,twist +Z,fast,1787278713.1305244,-245.7273373864159,-185.79764646409023,1342.397327909378,13.934823484805552,-18.42955030398089,2.954912069468824e-19
1787278720.9354317,twist +Z,fast,1787278713.1305244,-246.531039221662,-187.0660879342089,1347.6454154431167,14.029956595064622,-18.48982794162444,2.962318267878073e-19
1787278720.9467797,twist +Z,fast,1787278713.1305244,-247.46900997899093,-185.642099501982,1348.2368431634504,13.923157462647612,-18.560175748424292,2.9637383148318695e-19
1787278720.957877,twist +Z,fast,1787278713.1305244,-248.37930729742175,-186.77375399868754,1352.9998052279907,14.008031549900583,-18.628448047306208,2.967337048139247e-19
1787278720.968809,twist +Z,fast,1787278713.1305244,-248.00135648725927,-186.52298357670873,1350.4991716920586,13.989223768251993,-18.600101736544254,2.9645321482883185e-19
1787278720.9799995,twist +Z,fast,1787278713.1305244,-247.27056573032814,-188.17448997829376,1351.232387421248,14.113086748370993,-18.5452924297744,2.968272313696958e-19
1787278720.9911797,twist +Z,fast,1787278713.1305244,-246.75686608190927,-187.62764439590103,1349.142569190758,14.072073329691452,-18.506764956142973,2.9677836320117307e-19
1787278721.0020432,twist +Z,fast,1787278713.1305244,-247.95457320079686,-186.64977246928254,1354.6286303683964,13.998732935195253,-18.596592990059676,2.9699993002018785e-19
1787278721.0133317,twist +Z,fast,1787278713.1305244,-248.59096181061022,-186.09902647247748,1352.3714877623524,13.957426985434711,-18.6443221357954,2.9646724380129464e-19
1787278721.0243716,twist +Z,fast,1787278713.1305244,-249.99409994586995,-187.1518775560611,1354.7983565141485,14.03639081670325,-18.749557495939953,2.9660639549860493e-19
1787278721.035179,twist +Z,fast,1787278713.1305244,-248.21086506859183,-185.54319966615674,1350.662731235262,13.915739974960776,-18.61581488014435,2.96243127977187e-19
1787278721.0465574,twist +Z,fast,1787278713.1305244,-247.56095524269267,-185.72981718727158,1353.995249030083,13.929736289044389,-18.56707164320177,2.9641242222538953e-19
1787278721.057705,twist +Z,fast,1787278713.1305244,-247.04207879447904,-185.1502729283999,1353.8436371174366,13.886270469628759,-18.52815590958567,2.9655475662582086e-19
1787278721.0686817,twist +Z,fast,1787278713.1305244,-247.04970616314267,-186.3145843936926,1350.101646766626,13.973593829525857,-18.528727962235486,2.962281758185851e-19
1787278721.0799594,twist +Z,fast,1787278713.1305244,-247.64886922742562,-186.29725441681887,1349.1263430258487,13.972294081260191,-18.57366519205671,2.958800058935294e-19
1787278721.0910296,twist +Z,fast,1787278713.1305244,-247.063359899465,-187.358472245793,1346.769100416027,14.051885418433546,-18.52975199245948,2.9551267821565734e-19
1787278721.1018448,twist +Z,fast,1787278713.1305244,-247.8851255158338,-187.63299756291678,1349.832819727203,14.072474817217714,-18.591384413687294,2.9568319102852044e-19
1787278721.1132054,twist +Z,fast,1787278713.1305244,-247.55283750871104,-188.28092948206665,1349.086489434555,14.121069711154053,-18.566462813153308,2.9589556154087634e-19
1787278721.124344,twist +Z,fast,1787278713.1305244,-247.59887009663407,-188.24250414163646,1350.9510134023758,14.11818781062151,-18.569915257247473,2.9632999726597e-19
1787278721.1352177,twist +Z,fast,1787278713.1305244,-248.17276725470992,-188.51857083752782,1353.4631402743116,14.138892812813399,-18.612957544102883,2.9686559483316123e-19
1787278721.1465037,twist +Z,fast,1787278713.1305244,-248.62690466511913,-187.95433525881083,1356.4918837134364,14.096575144409545,-18.647017849883717,2.9719242748958004e-19
1787278721.1576567,twist +Z,fast,1787278713.1305244,-249.783199434753,-187.92819540608036,1357.7997853630868,14.094614655454908,-18.73373995760641,2.973876838594832e-19
1787278721.1684687,twist +Z,fast,1787278713.1305244,-249.02939067189936,-187.61219044782467,1354.691869808662,14.070914283585612,-18.677204300392518,2.968912311100627e-19
1787278721.179856,twist +Z,fast,1787278713.1305244,-249.1123836010288,-188.90940667798998,1353.0767134347361,14.168205500848106,-18.683428770076922,2.969271656323742e-19
1787278721.1908839,twist +Z,fast,1787278713.1305244,-249.14035054230908,-188.80741584049417,1353.1667003498633,14.160556188035816,-18.685526290672854,2.9669768768988283e-19
1787278721.20169,twist +Z,fast,1787278713.1305244,-248.93401480542116,-188.34922720103543,1352.7759512596103,14.126192040076592,-18.67005111040659,2.968045726858252e-19
1787278721.213067,twist +Z,fast,1787278713.1305244,-247.94617951349346,-186.64437314646545,1347.3688611650841,13.998327985983767,-18.595963463511815,2.963644416370348e-19
1787278721.2242165,twist +Z,fast,1787278713.1305244,-247.88130352167855,-186.80957294243842,1348.6392218842711,14.010717970681942,-18.591097764125827,2.964437005238422e-19
1787278721.2350469,twist +Z,fast,1787278713.1305244,-247.96760238222532,-186.79129367566327,1350.4147125294594,14.00934702567351,-18.59757017866678,2.9665185971678324e-19
1787278721.2464247,twist +Z,fast,1787278713.1305244,-248.17478334910402,-187.38855347286665,1354.528382346668,14.054141510463882,-18.613108751182537,2.966319621868288e-19
1787278721.257414,twist +Z,fast,1787278713.1305244,-247.10905645004595,-186.27674888907052,1352.0393712384803,13.970756166679283,-18.53317923375311,2.9634799665495684e-19
1787278721.268349,twist +Z,fast,1787278713.1305244,-246.70996055690512,-187.49421922248587,1351.1150540680728,14.062066441685364,-18.50324704176745,2.9633151805318865e-19
1787278721.2796724,twist +Z,fast,1787278713.1305244,-247.1803226039442,-188.3277668399195,1349.619667423066,14.124582512992664,-18.538524195295558,2.9644310914336555e-19
1787278721.290864,twist +Z,fast,1787278713.1305244,-247.44762333856534,-188.3297064181519,1348.3961296989664,14.124727981360412,-18.55857175039207,2.963115832534886e-19
1787278721.3017137,twist +Z,fast,1787278713.1305244,-248.24018554336408,-187.4752886255427,1352.5342279556326,14.060646646914652,-18.618013915752172,2.964955396635935e-19
1787278721.3129733,twist +Z,fast,1787278713.1305244,-248.1868888862159,-186.7982242306524,1355.4183646531083,14.009866817297837,-18.614016666465936,2.9662578020555895e-19
1787278721.3238673,twist +Z,fast,1787278713.1305244,-248.89786692759435,-187.82646847482044,1358.4315094688,14.08698513561038,-18.66734001956955,2.9712144574618373e-19
1787278721.3349698,twist +Z,fast,1787278713.1305244,-248.52914702403586,-189.05927121502543,1353.6448519855594,14.179445341125845,-18.639686026802515,2.9687517612518967e-19
1787278721.3463056,twist +Z,fast,1787278713.1305244,-248.0820826795266,-189.16878523314028,1351.9961769576048,14.187658892484468,-18.606156200964364,2.9683240272248776e-19
1787278721.3574529,twist +Z,fast,1787278713.1305244,-247.51201201762842,-187.5527195816918,1350.3643273090302,14.066453968625641,-18.563400901321906,2.9647288904049063e-19
1787278721.3685708,twist +Z,fast,1787278713.1305244,-247.42714858521822,-186.87120483122942,1352.9774423951249,14.01534036234094,-18.55703614389109,2.9659373224177266e-19
1787278721.3795793,twist +Z,fast,1787278713.1305244,-248.5834681437259,-186.74947118653324,1353.9522094248468,14.006210338988925,-18.643760110779226,2.969100892502172e-19
1787278721.3906639,twist +Z,fast,1787278713.1305244,-247.879111145568,-187.07244816819968,1352.9173853383245,14.030433612614022,-18.590933335917356,2.967460481978521e-19
1787278721.4015672,twist +Z,fast,1787278713.1305244,-246.47866130490138,-186.01840076405267,1347.7368194430974,13.951380057302988,-18.48589959786748,2.9591130918158733e-19
1787278721.4128888,twist +Z,fast,1787278713.1305244,-245.63742924587996,-185.77285820580357,1347.2111658892363,13.93296436543395,-18.422807193441052,2.9583497449117754e-19
1787278721.4240363,twist +Z,fast,1787278713.1305244,-246.1625763017314,-186.04099351390607,1347.3276703826532,13.95307451354174,-18.46219322262985,2.9577798809694266e-19
1787278721.4348757,twist +Z,fast,1787278713.1305244,-247.7000469462223,-187.42245854485157,1351.248827359791,14.056684390862731,-18.57750352096653,2.9659330012751916e-19
1787278721.44616,twist +Z,fast,1787278713.1305244,-248.52612982576784,-187.2273893766204,1351.9064156470895,14.04205420324536,-18.63945973693223,2.9645380112260683e-19
1787278721.457447,twist +Z,fast,1787278713.1305244,-248.3517325562293,-188.35483648579032,1352.1447316960157,14.126612736433078,-18.626379941716998,2.9649359883708753e-19
1787278721.4681401,twist +Z,fast,1787278713.1305244,-248.46837758514584,-188.18402671096362,1352.9583988553431,14.113802003321016,-18.635128318885755,2.9653006604739577e-19
1787278721.4791915,twist +Z,fast,1787278713.1305244,-247.70986833771212,-188.65174234172912,1354.0472410254288,14.148880675628465,-18.578240125328385,2.9651376695468e-19
1787278721.4904711,twist +Z,fast,1787278713.1305244,-247.0943960579557,-188.65164783970351,1352.9986181072427,14.148873587976414,-18.532079704346607,2.962994518165906e-19
1787278721.5013888,twist +Z,fast,1787278713.1305244,-245.3892352730777,-187.28850364454672,1346.4091314977222,14.046637773340056,-18.404192645480556,2.9524451930960437e-19
1787278721.5126333,twist +Z,fast,1787278713.1305244,-245.63666010362385,-187.50298390850355,1345.0944504064782,14.06272379313663,-18.42274950777165,2.9526513351456494e-19
1787278721.523854,twist +Z,fast,1787278713.1305244,-246.48329017036167,-187.8756602005716,1348.0622509029972,14.090674515041659,-18.486246762777093,2.9568283246470355e-19
1787278721.5346317,twist +Z,fast,1787278713.1305244,-247.59630547113056,-188.15154024828178,1353.8953220290268,14.111365518620008,-18.56972291033476,2.965661838917894e-19
1787278721.5460389,twist +Z,fast,1787278713.1305244,-246.64093619123423,-187.1817539197947,1351.7097008471328,14.038631543983431,-18.49807021434215,2.962167126729554e-19
1787278721.5571902,twist +Z,fast,1787278713.1305244,-246.7039445296573,-186.65310954576364,1349.0526186686266,13.998983215931066,-18.502795839724243,2.9639388211206767e-19
1787278721.5679605,twist +Z,fast,1787278713.1305244,-247.63324705883815,-187.44630008291972,1348.3927589941368,14.058472506217985,-18.57249352941274,2.963925044115856e-19
1787278721.5793216,twist +Z,fast,1787278713.1305244,-248.02409537596714,-188.47958767322064,1350.0413309298974,14.135969075490497,-18.60180715319742,2.9661875234628546e-19
1787278721.5904777,twist +Z,fast,1787278713.1305244,-248.17368499254871,-188.25024388886538,1350.8624690949573,14.118768291663617,-18.613026374441,2.9622695937536467e-19
1787278721.6014955,twist +Z,fast,1787278713.1305244,-248.01607322276823,-188.90946165552975,1350.1218647561009,14.168209624163612,-18.601205491707596,2.9575503240212504e-19
1787278721.6124346,twist +Z,fast,1787278713.1305244,-248.9326652262548,-187.84685550671304,1353.0070472849575,14.088514163002205,-18.66994989196911,2.9590625729354517e-19
1787278721.6237266,twist +Z,fast,1787278713.1305244,-247.9175435067241,-187.75907468852472,1350.2024946976571,14.08193060163828,-18.593815763004216,2.9593756157499295e-19
1787278721.6346352,twist +Z,fast,1787278713.1305244,-248.39368689608864,-186.79092602077628,1351.9650888955593,14.009319451557321,-18.629526517206656,2.9631711238866197e-19
1787278721.6458864,twist +Z,fast,1787278713.1305244,-248.79345087379397,-187.11964055871056,1351.352984611597,14.03397304190226,-18.659508815534487,2.9610188113890898e-19
1787278721.6568997,twist +Z,fast,1787278713.1305244,-249.94815345513734,-187.18267981811493,1352.7967032969582,14.038700986357487,-18.746111509135005,2.9598913104080264e-19
1787278721.6679916,twist +Z,fast,1787278713.1305244,-249.31889239339807,-188.702115447879,1351.7159732857208,14.15265865858986,-18.698916929504612,2.961266666447264e-19
1787278721.679317,twist +Z,fast,1787278713.1305244,-248.98645242663542,-190.6348658977446,1352.3166475138069,14.297614942329918,-18.673983931997526,2.963188605753382e-19
1787278721.6904066,twist +Z,fast,1787278713.1305244,-248.87363950922781,-190.65408170478224,1350.7264630766613,14.299056127857572,-18.66552296319186,2.9642451789851014e-19
1787278721.7011302,twist +Z,fast,1787278713.1305244,-249.36301090083498,-189.32920888795468,1353.584444074725,14.199690666595462,-18.7022258175625,2.9624124029219036e-19
1787278721.7124765,twist +Z,fast,1787278713.1305244,-249.2086200493909,-188.01891168098462,1354.3117378795805,14.101418376072747,-18.69064650370415,2.9647922390870043e-19
1787278721.7235568,twist +Z,fast,1787278713.1305244,-249.41697768276072,-188.15436345907563,1355.9912525897844,14.111577259429712,-18.70627332620692,2.9675591499538425e-19
1787278721.7344463,twist +Z,fast,1787278713.1305244,-248.50160859850757,-187.9728048918065,1356.5892364293113,14.09796036688434,-18.637620644887797,2.969000209571472e-19
1787278721.7457395,twist +Z,fast,1787278713.1305244,-246.4333906217803,-186.40642407678422,1349.9172497608824,13.980481805757652,-18.482504296633508,2.9612945942077736e-19
1787278721.7569752,twist +Z,fast,1787278713.1305244,-246.50480133752853,-186.11102472195546,1353.4877607621684,13.9583268541457,-18.487860100314258,2.9609378508578715e-19
1787278721.7677546,twist +Z,fast,1787278713.1305244,-246.2938805886156,-186.49202684851696,1353.4416901679006,13.986902013637536,-18.472041044146145,2.9612111517256497e-19
1787278721.779017,twist +Z,fast,1787278713.1305244,-248.46461134570245,-188.49999516139235,1356.3089852217208,14.13749963710315,-18.634845850927483,2.9642924032108845e-19
1787278721.7903512,twist +Z,fast,1787278713.1305244,-247.5147020413774,-188.75421411744298,1351.9854941907151,14.156566058807119,-18.56360265310324,2.9612912788534133e-19
1787278721.8010097,twist +Z,fast,1787278713.1305244,-248.12506246353996,-187.8487079566611,1350.2758268292591,14.088653096748548,-18.609379684765294,2.9611679416191395e-19
1787278721.8120584,twist +Z,fast,1787278713.1305244,-246.83212885876537,-186.0247530250191,1347.9360064469302,13.951856476875495,-18.512409664407258,2.9609444223354737e-19
1787278721.8236341,twist +Z,fast,1787278713.1305244,-245.67794887342598,-184.55123161502263,1346.7886691018712,13.841342371125638,-18.42584616550692,2.9624456322814184e-19
1787278721.834538,twist +Z,fast,1787278713.1305244,-246.25577026369092,-186.29827648672847,1346.780839092743,13.972370736503496,-18.469182769776374,2.9617656248234307e-19
1787278721.8454063,twist +Z,fast,1787278713.1305244,-247.79250720813297,-187.88600594218076,1352.4517880971116,14.091450445662435,-18.58443804060981,2.964821491234668e-19
1787278721.856715,twist +Z,fast,1787278713.1305244,-248.70397777761946,-189.8041068137412,1354.6009064724649,14.235308011029662,-18.652798333321243,2.966785598321713e-19
1787278721.8676887,twist +Z,fast,1787278713.1305244,-248.64854378490554,-188.72691220607737,1354.808911555113,14.154518415454806,-18.648640783867606,2.9691884636792633e-19
1787278721.8791265,twist +Z,fast,1787278713.1305244,-246.67573017740824,-187.41730925463173,1348.9407324882986,14.056298194096346,-18.500679763305328,2.9660365541189694e-19
1787278721.8902042,twist +Z,fast,1787278713.1305244,-246.8011607490712,-187.75238831391982,1345.548271772449,14.081429123542879,-18.51008705618004,2.96331045398272e-19
1787278721.9010735,twist +Z,fast,1787278713.1305244,-245.10489011762775,-187.2045300195506,1344.5023180182043,14.040339751465144,-18.38286675882197,2.960528322120778e-19
1787278721.912376,twist +Z,fast,1787278713.1305244,-246.58910774580318,-188.25806435334437,1351.1544809312627,14.119354826499606,-18.494183080935038,2.967359301187408e-19
1787278721.9246893,twist +Z,fast,1787278713.1305244,-246.77935996595215,-186.72845271518725,1354.6651613752829,14.004633953637839,-18.508451997446244,2.9696989847263685e-19
1787278721.9345872,twist +Z,fast,1787278713.1305244,-248.3026081093517,-189.89843865277555,1353.850341387949,14.242382898957022,-18.6226956082011,2.9721869357967672e-19
1787278721.945624,twist +Z,fast,1787278713.1305244,-247.4715436218289,-189.53516857504735,1348.335882630875,14.215137643127196,-18.560365771637137,2.962988047109814e-19
1787278721.9581122,twist +Z,fast,1787278713.1305244,-247.06123530836658,-189.50890003875418,1348.9644270586514,14.213167502905637,-18.52959264812747,2.962428127346607e-19
1787278721.9676788,twist +Z,fast,1787278713.1305244,-245.81412460213096,-186.77420851367708,1348.5071697889025,14.008065638524474,-18.436059345159727,2.9620909442373165e-19
1787278721.979036,twist +Z,fast,1787278713.1305244,-246.0429325433647,-187.5655926768335,1349.1535139062444,14.067419450761296,-18.453219940752142,2.9695259344493503e-19
1787278721.9911733,twist +Z,fast,1787278713.1305244,-246.4382209182354,-188.41224375666263,1347.6912633054462,14.130918281748482,-18.482866568867642,2.9651122205001566e-19
1787278722.0009859,twist +Z,fast,1787278713.1305244,-246.67270411736854,-188.69242277292494,1343.1891083977562,14.15193170796812,-18.5004528088025,2.9604614682115145e-19
1787278722.0122325,twist +Z,fast,1787278713.1305244,-245.90569708029625,-186.59192790015743,1341.410384834112,13.994394592510591,-18.442927281022143,2.9542554028205224e-19
1787278722.0240133,twist +Z,fast,1787278713.1305244,-245.32046505234257,-187.94273129385817,1339.3135364690106,14.095704847038267,-18.399034878925505,2.956533331791457e-19
1787278722.0342517,twist +Z,fast,1787278713.1305244,-245.41428960141138,-188.46687846054704,1344.6436200134403,14.13501588453973,-18.40607172010587,2.961344681719148e-19
1787278722.0455751,twist +Z,fast,1787278713.1305244,-245.38999377757182,-190.66350410852453,1344.469860837694,14.299762808138286,-18.404249533317916,2.9642520719299494e-19
1787278722.056997,twist +Z,fast,1787278713.1305244,-245.49840431833263,-188.40571011909276,1346.4402310424039,14.130428258930852,-18.412380323874835,2.9650191218590676e-19
1787278722.0677447,twist +Z,fast,1787278713.1305244,-243.22479096978395,-185.749204052334,1340.9735491927522,13.931190303923774,-18.241859322733667,2.9584491559247496e-19
1787278722.078825,twist +Z,fast,1787278713.1305244,-244.85046611392454,-184.26901126321025,1344.2434940660705,13.820175844739499,-18.363784958544137,2.959330352914752e-19
1787278722.0900598,twist +Z,fast,1787278713.1305244,-244.16398320712187,-184.5065613798339,1337.0728723958646,13.837992103486261,-18.312298740533954,2.9531456065545523e-19
1787278722.100933,twist +Z,fast,1787278713.1305244,-245.724966087118,-185.33729385402296,1336.5448177822554,13.900297039050376,-18.42937245653375,2.9533045119344506e-19
1787278722.1122003,twist +Z,fast,1787278713.1305244,-244.88122692836578,-186.99236258389612,1333.5024016685884,14.02442719379103,-18.36609201962709,2.954892924906843e-19
1787278722.1233165,twist +Z,fast,1787278713.1305244,-246.3194098402696,-188.4493145179057,1342.4784246909267,14.133698588841671,-18.473955738020152,2.961876920583389e-19
1787278722.134291,twist +Z,fast,1787278713.1305244,-246.96759536081254,-189.24138234650184,1346.8096525215378,14.193103675986581,-18.522569652060703,2.9644257861664876e-19
1787278722.145451,twist +Z,fast,1787278713.1305244,-246.45929052163,-187.82371661386003,1346.0213891130525,14.08677874603848,-18.484446789122288,2.9605010137770964e-19
1787278722.156628,twist +Z,fast,1787278713.1305244,-247.08968165760643,-186.93552476238085,1345.1810275276976,14.020164357177581,-18.53172612432048,2.961936780482073e-19
1787278722.1674802,twist +Z,fast,1787278713.1305244,-246.8208417313367,-187.5916764361058,1347.0704051158327,14.06937573270665,-18.511563129850266,2.962963519845865e-19
1787278722.1786993,twist +Z,fast,1787278713.1305244,-246.97904325303398,-187.30462701360796,1348.2111730538609,14.047847026019301,-18.52342824397737,2.965050665043747e-19
1787278722.1899922,twist +Z,fast,1787278713.1305244,-246.74772491563044,-186.50186728422398,1350.4054990190607,13.987640046315438,-18.506079368672083,2.9638239687848015e-19
1787278722.2009196,twist +Z,fast,1787278713.1305244,-245.98088754969785,-186.13809416449783,1343.6126206942872,13.960357062336033,-18.448566566227285,2.9627313241512567e-19
1787278722.2120614,twist +Z,fast,1787278713.1305244,-246.52624802786931,-186.68233246888678,1344.2293773727824,14.001174935165427,-18.48946860209007,2.958789678973921e-19
1787278722.2228768,twist +Z,fast,1787278713.1305244,-246.44033307854852,-187.95040783803836,1344.591954333574,14.096280587851684,-18.483024980890818,2.9594630990837615e-19
1787278722.2338696,twist +Z,fast,1787278713.1305244,-248.03449966372273,-187.44050254341425,1346.9884314705314,14.05803769075506,-18.602587474778936,2.9571358813197005e-19
1787278722.2453427,twist +Z,fast,1787278713.1305244,-247.13151744267316,-186.88617609991445,1344.8243374329913,14.016463207492453,-18.534863808200235,2.9607246580183037e-19
1787278722.2562566,twist +Z,fast,1787278713.1305244,-247.15241777483834,-185.5461998567704,1343.6026756599613,13.915964989256612,-18.536431333112688,2.9568440081509527e-19
1787278722.2673767,twist +Z,fast,1787278713.1305244,-246.77591725285538,-186.71936686869515,1344.3463184132406,14.00395251515079,-18.50819379396414,2.9622559582570276e-19
1787278722.2785442,twist +Z,fast,1787278713.1305244,-247.2036547070943,-187.66567862598356,1347.7662402229516,14.074925896947537,-18.540274103031855,2.9623037024835856e-19
1787278722.2896261,twist +Z,fast,1787278713.1305244,-247.98020227215557,-189.0414781585738,1349.942725544236,14.178110861891657,-18.598515170411574,2.968249198452759e-19
1787278722.3008006,twist +Z,fast,1787278713.1305244,-246.50851139995984,-187.47084801869084,1350.005161450029,14.06031360140091,-18.4881383549968,2.964202931057058e-19
1787278722.3119137,twist +Z,fast,1787278713.1305244,-245.80297733422458,-187.70427593526358,1346.2795446864611,14.077820695143519,-18.435223300066646,2.960301936615876e-19
1787278722.3229198,twist +Z,fast,1787278713.1305244,-244.4805203179062,-186.12272584546565,1340.3476779544771,13.959204438408666,-18.3360390238429,2.952421857396949e-19
1787278722.3341608,twist +Z,fast,1787278713.1305244,-246.46235109360123,-187.19691680303583,1339.407526180864,14.039768760226568,-18.484676332019838,2.9535037827785837e-19
1787278722.3452058,twist +Z,fast,1787278713.1305244,-248.36875949547584,-186.67078424432987,1345.0073411558615,14.000308818323592,-18.627656962160714,2.956596356478255e-19
1787278722.356378,twist +Z,fast,1787278713.1305244,-248.8796227421558,-188.5038814659739,1344.9916295494231,14.137791109946907,-18.66597170566154,2.958205017879446e-19
1787278722.3674495,twist +Z,fast,1787278713.1305244,-249.0581247995092,-189.38129609419764,1345.1399540636203,14.20359720706384,-18.679359359962703,2.9566163293933896e-19
1787278722.3785214,twist +Z,fast,1787278713.1305244,-247.83506108626307,-188.2431492844704,1342.7132521355788,14.118236196334056,-18.587629581469436,2.955271932582043e-19
1787278722.389655,twist +Z,fast,1787278713.1305244,-247.22369299220054,-186.84746031686393,1344.001666943227,14.01355952376365,-18.5417769744148,2.9547637963425898e-19
1787278722.400697,twist +Z,fast,1787278713.1305244,-246.32100195981047,-186.33814662901284,1343.8501258527003,13.975360997174906,-18.47407514698542,2.9528820065126575e-19
1787278722.4118707,twist +Z,fast,1787278713.1305244,-247.32524621984294,-186.82752410144815,1344.5948745305514,14.01206430760745,-18.549393466488205,2.9538037979125315e-19
1787278722.4228268,twist +Z,fast,1787278713.1305244,-247.60143866328008,-187.04036697006666,1345.773120318493,14.028027522753806,-18.570107899745935,2.9561571106188986e-19
1787278722.43398,twist +Z,fast,1787278713.1305244,-247.55132658292723,-185.9811221160361,1346.818644912185,13.948584158701554,-18.566349493719223,2.961114369190962e-19
1787278722.4450963,twist +Z,fast,1787278713.1305244,-245.7423712987479,-187.3542198945978,1341.6615526154574,14.051566492093631,-18.430677847405846,2.9604682240076844e-19
1787278722.456199,twist +Z,fast,1787278713.1305244,-245.89320403430838,-186.94534310996926,1340.2325637889307,14.02090073324661,-18.441990302572876,2.9596103300406767e-19
1787278722.4672148,twist +Z,fast,1787278713.1305244,-246.58045739543968,-186.64291411407214,1342.182887766422,13.998218558554303,-18.493534304657906,2.961949099076449e-19
1787278722.4783962,twist +Z,fast,1787278713.1305244,-247.13423789355284,-186.2753257274427,1342.0102965621272,13.970649429557074,-18.535067842016396,2.961065813946605e-19
1787278722.4893074,twist +Z,fast,1787278713.1305244,-247.1665347410194,-187.00078284362132,1346.2157218184502,14.025058713270386,-18.53749010557619,2.963752553024314e-19
1787278722.50062,twist +Z,fast,1787278713.1305244,-247.06020767573182,-188.04412286927288,1347.3448279466056,14.103309215194276,-18.52951557567983,2.9599546637519207e-19
1787278722.511705,twist +Z,fast,1787278713.1305244,-247.23933174247622,-187.89375525501475,1350.0086909368029,14.092031644124933,-18.542949880685363,2.9613553615241533e-19
1787278722.522601,twist +Z,fast,1787278713.1305244,-246.67299657636113,-187.95064993267022,1344.8649557471008,14.096298744949141,-18.500474743226953,2.957672700689756e-19
1787278722.5338316,twist +Z,fast,1787278713.1305244,-246.3012095615154,-188.009256385429,1345.3550814651762,14.100694228905997,-18.47259071711354,2.9596360571987745e-19
1787278722.544982,twist +Z,fast,1787278713.1305244,-245.35087920166688,-186.90134415208388,1345.5975463534314,14.017600811404893,-18.401315940124583,2.960397903085567e-19
1787278722.5561492,twist +Z,fast,1787278713.1305244,-245.85175456998286,-186.7435758092564,1348.0347391674322,14.005768185692975,-18.43888159274868,2.963185816908731e-19
1787278722.5669968,twist +Z,fast,1787278713.1305244,-246.08436526505602,-185.32783515703034,1345.9825821848617,13.899587636776236,-18.456327394878947,2.9599444303138725e-19
1787278722.5782003,twist +Z,fast,1787278713.1305244,-246.22080514498202,-185.39844181492901,1344.981001485864,13.904883136118602,-18.466560385873507,2.957090395670256e-19
1787278722.5892172,twist +Z,fast,1787278713.1305244,-245.7835593416662,-183.13414198028465,1347.624735732862,13.735060648520292,-18.43376695062475,2.95755420641797e-19
1787278722.6003492,twist +Z,fast,1787278713.1305244,-246.58851186649144,-185.2599998880156,1352.4030638638496,13.894499991599933,-18.494138389986645,2.9614993232472357e-19
1787278722.6117208,twist +Z,fast,1787278713.1305244,-246.99285409102913,-185.41717365389638,1356.1857524153738,13.906288024040837,-18.524464056827064,2.966408167566482e-19
1787278722.6225843,twist +Z,fast,1787278713.1305244,-247.40366021680393,-187.49645853654545,1353.5975431734541,14.062234390239627,-18.555274516260106,2.9683653778767374e-19
1787278722.6338682,twist +Z,fast,1787278713.1305244,-247.5526969353582,-188.54371044774996,1353.264151349823,14.140778283579923,-18.566452270151714,2.968473006641368e-19
1787278722.6449652,twist +Z,fast,1787278713.1305244,-248.32844020504263,-188.86561586018308,1351.767688556777,14.1649211895127,-18.624633015378222,2.9666879490213276e-19
1787278722.6558816,twist +Z,fast,1787278713.1305244,-248.3095781827792,-189.65928363604655,1351.0695261644696,14.224446272702355,-18.623218363708226,2.964748579442674e-19
1787278722.6670916,twist +Z,fast,1787278713.1305244,-246.88915622530794,-188.50971816873277,1349.244616430572,14.138228862653808,-18.516686716897887,2.963607034069902e-19
1787278722.6783867,twist +Z,fast,1787278713.1305244,-246.86791494169165,-188.7878513267234,1348.4329664082134,14.159088849503139,-18.51509362062673,2.964159581737837e-19
1787278722.689161,twist +Z,fast,1787278713.1305244,-246.55696730151294,-188.27718042235153,1348.3145373241323,14.12078853167505,-18.491772547613294,2.961800825611477e-19
1787278722.700411,twist +Z,fast,1787278713.1305244,-250.2234708115061,-186.1289480153074,1355.7420790190436,13.959671101147013,-18.766760310862814,2.965011420243253e-19
1787278722.7114823,twist +Z,fast,1787278713.1305244,-249.93376567078258,-186.07621661112637,1354.3939109092908,13.955716245833404,-18.745032425308324,2.962325768187809e-19
1787278722.7224927,twist +Z,fast,1787278713.1305244,-250.72340987295274,-185.54686516405775,1356.714562536451,13.916014887303266,-18.804255740471163,2.963875761619171e-19
1787278722.733622,twist +Z,fast,1787278713.1305244,-248.09169350957336,-188.01404544492414,1348.044297388974,14.101053408368177,-18.606877013217648,2.960072405459925e-19
1787278722.7448914,twist +Z,fast,1787278713.1305244,-247.7155667432503,-187.82842038723754,1351.004442856397,14.087131529041788,-18.578667505743553,2.9622218413978483e-19
1787278722.7556555,twist +Z,fast,1787278713.1305244,-247.51790225008472,-188.24654566350648,1351.459364434676,14.118490924761861,-18.563842668756145,2.9640965485600283e-19
1787278722.7670362,twist +Z,fast,1787278713.1305244,-248.57881528112694,-188.96174623410946,1356.3642723468047,14.172130967557113,-18.643411146084468,2.9686884636381326e-19
1787278722.7781804,twist +Z,fast,1787278713.1305244,-248.08992172866556,-188.81308569264036,1355.9254972221179,14.160981426946964,-18.606744129649726,2.968270792959501e-19
1787278722.7890654,twist +Z,fast,1787278713.1305244,-247.4298496998922,-190.31939370568068,1353.84879362837,14.273954527924975,-18.557238727491715,2.9650560944149827e-19
1787278722.8003592,twist +Z,fast,1787278713.1305244,-245.85341559745893,-189.3708852552901,1344.6361561342046,14.20281639414566,-18.43900616980946,2.958241418328528e-19
1787278722.8115702,twist +Z,fast,1787278713.1305244,-247.43228043314548,-190.46451123639133,1343.0835939526014,14.284838342728282,-18.55742103248572,2.9571815090023687e-19
1787278722.822371,twist +Z,fast,1787278713.1305244,-248.020433462239,-189.1343932194644,1340.6300037180908,14.18507949145847,-18.60153250966762,2.9547720210039783e-19
1787278722.8334181,twist +Z,fast,1787278713.1305244,-248.9575592291626,-189.31612861398014,1347.033830107569,14.198709646047224,-18.671816942187192,2.9586836709998033e-19
1787278722.8447127,twist +Z,fast,1787278713.1305244,-249.14438072664097,-188.42462597099768,1352.336823914372,14.131846947823707,-18.685828554498208,2.9629216234616795e-19
1787278722.8555613,twist +Z,fast,1787278713.1305244,-248.93787185037627,-188.06877786246616,1353.1618255186886,14.105158339683872,-18.67034038877813,2.9644705641791e-19
1787278722.8668938,twist +Z,fast,1787278713.1305244,-248.71095675465995,-187.65516075071866,1354.2847638016492,14.074137056302892,-18.65332175659954,2.9726325095516263e-19
1787278722.8780692,twist +Z,fast,1787278713.1305244,-247.9307452770986,-188.1959317372333,1347.4981100895939,14.114694880291527,-18.594805895782102,2.967889566964931e-19
1787278722.8889337,twist +Z,fast,1787278713.1305244,-247.90943609057695,-187.48201132168026,1347.9456339001927,14.061150849124974,-18.593207706793045,2.968560408069625e-19
1787278722.9002101,twist +Z,fast,1787278713.1305244,-248.46666167444482,-188.5637304844255,1349.2926300359295,14.142279786330693,-18.634999625583163,2.96412158333464e-19
1787278722.9113579,twist +Z,fast,1787278713.1305244,-248.4959700547447,-188.0500023433459,1352.4460054347592,14.103750175749813,-18.63719775410562,2.969152063380076e-19
1787278722.92226,twist +Z,fast,1787278713.1305244,-249.38617349691003,-189.14651283721457,1358.6210283982082,14.18598846278984,-18.703963012267955,2.9743201979693033e-19
1787278722.9334776,twist +Z,fast,1787278713.1305244,-247.7922952215008,-186.5132463853189,1353.745430725613,13.988493478897855,-18.584422141612364,2.9690403682860683e-19
1787278722.9445882,twist +Z,fast,1787278713.1305244,-247.84578362762977,-185.99581201853346,1352.004432853245,13.949685901388708,-18.588433772071987,2.9661428595969146e-19
1787278722.955558,twist +Z,fast,1787278713.1305244,-247.6237872088118,-186.460454431323,1348.469850673976,13.984534082348109,-18.571784040660845,2.96345993953193e-19
1787278722.9667623,twist +Z,fast,1787278713.1305244,-249.33716689758103,-187.75508396693306,1354.4085462835546,14.081631297518701,-18.70028751731823,2.965584125944296e-19
1787278722.977995,twist +Z,fast,1787278713.1305244,-249.04110030037418,-188.31627613931698,1355.5736331026847,14.12372071044776,-18.678082522527987,2.9643616319708424e-19
1787278722.9888847,twist +Z,fast,1787278713.1305244,-248.94996604207017,-187.46663647239086,1356.6387144021837,14.059997735428173,-18.67124745315507,2.9665564266269045e-19
1787278723.0000486,twist +Z,fast,1787278713.1305244,-247.88531081677274,-188.65265550924266,1352.3453655294697,14.148949163192146,-18.591398311257528,2.967782811858562e-19
1787278723.0113406,twist +Z,fast,1787278713.1305244,-248.6576289015452,-188.2753064045338,1351.6150489356887,14.120647980338891,-18.649322167615658,2.967507677424792e-19
1787278723.0222921,twist +Z,fast,1787278713.1305244,-248.03583871269393,-187.57574908585082,1346.717639341824,14.068181181437797,-18.602687903451667,2.9617155553608184e-19
1787278723.0333765,twist +Z,fast,1787278713.1305244,-248.99221775177602,-186.37794214995222,1352.4054338876094,13.978345661245132,-18.674416331382723,2.9643235276460493e-19
1787278723.0445547,twist +Z,fast,1787278713.1305244,-249.26581932404088,-186.2723161072521,1357.8820867338845,13.970423708042649,-18.694936449302908,2.969193234258432e-19
1787278723.0554361,twist +Z,fast,1787278713.1305244,-249.93756675345003,-187.7267295713974,1361.8829794935818,14.079504717853599,-18.74531750650857,2.9715082807782627e-19
1787278723.0666184,twist +Z,fast,1787278713.1305244,-248.74674271415688,-187.0861314114478,1355.4386777034606,14.031459855857282,-18.656005703561604,2.9661701329322127e-19
1787278723.0778148,twist +Z,fast,1787278713.1305244,-248.7517306995319,-187.36123158134512,1348.9540756441047,14.052092368599734,-18.656379802464635,2.9586718877998733e-19
1787278723.0885696,twist +Z,fast,1787278713.1305244,-249.4974640564892,-187.53125063468076,1351.4946416722823,14.064843797600009,-18.71230980423649,2.9630542812889603e-19
1787278723.0999227,twist +Z,fast,1787278713.1305244,-250.67144903605777,-188.129435092451,1354.4823924040275,14.109707631932725,-18.800358677704146,2.9675408110485364e-19
1787278723.1109767,twist +Z,fast,1787278713.1305244,-250.52605819936207,-188.26904537577673,1359.696136800926,14.12017840318217,-18.789454364951823,2.972938496334924e-19
1787278723.121999,twist +Z,fast,1787278713.1305244,-248.57930049375182,-187.88323905204845,1350.2668351774528,14.091242928902407,-18.643447537031037,2.9662738111556207e-19
1787278723.133296,twist +Z,fast,1787278713.1305244,-247.28627941145032,-187.36720879168377,1343.644472475099,14.052540659375044,-18.546470955858624,2.95421051253779e-19
1787278723.1444442,twist +Z,fast,1787278713.1305244,-247.55666288987277,-188.4226151156355,1339.5158585453019,14.131696133671529,-18.56674971674024,2.9528337539979774e-19
1787278723.1553588,twist +Z,fast,1787278713.1305244,-247.76192367639624,-189.3546363729639,1342.0623522429933,14.201597727971023,-18.58214427572957,2.9549526996324195e-19
1787278723.166623,twist +Z,fast,1787278713.1305244,-249.37694754090853,-190.58459210908666,1350.153047873052,14.293844408180465,-18.70327106556811,2.9646729452411927e-19
1787278723.1777265,twist +Z,fast,1787278713.1305244,-248.58185988502237,-189.30361423484067,1348.8377005905068,14.19777106761197,-18.643639491376476,2.9631909802617864e-19
1787278723.188604,twist +Z,fast,1787278713.1305244,-248.42468091063938,-188.24668565910645,1349.4165477788783,14.118501424431773,-18.631851068297763,2.9609887867059336e-19
1787278723.1999118,twist +Z,fast,1787278713.1305244,-247.7176518666297,-187.24938079519723,1348.6555700153995,14.04370355963852,-18.578823889997047,2.9631707403564318e-19
1787278723.2110958,twist +Z,fast,1787278713.1305244,-247.61283030964523,-187.23335805345243,1349.0922738154395,14.042501854007757,-18.57096227322311,2.961165113722694e-19
1787278723.2218142,twist +Z,fast,1787278713.1305244,-248.07452375242292,-186.94997827377813,1351.950668217728,14.02124837053211,-18.605589281431527,2.965547016346089e-19
1787278723.2332017,twist +Z,fast,1787278713.1305244,-249.63366128170264,-188.93427851782928,1354.7737286534639,14.170070888836111,-18.722524596127506,2.9666161003674786e-19
1787278723.2442389,twist +Z,fast,1787278713.1305244,-250.87593365042676,-190.72752915111744,1362.3750629620272,14.304564686332629,-18.81569502378219,2.9760917466765715e-19
1787278723.2551062,twist +Z,fast,1787278713.1305244,-252.15358786430397,-191.77875846049653,1360.962860710074,14.383406884536274,-18.911519089822598,2.9764797480100176e-19
1787278723.2664752,twist +Z,fast,1787278713.1305244,-249.2041322136979,-188.73288150103542,1355.774433987609,14.154966112576592,-18.69030991602711,2.972153032449267e-19
1787278723.2776258,twist +Z,fast,1787278713.1305244,-248.09074742730218,-186.19577579075474,1348.813929678924,13.964683184305375,-18.60680605704747,2.9666839412724398e-19
1787278723.2885308,twist +Z,fast,1787278713.1305244,-248.21899193503077,-184.71348728021815,1354.3075464518906,13.853511546015032,-18.61642439512716,2.9699286087375573e-19
1787278723.2998047,twist +Z,fast,1787278713.1305244,-248.69289595319833,-185.5391528589363,1352.7308505383035,13.915436464419205,-18.651967196489444,2.9656651807307317e-19
1787278723.310858,twist +Z,fast,1787278713.1305244,-248.61603029844582,-187.41994761652825,1354.4566039934734,14.056496071238403,-18.646202272383206,2.967854541433996e-19
1787278723.3218527,twist +Z,fast,1787278713.1305244,-247.5748067720874,-187.26261216759156,1346.1417326556884,14.044695912568404,-18.568110507906177,2.9628290684780214e-19
1787278723.3330662,twist +Z,fast,1787278713.1305244,-248.63647470897877,-188.365068643261,1343.2286117553604,14.127380148243379,-18.647735603173167,2.9659063147915707e-19
1787278723.3442595,twist +Z,fast,1787278713.1305244,-247.91711659246675,-187.7953605999677,1340.6837544671334,14.084652044996421,-18.59378374443486,2.9636297531096033e-19
1787278723.3552153,twist +Z,fast,1787278713.1305244,-247.24092470039204,-187.89703348066666,1342.990645247054,14.092277511048838,-18.543069352529166,2.9610183140928006e-19
1787278723.3664274,twist +Z,fast,1787278713.1305244,-247.6677866303039,-187.67098472288114,1348.8789451213024,14.075323854215089,-18.575083997272678,2.9670764047726286e-19
1787278723.3775527,twist +Z,fast,1787278713.1305244,-248.61413499979653,-187.10187012607628,1347.680739420296,14.032640259454528,-18.64606012498451,2.960683270380496e-19
1787278723.3883297,twist +Z,fast,1787278713.1305244,-249.51554812346012,-186.70541624167083,1352.0772476123211,14.002906218124057,-18.71366610925927,2.9689906519975984e-19
1787278723.3996708,twist +Z,fast,1787278713.1305244,-248.71405465123416,-185.7758527474233,1351.8999250916613,13.933188956055648,-18.65355409884259,2.9704668919758925e-19
1787278723.4108617,twist +Z,fast,1787278713.1305244,-248.41659966082216,-184.3530623416665,1354.4608623631075,13.826479675624103,-18.63124497456159,2.9758461932067743e-19
1787278723.4216387,twist +Z,fast,1787278713.1305244,-247.86149543206784,-184.38565197628975,1352.2953912554922,13.828923898220385,-18.589612157404865,2.9701396757259323e-19
1787278723.4328642,twist +Z,fast,1787278713.1305244,-247.89393080806667,-185.00083019245938,1351.9196005039857,13.875062264433257,-18.592044810604527,2.966705122957489e-19
1787278723.443734,twist +Z,fast,1787278713.1305244,-248.78254168744525,-186.42862037622479,1350.7915836558886,13.982146528215768,-18.658690626558062,2.968225637733258e-19
1787278723.4548907,twist +Z,fast,1787278713.1305244,-248.93755503529474,-187.18177426387422,1349.5349433721576,14.038633069789473,-18.670316627646898,2.970082805683869e-19
1787278723.4663973,twist +Z,fast,1787278713.1305244,-248.60213482915015,-186.5014403810959,1344.8710135331467,13.987608028581011,-18.645160112185877,2.9665260152098915e-19
1787278723.4774847,twist +Z,fast,1787278713.1305244,-246.50354017382278,-187.03476941723704,1341.564964211947,14.027607706291537,-18.487765513036507,2.962272717117403e-19
1787278723.4884937,twist +Z,fast,1787278713.1305244,-246.7148909023913,-187.326994282197,1344.4220065112977,14.049524571163833,-18.503616817679195,2.964546401115423e-19
1787278723.4995825,twist +Z,fast,1787278713.1305244,-245.67818360310002,-186.73477458365926,1345.9673651330058,14.005108093773433,-18.425863770232446,2.965252578522927e-19
1787278723.510776,twist +Z,fast,1787278713.1305244,-247.12979998061064,-185.85960980740344,1351.5512243048152,13.93947073555427,-18.53473499854573,2.969665388249556e-19
1787278723.5215063,twist +Z,fast,1787278713.1305244,-248.02308338652847,-185.39497396989384,1352.8154916871472,13.90462304774083,-18.601731253989364,2.968645054838505e-19
1787278723.5328953,twist +Z,fast,1787278713.1305244,-248.10371498954964,-186.68720457268694,1349.750019992508,14.001540342950324,-18.60777862421609,2.968660693444111e-19
1787278723.5439906,twist +Z,fast,1787278713.1305244,-247.73606015120413,-186.4064165756696,1348.053028582478,13.980481243174044,-18.580204511340135,2.9657575494867826e-19
1787278723.5546544,twist +Z,fast,1787278713.1305244,-247.14622842062136,-187.9775706735985,1344.489000046703,14.098317800518917,-18.535967131546464,2.9653475647308396e-19
1787278723.5658033,twist +Z,fast,1787278713.1305244,-247.5494895040879,-187.01053331972514,1347.8161020875987,14.025789998978357,-18.566211712806506,2.963275033113461e-19
1787278723.5770805,twist +Z,fast,1787278713.1305244,-247.9542259685618,-187.64891109718553,1348.904217149492,14.073668332287784,-18.596566947641882,2.9684962033260033e-19
1787278723.588067,twist +Z,fast,1787278713.1305244,-247.43827074217324,-186.69280348163204,1346.769211021393,14.001960261121258,-18.557870305662817,2.9672926187723086e-19
1787278723.5993493,twist +Z,fast,1787278713.1305244,-246.46453443437758,-187.53461611580303,1345.8975569005643,14.065096208684114,-18.48484008257814,2.97123191516677e-19
1787278723.6106281,twist +Z,fast,1787278713.1305244,-245.5301557696689,-186.65253390767987,1343.425215594575,13.9989400430748,-18.414761682724993,2.964020553011243e-19
1787278723.6214602,twist +Z,fast,1787278713.1305244,-246.10881223865772,-186.03383257212352,1348.3212331714903,13.952537442908,-18.458160917899257,2.9637399383655964e-19
1787278723.632617,twist +Z,fast,1787278713.1305244,-246.82381729692452,-186.2560801899889,1347.3236965951282,13.969206014247963,-18.511786297268976,2.961162357736278e-19
1787278723.6437774,twist +Z,fast,1787278713.1305244,-247.36953514387415,-187.06587849600658,1351.6954392530888,14.029940887199462,-18.55271513579047,2.9661183911397017e-19
1787278723.6545675,twist +Z,fast,1787278713.1305244,-247.57664574370892,-188.22034369852224,1352.0884352398616,14.116525777387995,-18.568248430778006,2.969515567692322e-19
1787278723.6659558,twist +Z,fast,1787278713.1305244,-247.35880671868063,-186.66092320167638,1352.8271243310255,13.999569240124405,-18.551910503901063,2.971201444211239e-19
1787278723.6770754,twist +Z,fast,1787278713.1305244,-247.11855800047988,-186.35092336151308,1350.7377597370787,13.976319252112422,-18.533891850036078,2.97360191101981e-19
1787278723.687986,twist +Z,fast,1787278713.1305244,-247.38336234555254,-186.68085244521228,1350.7900859571992,14.001063933390046,-18.553752175916273,2.9725341478375766e-19
1787278723.6993423,twist +Z,fast,1787278713.1305244,-247.92999438789911,-187.3880481329935,1350.438907755336,14.054103609973271,-18.59474957909233,2.968127251676428e-19
1787278723.7103882,twist +Z,fast,1787278713.1305244,-248.58476475262387,-186.9876943203284,1351.3541789080891,14.02407707402337,-18.64385735644656,2.9653280611088956e-19
1787278723.7213311,twist +Z,fast,1787278713.1305244,-248.3450837918649,-186.77141860643235,1349.4987675487691,14.007856395481259,-18.625881284389777,2.965539019090048e-19
1787278723.7325995,twist +Z,fast,1787278713.1305244,-247.82788337550164,-186.2448327757105,1352.3217579589245,13.9683624581772,-18.587091253162413,2.966682240096775e-19
1787278723.743668,twist +Z,fast,1787278713.1305244,-246.15359286573812,-187.0432316730088,1349.8325953717422,14.028242375474552,-18.461519464930163,2.9646015814598614e-19
1787278723.7546263,twist +Z,fast,1787278713.1305244,-246.35287570169794,-185.18404539504115,1349.9685804379396,13.888803404626845,-18.47646567762721,2.962981321312957e-19
1787278723.765873,twist +Z,fast,1787278713.1305244,-247.16651720284108,-187.42882357089877,1346.9609420610805,14.057161767816229,-18.537488790212976,2.9657643978258373e-19
1787278723.7770376,twist +Z,fast,1787278713.1305244,-249.35299668247217,-187.7393377140337,1351.39810290456,14.080450328551382,-18.70147475118501,2.970451754203785e-19
1787278723.7878494,twist +Z,fast,1787278713.1305244,-248.52008865169182,-188.33724718005726,1349.5893846739355,14.125293538503332,-18.639006648876425,2.969966198359185e-19
1787278723.7991762,twist +Z,fast,1787278713.1305244,-247.9259494710891,-188.1227482481621,1349.1815384502197,14.10920611861133,-18.594446210331682,2.9704845739857393e-19
1787278723.810317,twist +Z,fast,1787278713.1305244,-246.1964795816716,-186.66121147220963,1345.818350200062,13.999590860414376,-18.46473596862522,2.967997540821427e-19
1787278723.8212974,twist +Z,fast,1787278713.1305244,-246.13104861810507,-187.01693675546346,1345.154039704762,14.026270256658382,-18.45982864635802,2.966076303973314e-19
1787278723.8324873,twist +Z,fast,1787278713.1305244,-245.5297572907607,-184.85821345669854,1349.5979265500255,13.86436600925136,-18.414731796806947,2.964765579487216e-19
1787278723.8435428,twist +Z,fast,1787278713.1305244,-245.7950981907702,-185.6873152092595,1349.487530420699,13.92654864069333,-18.434632364307703,2.9632104696766055e-19
1787278723.85482,twist +Z,fast,1787278713.1305244,-246.25215641454588,-185.50786371938,1352.223166020428,13.91308977895213,-18.468911731090806,2.964442478302394e-19
1787278723.8659136,twist +Z,fast,1787278713.1305244,-247.26268659750122,-185.76451438546758,1348.3857265221932,13.932338578908873,-18.544701494812337,2.961965221914386e-19
1787278723.8770063,twist +Z,fast,1787278713.1305244,-247.97457020513912,-185.28753464654358,1347.6522996491467,13.89656509848962,-18.59809276538526,2.963346665927981e-19
1787278723.8879304,twist +Z,fast,1787278713.1305244,-247.76654224813728,-185.6843416600551,1347.334131501345,13.926325624503253,-18.582490668610156,2.9674195642406357e-19
1787278723.8991077,twist +Z,fast,1787278713.1305244,-247.31525696571907,-187.0308769552713,1346.557824150993,14.027315771644428,-18.54864427242888,2.9685937665213756e-19
1787278723.910169,twist +Z,fast,1787278713.1305244,-246.87539258158677,-187.13321032041415,1348.2913392957244,14.034990774029911,-18.515654443618573,2.966431509140907e-19
1787278723.9211977,twist +Z,fast,1787278713.1305244,-247.3888641377048,-186.31166476231272,1353.132053964052,13.973374857172221,-18.55416481032782,2.969811025625435e-19
1787278723.932611,twist +Z,fast,1787278713.1305244,-248.44542695875998,-186.63890330563174,1356.4211837824305,13.997917747921225,-18.633407021906997,2.9726377043849813e-19
1787278723.9435546,twist +Z,fast,1787278713.1305244,-249.25071460007302,-188.19343167960517,1355.7336780476262,14.114507375969314,-18.69380359500518,2.9760229204371313e-19
1787278723.9543998,twist +Z,fast,1787278713.1305244,-249.18388089930386,-189.89252390267495,1352.165790670454,14.241939292699573,-18.68879106744763,2.971072238932366e-19
1787278723.965751,twist +Z,fast,1787278713.1305244,-249.52889261097562,-189.9726741842229,1353.5630074240862,14.247950563815554,-18.714666945822962,2.9758168579893744e-19
1787278723.9769413,twist +Z,fast,1787278713.1305244,-248.8538531739773,-189.72048527966956,1351.1735173622556,14.229036395974322,-18.664038988048148,2.972941431406582e-19
1787278723.987713,twist +Z,fast,1787278713.1305244,-248.44862213090573,-187.97836923941975,1351.794652362677,14.098377692955271,-18.633646659817586,2.9725951533021543e-19
1787278723.9988618,twist +Z,fast,1787278713.1305244,-246.38439561920723,-185.7370010157507,1346.7779896741458,13.930275076180283,-18.47882967144041,2.9638623531916835e-19
1787278724.010262,twist +Z,fast,1787278713.1305244,-246.56822570361373,-185.740860101267,1349.0716571038365,13.93056450759386,-18.492616927770932,2.966243712161671e-19
1787278724.021216,twist +Z,fast,1787278713.1305244,-247.82635281223475,-187.64993283071283,1353.3724879411557,14.073744962302005,-18.586976460917263,2.969720948307157e-19
1787278724.032396,twist +Z,fast,1787278713.1305244,-248.9673056927054,-188.52098198101305,1357.494121616176,14.139073648574882,-18.672547926952667,2.9743016894371915e-19
1787278724.0435297,twist +Z,fast,1787278713.1305244,-248.41341826080907,-187.01525875802042,1359.1698893722996,14.02614440685051,-18.631006369560495,2.976256645701515e-19
1787278724.0541658,twist +Z,fast,1787278713.1305244,-246.94152855672064,-185.35455986461045,1353.5505334772306,13.901591989844835,-18.52061464175383,2.973157055062697e-19
1787278724.0658073,twist +Z,fast,1787278713.1305244,-247.2981278822058,-186.20990608905015,1351.1525286616097,13.965742956677762,-18.547359591165318,2.9730389804383536e-19
1787278724.076826,twist +Z,fast,1787278713.1305244,-247.01598684791725,-185.45987104284143,1348.3041191397706,13.909490328212133,-18.52619901359357,2.970376205700179e-19
1787278724.0878634,twist +Z,fast,1787278713.1305244,-248.52425189225278,-185.7813200177162,1353.9619033366116,13.933599001327583,-18.63931889191865,2.976341809106778e-19
1787278724.0989847,twist +Z,fast,1787278713.1305244,-247.78526790840942,-184.28365259498207,1355.8787163549614,13.821273944622522,-18.5838950931308,2.9762215596447075e-19
1787278724.1100929,twist +Z,fast,1787278713.1305244,-248.6054809780312,-185.29584209046277,1359.1709126010037,13.897188156783617,-18.645411073352143,2.9789636349115804e-19
1787278724.1210368,twist +Z,fast,1787278713.1305244,-247.43552063414472,-185.09272018865852,1357.130905514402,13.881954014148238,-18.5576640475609,2.976943293543924e-19
1787278724.1322465,twist +Z,fast,1787278713.1305244,-248.83098548770295,-186.46792089461917,1360.3444633201552,13.985094067095364,-18.662323911577445,2.9817484082968275e-19
1787278724.1434834,twist +Z,fast,1787278713.1305244,-248.25134697604744,-186.67975816611022,1355.4059252674188,14.000981862457255,-18.618851023203305,2.9751131643517208e-19
1787278724.1542835,twist +Z,fast,1787278713.1305244,-248.16290397027524,-187.04751363550884,1349.8482947775237,14.028563522661987,-18.61221779777052,2.9713537656566473e-19
1787278724.1655543,twist +Z,fast,1787278713.1305244,-247.04869486486177,-187.24779448304037,1349.316385111585,14.043584586227045,-18.528652114864315,2.972724485893908e-19
1787278724.1789534,twist +Z,fast,1787278713.1305244,-247.1937969850528,-186.2790750433943,1350.0983539662893,13.970930628253232,-18.539534773878685,2.974967783691561e-19
1787278724.187437,twist +Z,fast,1787278713.1305244,-246.05955097599463,-185.3365281413893,1348.0538611369166,13.900239610603226,-18.45446632319947,2.9682955571638684e-19
1787278724.1987538,twist +Z,fast,1787278713.1305244,-245.75738923649578,-184.15086166315007,1342.2138275743719,13.811314624735008,-18.431804192737033,2.96222867860029e-19
1787278724.2127197,twist +Z,fast,1787278713.1305244,-246.51069480293836,-184.77842804528484,1345.122960756612,13.858382103395218,-18.488302110220282,2.963755175995448e-19
1787278724.220813,twist +Z,fast,1787278713.1305244,-247.48839144282056,-184.16966349524625,1349.8392530964784,13.812724762142413,-18.561629358211313,2.9671089441975927e-19
1787278724.232102,twist +Z,fast,1787278713.1305244,-247.5195270242698,-184.5114781958829,1347.7338220808315,13.838360864690063,-18.56396452682,2.962304186230343e-19
1787278724.245176,twist +Z,fast,1787278713.1305244,-247.51092386759547,-184.11853811792787,1349.1560663269056,13.808890358843346,-18.563319290069465,2.9611054680776495e-19
1787278724.2542286,twist +Z,fast,1787278713.1305244,-247.74371345186728,-186.17702179076616,1348.3343007420399,13.963276634306286,-18.580778508889857,2.9634937533963706e-19
1787278724.265489,twist +Z,fast,1787278713.1305244,-247.82420156258877,-186.65965635779241,1354.0428127332898,13.999474226833431,-18.58681511719392,2.9684165232402837e-19
1787278724.276563,twist +Z,fast,1787278713.1305244,-248.2321004388682,-187.16148029104977,1349.851590968491,14.037111021827403,-18.61740753291479,2.9705955963926598e-19
1787278724.2876556,twist +Z,fast,1787278713.1305244,-248.32210170524513,-186.20945430597192,1351.5501259333041,13.965709072946613,-18.624157627893105,2.972337545272688e-19
1787278724.298912,twist +Z,fast,1787278713.1305244,-247.74087623755304,-186.0642514451141,1347.4429075249855,13.954818858382286,-18.580565717816434,2.9697159636501727e-19
1787278724.3099694,twist +Z,fast,1787278713.1305244,-247.87404408505563,-187.06278487406246,1351.9666138206785,14.02970886555342,-18.590553306379157,2.9713169711573986e-19
1787278724.3209531,twist +Z,fast,1787278713.1305244,-247.96835888771284,-187.81408129203544,1352.5391312496113,14.086056096901533,-18.59762691657844,2.9715839563078223e-19
1787278724.3320746,twist +Z,fast,1787278713.1305244,-248.42310170275368,-186.49075017191296,1356.3348466694833,13.986806262892262,-18.63173262770617,2.972391753144104e-19
1787278724.3432899,twist +Z,fast,1787278713.1305244,-247.63838399164933,-186.33179308531237,1352.7477052453733,13.974884481397357,-18.57287879937327,2.9703019242172325e-19
1787278724.3541048,twist +Z,fast,1787278713.1305244,-249.5752230364019,-187.17250532738728,1354.108802437794,14.037937899552805,-18.71814172772988,2.9731358736191225e-19
1787278724.3654063,twist +Z,fast,1787278713.1305244,-250.40924740975197,-188.7983129772257,1349.4615001307402,14.159873473290862,-18.780693555731332,2.973819457193023e-19
1787278724.3766391,twist +Z,fast,1787278713.1305244,-250.61253383642043,-190.4077874334074,1350.8458814992618,14.28058405750426,-18.795940037731313,2.974913389737751e-19
1787278724.3875031,twist +Z,fast,1787278713.1305244,-248.7004430357715,-188.79063119491582,1349.4781819377959,14.159297339617428,-18.652533227682774,2.969712901569041e-19
1787278724.3987453,twist +Z,fast,1787278713.1305244,-247.25676301688645,-187.61733777450684,1350.20874608979,14.071300333086672,-18.544257226266055,2.96948959940513e-19
1787278724.4098916,twist +Z,fast,1787278713.1305244,-246.89087440001595,-185.6424294376087,1347.4450677463838,13.92318220781944,-18.51681558000096,2.968064497816792e-19
1787278724.4205494,twist +Z,fast,1787278713.1305244,-247.21161247238933,-186.75535255448824,1347.8031166877618,14.00665144158538,-18.54087093542892,2.9732539429653815e-19
1787278724.431693,twist +Z,fast,1787278713.1305244,-248.0964867651105,-188.0124764510657,1351.6243625542547,14.100935733828653,-18.607236507383043,2.9729723464607813e-19
1787278724.4428222,twist +Z,fast,1787278713.1305244,-247.79690706408246,-188.1073160945274,1352.9312310298365,14.108048707088503,-18.584768029806227,2.970682150787205e-19
1787278724.4540343,twist +Z,fast,1787278713.1305244,-247.01927097882844,-187.83072306207816,1350.7331319312443,14.087304229654837,-18.52644532341221,2.965415779129473e-19
1787278724.465067,twist +Z,fast,1787278713.1305244,-247.93540892515512,-188.45695995046287,1351.5315037834816,14.134271996283506,-18.595155669386592,2.9667655211859233e-19
1787278724.4765081,twist +Z,fast,1787278713.1305244,-247.25815428992473,-188.6159477991922,1347.4367319585172,14.14619608493813,-18.544361571744282,2.969752427856232e-19
1787278724.4872518,twist +Z,fast,1787278713.1305244,-248.26188847965068,-188.60431490322833,1349.7901195111817,14.145323617740932,-18.619641635973572,2.9722292528227803e-19
1787278724.4984896,twist +Z,fast,1787278713.1305244,-248.17230755901846,-188.1506750067116,1346.0608908125078,14.11130062550227,-18.61292306692622,2.9701689028702164e-19
1787278724.5098116,twist +Z,fast,1787278713.1305244,-249.8278022157042,-189.01723771596187,1353.521260505967,14.176292828695953,-18.737085166177906,2.9718087297508606e-19
1787278724.5206046,twist +Z,fast,1787278713.1305244,-249.89210761965978,-189.14797776467879,1354.9456825610569,14.186098332349918,-18.741908071474462,2.971131026612519e-19
1787278724.5318677,twist +Z,fast,1787278713.1305244,-249.1897945240912,-187.95400256175105,1356.4711775774222,14.096550192130383,-18.689234589306707,2.9710665022478693e-19
1787278724.5431514,twist +Z,fast,1787278713.1305244,-247.1986645229149,-186.41081680352147,1349.0832531137703,13.980811260263057,-18.53989983921842,2.96549886345496e-19
1787278724.5539734,twist +Z,fast,1787278713.1305244,-246.7638248519338,-186.53492350433555,1344.5532875750187,13.990119262823999,-18.50728686389492,2.9639072205770367e-19
1787278724.5651853,twist +Z,fast,1787278713.1305244,-246.37553633642938,-187.0658983824734,1343.8840551375333,14.0299423786843,-18.478165225232203,2.9664362581987946e-19
1787278724.5763314,twist +Z,fast,1787278713.1305244,-247.20565704331557,-188.81134260908505,1346.3829166048718,14.160850695680256,-18.540424278248608,2.965738569805419e-19
1787278724.5872917,twist +Z,fast,1787278713.1305244,-248.00681021422088,-188.80518643746643,1351.6857042242546,14.160388982808872,-18.60051076606645,2.969667684721683e-19
1787278724.5984604,twist +Z,fast,1787278713.1305244,-248.08444290740908,-189.12206195732495,1350.5451753445132,14.184154646798238,-18.606333218055724,2.965551464918721e-19
1787278724.60959,twist +Z,fast,1787278713.1305244,-248.00790220526642,-187.526155186173,1350.9336668268015,14.064461638961792,-18.6005926653948,2.9666008543305114e-19
1787278724.6205606,twist +Z,fast,1787278713.1305244,-246.97171686516822,-186.1790096897647,1347.7395086652514,13.963425726731405,-18.522878764887416,2.9622516768279037e-19
1787278724.6317995,twist +Z,fast,1787278713.1305244,-247.40842069817472,-185.05952958833416,1351.7386172460183,13.879464719124034,-18.555631552362954,2.964670522090808e-19
1787278724.6427958,twist +Z,fast,1787278713.1305244,-249.12210594231283,-186.37578507311162,1357.7171174586065,13.97818388048238,-18.68415794567334,2.9713218769845487e-19
1787278724.6539342,twist +Z,fast,1787278713.1305244,-248.3916704232147,-186.86941087007392,1351.4490696601179,14.015205815254351,-18.629375281740884,2.9705674235973044e-19
1787278724.6652336,twist +Z,fast,1787278713.1305244,-248.40513306037838,-188.93645266182568,1350.9230728334287,14.170233949635833,-18.630384979528216,2.974959240332747e-19
1787278724.6759531,twist +Z,fast,1787278713.1305244,-246.97918303975575,-188.44563950735403,1341.906578543655,14.133422963050567,-18.523438727981656,2.966727915661064e-19
1787278724.6872623,twist +Z,fast,1787278713.1305244,-247.12011380113609,-188.0767484563438,1344.1172199466446,14.105756134224809,-18.534008535085057,2.966766210831382e-19
1787278724.6984017,twist +Z,fast,1787278713.1305244,-246.8690956282212,-185.84939880068748,1342.4239546610488,13.938704910050323,-18.515182172116482,2.9609093472081877e-19
1787278724.7096033,twist +Z,fast,1787278713.1305244,-246.83522929245783,-184.65375404689087,1348.3949019232577,13.849031553515776,-18.51264219693391,2.964370007449852e-19
1787278724.7205617,twist +Z,fast,1787278713.1305244,-246.99339901290887,-184.98967187537767,1350.3559921117858,13.874225390652146,-18.524504925967705,2.960966123545e-19
1787278724.7316673,twist +Z,fast,1787278713.1305244,-246.88617462014054,-186.28237787993146,1350.128097344891,13.971178340993806,-18.516463096510286,2.9593531514467304e-19
1787278724.7428055,twist +Z,fast,1787278713.1305244,-247.09560659709996,-185.14563571461338,1351.3651985078368,13.885922678594913,-18.532170494782406,2.9600815105000063e-19
1787278724.7538645,twist +Z,fast,1787278713.1305244,-246.81343021904695,-185.5891098205476,1349.2537573696272,13.919183236540153,-18.511007266428237,2.9624756474653777e-19
1787278724.7649157,twist +Z,fast,1787278713.1305244,-247.1143282954913,-186.07035028748066,1351.1269161819464,13.955276271559928,-18.5335746221619,2.9685377228724745e-19
1787278724.7762582,twist +Z,fast,1787278713.1305244,-247.67571612103302,-187.81529539913356,1348.0342713993332,14.086147154934029,-18.575678709077344,2.968143790215441e-19
1787278724.7869859,twist +Z,fast,1787278713.1305244,-248.02134536114636,-187.65929059669622,1346.0759600397496,14.074446794751001,-18.601600902085742,2.964767742170914e-19
1787278724.7982771,twist +Z,fast,1787278713.1305244,-247.8072143019731,-187.46938663025628,1342.411542954992,14.060203997268008,-18.585541072647658,2.96008124298857e-19
1787278724.8094268,twist +Z,fast,1787278713.1305244,-248.1426192632357,-186.73689917166473,1341.5851754019977,14.005267437873645,-18.610696444742814,2.958237503576848e-19
1787278724.8204613,twist +Z,fast,1787278713.1305244,-248.01979654762135,-186.56571808442902,1348.2090086740327,13.992428856330921,-18.60148474107158,2.966131594789146e-19
1787278724.8315911,twist +Z,fast,1787278713.1305244,-247.9553657470965,-185.53542448539417,1349.414432227447,13.91515683640353,-18.59665243103222,2.9649631699450505e-19
1787278724.84277,twist +Z,fast,1787278713.1305244,-247.1181722553515,-187.21203281327814,1351.1916428734703,14.040902460994662,-18.533862919151225,2.9671830068040514e-19
1787278724.8535511,twist +Z,fast,1787278713.1305244,-248.0148937498102,-188.42279747056944,1350.2601832781702,14.131709810291643,-18.60111703123561,2.964354740608562e-19
1787278724.8649225,twist +Z,fast,1787278713.1305244,-248.2763698307267,-189.20552592325942,1351.6366518681216,14.190414444243505,-18.620727737304506,2.96819290232437e-19
1787278724.875926,twist +Z,fast,1787278713.1305244,-248.8949879915258,-189.56691459586875,1352.4273518503114,14.217518594689,-18.6671240993643,2.9686972297993114e-19
1787278724.8869689,twist +Z,fast,1787278713.1305244,-248.786306738461,-190.2585822899149,1353.9741574096652,14.269393671742467,-18.65897300538414,2.973698957584359e-19
1787278724.8982432,twist +Z,fast,1787278713.1305244,-248.07285946214733,-189.66997478128712,1351.618949822153,14.22524810859547,-18.605464459660894,2.9724020447326506e-19
1787278724.9093182,twist +Z,fast,1787278713.1305244,-247.42923498427126,-189.03879270891832,1351.043359220167,14.17790945316776,-18.557192623820228,2.971724006636764e-19
1787278724.9202158,twist +Z,fast,1787278713.1305244,-248.4035547796907,-189.17737134145102,1350.3499141320362,14.18830285060783,-18.630266608476788,2.970824985998116e-19
1787278724.9314666,twist +Z,fast,1787278713.1305244,-248.80223470011651,-190.0395332359659,1353.73238978284,14.252964992696366,-18.66016760250845,2.973929787762206e-19
1787278724.9423854,twist +Z,fast,1787278713.1305244,-249.1510709324516,-189.59230913516728,1352.1911237047689,14.21942318513658,-18.68633031993363,2.9720032055218386e-19
1787278724.9532902,twist +Z,fast,1787278713.1305244,-247.59744339896542,-187.37430159474377,1349.971575574663,14.05307261960461,-18.56980825492225,2.96846880131932e-19
1787278724.9647248,twist +Z,fast,1787278713.1305244,-247.6282156869961,-187.04541225358946,1347.048761124067,14.028405919018187,-18.572116176524638,2.962116731203062e-19
1787278724.976024,twist +Z,fast,1787278713.1305244,-247.82891510746822,-187.5983690739855,1349.7385155049606,14.069877680547865,-18.58716863305999,2.9641698149415035e-19
1787278724.9867487,twist +Z,fast,1787278713.1305244,-248.62240367893946,-188.95169339728102,1351.8929761945064,14.171377004794909,-18.646680275920318,2.9673065537263706e-19
1787278724.9979854,twist +Z,fast,1787278713.1305244,-249.6435193848024,-189.77216811121582,1355.4839640137207,14.232912608340175,-18.72326395385995,2.972955725326052e-19
1787278725.0091517,twist +Z,fast,1787278713.1305244,-250.15624885002444,-190.15438073851635,1354.3881672461948,14.261578555387377,-18.76171866375153,2.97335286907215e-19
1787278725.0199478,twist +Z,fast,1787278713.1305244,-250.36834720689376,-190.1043521239318,1355.4835286591706,14.257826409293674,-18.777626040516886,2.975815176721464e-19
1787278725.0314236,twist +Z,fast,1787278713.1305244,-249.00706538288568,-189.44134094114827,1351.3629437945428,14.208100570584879,-18.675529903716303,2.97473965737187e-19
1787278725.0425434,twist +Z,fast,1787278713.1305244,-247.5283957475799,-188.4560086807886,1349.8441302088258,14.134200651057998,-18.56462968106832,2.9736831712583857e-19
1787278725.0535495,twist +Z,fast,1787278713.1305244,-247.21960374212676,-188.20753202195158,1348.1218197830249,14.11556490164519,-18.54147028065919,2.97020229857252e-19
1787278725.0646346,twist +Z,fast,1787278713.1305244,-246.94227895403628,-186.51786099544017,1350.2270249934127,13.98883957465684,-18.520670921552473,2.9685390318445643e-19
1787278725.0758498,twist +Z,fast,1787278713.1305244,-246.8932815161802,-186.44051098509237,1349.6497545353277,13.983038323880837,-18.51699611371307,2.9664328080009654e-19
1787278725.0867352,twist +Z,fast,1787278713.1305244,-247.090406165918,-186.65560550924317,1347.8066865957599,13.999170413192264,-18.531780462443727,2.966517666711826e-19
1787278725.0978177,twist +Z,fast,1787278713.1305244,-246.88717405828856,-186.93394301025194,1342.4893622953941,14.020045725767833,-18.516538054371132,2.96011667607028e-19
1787278725.108956,twist +Z,fast,1787278713.1305244,-246.6661951961628,-186.6406394025613,1342.0496267288281,13.998047955190845,-18.4999646397118,2.961151541967022e-19
1787278725.1200268,twist +Z,fast,1787278713.1305244,-245.06419826072806,-187.13071552630493,1339.0348194681528,14.034803664471628,-18.379814869554316,2.953489508349001e-19
1787278725.1312277,twist +Z,fast,1787278713.1305244,-245.90630333932904,-187.79797813272705,1344.7507591112926,14.08484835995326,-18.442972750449464,2.9610337080114666e-19
1787278725.1422882,twist +Z,fast,1787278713.1305244,-247.59725978791948,-188.06113866821227,1348.6915521468172,14.10458540011469,-18.569794484093784,2.962787054172647e-19
1787278725.153316,twist +Z,fast,1787278713.1305244,-248.19742331384396,-187.18176829765332,1348.2468799815024,14.038632622322897,-18.614806748538037,2.9669813669429735e-19
1787278725.1645608,twist +Z,fast,1787278713.1305244,-247.37654695978335,-188.09702723707744,1344.381338642911,14.107277042779604,-18.553241021983645,2.96566405239497e-19
1787278725.1781025,twist +Z,fast,1787278713.1305244,-246.87396476370532,-188.51752864590355,1344.6416517921343,14.138814648441699,-18.515547357277754,2.9692231279894104e-19
1787278725.1863914,twist +Z,fast,1787278713.1305244,-247.18985509650292,-188.76583767629575,1348.8876420761453,14.157437825720894,-18.539239132237512,2.969280951335101e-19
1787278725.1977572,twist +Z,fast,1787278713.1305244,-248.21617643364925,-188.26859563332357,1354.2804560164159,14.120144672498117,-18.616213232523464,2.97415562435846e-19
1787278725.2089272,twist +Z,fast,1787278713.1305244,-247.67106604591982,-188.76364206230699,1351.9090678106413,14.157273154671845,-18.575329953443976,2.9717039563492906e-19
1787278725.2198222,twist +Z,fast,1787278713.1305244,-246.86683947019583,-188.84724948043493,1350.0548880710203,14.163543711031469,-18.515012960264414,2.971406474686943e-19
1787278725.231238,twist +Z,fast,1787278713.1305244,-246.4894760276079,-188.57852563344352,1343.0422076246477,14.143389422507287,-18.486710702070482,2.9665648883266796e-19
1787278725.2422833,twist +Z,fast,1787278713.1305244,-246.09833166109502,-186.6767551009117,1343.064581994292,14.000756632567334,-18.457374874581824,2.965345599675763e-19
1787278725.2530415,twist +Z,fast,1787278713.1305244,-248.17970926092175,-186.37220990293292,1348.631090504815,13.977915742718839,-18.613478194569026,2.9761935239834316e-19
1787278725.2643554,twist +Z,fast,1787278713.1305244,-247.8870847502435,-187.71097328097915,1350.9144229343083,14.078322996072306,-18.591531356268284,2.977421223783188e-19
1787278725.2779655,twist +Z,fast,1787278713.1305244,-247.48189660561593,-188.4733129822074,1347.2646188314075,14.135498473664246,-18.561142245420996,2.9732453500624668e-19
1787278725.286255,twist +Z,fast,1787278713.1305244,-245.58176176008828,-187.5512133362173,1346.1102478065122,14.066341000215036,-18.41863213200636,2.9666411682482135e-19
1787278725.2977633,twist +Z,fast,1787278713.1305244,-246.07063022282773,-185.43411565154076,1346.2463990248116,13.907558673864532,-18.455297266711952,2.9635979857707735e-19
1787278725.3088622,twist +Z,fast,1787278713.1305244,-246.77060413185563,-185.89251027862872,1349.685904142082,13.941938270895964,-18.507795309888955,2.963943118849048e-19
1787278725.3197289,twist +Z,fast,1787278713.1305244,-247.1616736432875,-186.24543009643082,1348.0849953175757,13.968407257231267,-18.537125523246452,2.9639687920296443e-19
1787278725.3309276,twist +Z,fast,1787278713.1305244,-247.057535799579,-186.98907727621588,1352.948987890496,14.024180795715186,-18.52931518496859,2.9706647029771167e-19
1787278725.3439114,twist +Z,fast,1787278713.1305244,-247.43578297454633,-187.33753671838429,1354.9061460662351,14.05031525387773,-18.55768372309071,2.9743790551775844e-19
1787278725.3531878,twist +Z,fast,1787278713.1305244,-246.9341876971598,-187.97003040206334,1350.8336130011821,14.09775228015356,-18.520064077286825,2.974852108234971e-19
1787278725.3643572,twist +Z,fast,1787278713.1305244,-246.40565073738935,-186.8563956619322,1346.2588253722834,14.01422967464379,-18.480423805304262,2.9676235821161427e-19
1787278725.37778,twist +Z,fast,1787278713.1305244,-246.5547628712252,-186.80678643098793,1342.7237538782874,14.010508982322964,-18.4916072153418,2.965927204504227e-19
1787278725.3863838,twist +Z,fast,1787278713.1305244,-247.23772476291788,-186.56074260449043,1345.7601427269847,13.992055695335697,-18.542829357218743,2.9633392154662865e-19
1787278725.3976383,twist +Z,fast,1787278713.1305244,-248.36143563591895,-188.5256145898394,1348.8209322744542,14.139421094237054,-18.62710767269379,2.968728775338999e-19
1787278725.410119,twist +Z,fast,1787278713.1305244,-248.08544409784145,-186.6002948799652,1349.8382443915061,13.995022115996338,-18.606408307337965,2.9661331222579166e-19
1787278725.4196577,twist +Z,fast,1787278713.1305244,-247.3124681708082,-187.71509050186853,1343.6871708335957,14.078631787639157,-18.548435112810253,2.962714280550557e-19
1787278725.4309504,twist +Z,fast,1787278713.1305244,-246.53994745787304,-186.73378127330136,1341.9097671188529,14.005033595496375,-18.49049605934045,2.957465252311203e-19
1787278725.4435318,twist +Z,fast,1787278713.1305244,-246.33227453783684,-187.48159578431466,1342.4222725842037,14.061119683822302,-18.474920590337632,2.961582437434519e-19
1787278725.453243,twist +Z,fast,1787278713.1305244,-247.90105377853297,-187.78853210707564,1345.3299001920304,14.084139908029346,-18.592579033389825,2.9634498245598683e-19
1787278725.464212,twist +Z,fast,1787278713.1305244,-248.32983446654134,-188.6558902669086,1345.7382145788097,14.149191770017072,-18.624737584990285,2.9637221983612844e-19
1787278725.4756608,twist +Z,fast,1787278713.1305244,-248.3954661260118,-190.53427098596774,1345.7833889409658,14.290070323946555,-18.629659959450734,2.9618427169998096e-19
1787278725.486361,twist +Z,fast,1787278713.1305244,-247.29874753623653,-189.10858403359782,1346.1483010146449,14.183143802518845,-18.54740606521748,2.9660799776267566e-19
1787278725.497616,twist +Z,fast,1787278713.1305244,-247.71390656148697,-189.5515015815471,1345.5195277341527,14.216362618615097,-18.578542992111288,2.9688196025434845e-19
1787278725.5091977,twist +Z,fast,1787278713.1305244,-247.8163547272684,-187.2190700850157,1347.176921139876,14.041430256374998,-18.586226604544983,2.969946932421779e-19
1787278725.5196545,twist +Z,fast,1787278713.1305244,-246.8043317365823,-186.78229120797494,1345.2627093580095,14.00867184059685,-18.51032488024341,2.9636569942064076e-19
1787278725.530889,twist +Z,fast,1787278713.1305244,-245.69946623522765,-185.98873806213203,1343.2766753652786,13.94915535465893,-18.42745996764188,2.9623400186213484e-19
1787278725.5423963,twist +Z,fast,1787278713.1305244,-244.68252955361868,-187.6699842232755,1343.4235551512438,14.075248816744594,-18.351189716521183,2.9635749285733786e-19
1787278725.553022,twist +Z,fast,1787278713.1305244,-245.25828762745232,-187.62085331915853,1342.6924473202716,14.07156399893552,-18.394371572058603,2.963399759563012e-19
1787278725.5641224,twist +Z,fast,1787278713.1305244,-247.0711005018643,-189.67795907626203,1346.3857153362742,14.225846930718337,-18.530332537639723,2.966137682269113e-19
1787278725.575987,twist +Z,fast,1787278713.1305244,-248.54371662406675,-189.5251146423085,1348.8725621107815,14.214383598171853,-18.64077874680497,2.970466649973227e-19
1787278725.5863216,twist +Z,fast,1787278713.1305244,-247.66956765233454,-190.10139376513814,1350.030681101559,14.257604532384253,-18.575217573924753,2.973514571878512e-19
1787278725.597416,twist +Z,fast,1787278713.1305244,-246.6230943279511,-187.76527050674974,1349.206076959591,14.082395288004935,-18.496732074596267,2.971848671830896e-19
1787278725.6085267,twist +Z,fast,1787278713.1305244,-246.20675180611352,-188.29664188279173,1347.309903328537,14.122248141208093,-18.465506385458255,2.9699844376458493e-19
1787278725.6195657,twist +Z,fast,1787278713.1305244,-247.57463049757143,-187.24292589211507,1347.7639200413005,14.043219441907457,-18.56809728731774,2.9687775987204998e-19
1787278725.6306157,twist +Z,fast,1787278713.1305244,-246.8146039495782,-186.75003092887334,1345.1075716480727,14.006252319664373,-18.511095296218166,2.965663234690922e-19
1787278725.6418498,twist +Z,fast,1787278713.1305244,-246.62465583844687,-185.9437759494166,1342.5778524478055,13.945783196204989,-18.496849187883434,2.960659767029768e-19
1787278725.6527977,twist +Z,fast,1787278713.1305244,-246.0852507697996,-187.59677283226063,1340.9361267947688,14.069757962418397,-18.456393807734756,2.9623459710628174e-19
1787278725.6640074,twist +Z,fast,1787278713.1305244,-247.499981219828,-188.08822460972726,1345.2367064275832,14.106616845728414,-18.56249859148665,2.964600822183112e-19
1787278725.6752186,twist +Z,fast,1787278713.1305244,-246.91696179766814,-188.48570656523873,1344.462014914022,14.136427992391749,-18.51877213482514,2.964115150792397e-19
1787278725.6861866,twist +Z,fast,1787278713.1305244,-245.3056762251431,-185.89583355048933,1342.675345311106,13.942187516285674,-18.397925716885297,2.9589306136929916e-19
1787278725.6974232,twist +Z,fast,1787278713.1305244,-244.1234134420297,-185.74975992519273,1339.7474429963886,13.931231994388288,-18.309256008152097,2.961627686531697e-19
1787278725.7085783,twist +Z,fast,1787278713.1305244,-245.22781610777793,-185.84923958827824,1341.7784950815048,13.938692969119945,-18.392086208083107,2.963331788508668e-19
1787278725.7194028,twist +Z,fast,1787278713.1305244,-244.61172629457587,-186.3096883522129,1340.9818552335828,13.97322662641496,-18.345879472093273,2.96214994570374e-19
1787278725.730664,twist +Z,fast,1787278713.1305244,-242.56838034658767,-186.19586547876145,1335.035836964801,13.964689910905651,-18.19262852599367,2.955174249092241e-19
1787278725.741747,twist +Z,fast,1787278713.1305244,-243.058349904873,-186.16859157743772,1335.2050718706914,13.962644368306673,-18.22937624286522,2.95573193586929e-19
1787278725.7528324,twist +Z,fast,1787278713.1305244,-244.21013111378443,-187.33945656555363,1338.4383858885822,14.050459242415346,-18.31575983353349,2.9604305723379077e-19
1787278725.763975,twist +Z,fast,1787278713.1305244,-245.28616750121955,-187.8797188729783,1340.6211001068723,14.090978915472153,-18.396462562591267,2.9616644025611276e-19
1787278725.7749507,twist +Z,fast,1787278713.1305244,-244.30607301768714,-188.2903619125692,1337.841888288117,14.121777143441566,-18.3229554763262,2.956268036031407e-19
1787278725.7862315,twist +Z,fast,1787278713.1305244,-244.55531513992037,-187.7525187551695,1335.4283465200924,14.081438906636624,-18.341648635493982,2.952131185816046e-19
1787278725.7972891,twist +Z,fast,1787278713.1305244,-245.34916681884852,-187.79904969353277,1336.203343145723,14.08492872701375,-18.401187511413426,2.9515006940052532e-19
1787278725.80847,twist +Z,fast,1787278713.1305244,-245.10540102209825,-186.85427876110828,1338.8424985710635,14.014070907081905,-18.382905076657195,2.95705043946681e-19
1787278725.8195393,twist +Z,fast,1787278713.1305244,-245.43598891238116,-185.9907358032291,1340.067468058668,13.949305185240878,-18.407699168428316,2.953438136284262e-19
1787278725.8305783,twist +Z,fast,1787278713.1305244,-245.4764917626676,-184.79600400973743,1341.3641665547884,13.85970030072922,-18.41073688219999,2.9567275942226088e-19
1787278725.8415065,twist +Z,fast,1787278713.1305244,-245.9255985706036,-186.4888516637485,1340.737185654395,13.986663874779854,-18.44441989279496,2.953088224499684e-19
1787278725.852648,twist +Z,fast,1787278713.1305244,-245.18110444199783,-186.88348411030813,1342.7974066070974,14.01626130827174,-18.388582833149577,2.9591001019005627e-19
1787278725.8637927,twist +Z,fast,1787278713.1305244,-245.21284384431556,-187.3535649707477,1345.5224813489922,14.051517372804884,-18.390963288323384,2.959376482748031e-19
1787278725.8747783,twist +Z,fast,1787278713.1305244,-245.63983159326153,-185.47644453669307,1347.3791188757104,13.910733340250804,-18.422987369494685,2.9608180895419833e-19
1787278725.8858452,twist +Z,fast,1787278713.1305244,-248.3034705707264,-186.75847036935977,1351.0543546080653,14.006885277700665,-18.62276029280425,2.9627397995623433e-19
1787278725.897027,twist +Z,fast,1787278713.1305244,-250.11633847651183,-187.99720990202275,1356.7061679036915,14.09979074265063,-18.75872538573808,2.9664943934710554e-19
1787278725.908229,twist +Z,fast,1787278713.1305244,-248.95291766715627,-187.20745850919786,1355.6693938054423,14.040559388188715,-18.671468825036264,2.9671101251122606e-19
1787278725.9193318,twist +Z,fast,1787278713.1305244,-247.74198935066806,-186.49544302060156,1354.1976423153037,13.987158226544043,-18.58064920129972,2.9647914377950456e-19
1787278725.9305034,twist +Z,fast,1787278713.1305244,-246.94810611049388,-186.90895411715326,1346.895339405747,14.018171558785458,-18.521107958286912,2.966573916601585e-19
1787278725.941449,twist +Z,fast,1787278713.1305244,-247.62372202296547,-188.68925149730092,1346.7610514987,14.151693862296273,-18.571779151722218,2.9666508955378766e-19
1787278725.952664,twist +Z,fast,1787278713.1305244,-247.97529889717998,-190.6440617567181,1345.098885861803,14.298304631752561,-18.598147417288352,2.967286922655146e-19
1787278725.9638264,twist +Z,fast,1787278713.1305244,-247.557305304907,-189.05912519655533,1341.9233408476293,14.17943438974061,-18.56679789786763,2.9601127460675304e-19
1787278725.9747276,twist +Z,fast,1787278713.1305244,-248.27448362775476,-189.5125215871584,1340.6790773003968,14.213439119035659,-18.620586272081503,2.962349007924534e-19
1787278725.9859915,twist +Z,fast,1787278713.1305244,-248.49053986875015,-189.1991777002387,1343.5389667216414,14.189938327516717,-18.636790490156052,2.964307998492554e-19
1787278725.997072,twist +Z,fast,1787278713.1305244,-247.70525632409635,-190.00271769722292,1347.7683358917375,14.250203827290509,-18.57789422430688,2.9668422853289277e-19
1787278726.0080807,twist +Z,fast,1787278713.1305244,-246.66273397146733,-189.36433266718052,1348.2012655711487,14.202324950037283,-18.499705047859806,2.965247494521143e-19
1787278726.0191903,twist +Z,fast,1787278713.1305244,-246.8910909120209,-188.44746995205526,1350.505899040506,14.133560246402968,-18.516831818401457,2.968555731902019e-19
1787278726.0304365,twist +Z,fast,1787278713.1305244,-247.89020845431378,-189.33168787201896,1351.5667970911536,14.199876590400226,-18.591765634073305,2.968847890670982e-19
1787278726.0410266,twist +Z,fast,1787278713.1305244,-248.63085813265252,-190.44021915420933,1350.6269599572997,14.283016436564655,-18.647314359948872,2.9701493727299715e-19
1787278726.0524123,twist +Z,fast,1787278713.1305244,-247.83472614194716,-189.65358363519556,1344.3139017180229,14.22401877263832,-18.58760446064597,2.9628551728742747e-19
1787278726.063713,twist +Z,fast,1787278713.1305244,-247.32504054554602,-189.02324341423957,1342.0682235443337,14.176743256066676,-18.549378040915585,2.9590267998108653e-19
1787278726.074563,twist +Z,fast,1787278713.1305244,-247.01384427966286,-188.56886067146104,1343.5926108908598,14.142664550358521,-18.526038320974642,2.9576173133183027e-19
1787278726.08583,twist +Z,fast,1787278713.1305244,-247.14337415512955,-189.73662340958538,1348.4680090159318,14.230246755717818,-18.535753061634423,2.9596261439105703e-19
1787278726.0970743,twist +Z,fast,1787278713.1305244,-247.54159882441172,-188.60715580115163,1348.3945421911349,14.145536685085066,-18.565619911830723,2.9610848176093344e-19
1787278726.1078353,twist +Z,fast,1787278713.1305244,-247.30829793230123,-187.0961980831338,1348.523977634556,14.03221485623401,-18.548122344922504,2.96033329960036e-19
1787278726.1191032,twist +Z,fast,1787278713.1305244,-247.96598738796865,-187.2534144819541,1350.0485885987337,14.04400608614542,-18.59744905409748,2.96697971783095e-19
1787278726.1302834,twist +Z,fast,1787278713.1305244,-248.657034712714,-188.76376339754677,1355.8497795372232,14.157282254814778,-18.649277603453406,2.971921938834512e-19
1787278726.1410367,twist +Z,fast,1787278713.1305244,-250.07779439618162,-190.12539054070487,1358.8447812386848,14.259404290551746,-18.755834579713344,2.9732518320939467e-19
1787278726.15244,twist +Z,fast,1787278713.1305244,-250.70390848958732,-190.82284647263884,1356.3307036193955,14.311713485446905,-18.802793136718535,2.968899260139469e-19
1787278726.1634645,twist +Z,fast,1787278713.1305244,-250.33784187664196,-190.30576062205898,1355.387561713159,14.272932046653228,-18.775338140748048,2.964908445509859e-19
1787278726.1743445,twist +Z,fast,1787278713.1305244,-249.61634482533782,-189.93687210048836,1352.4562397661002,14.24526540753573,-18.721225861900308,2.963282772231852e-19
1787278726.185549,twist +Z,fast,1787278713.1305244,-249.1330817009798,-189.18686238233988,1353.488770436551,14.189014678674543,-18.684981127573224,2.9617262413609224e-19
1787278726.1967652,twist +Z,fast,1787278713.1305244,-248.21408351168293,-188.83866302245758,1348.3119392495855,14.162899726683168,-18.61605626337616,2.9597642623300904e-19
1787278726.2076776,twist +Z,fast,1787278713.1305244,-248.08701934531882,-188.5021194679813,1350.7716215443133,14.137658960097472,-18.606526450898507,2.961275529082012e-19
1787278726.2187343,twist +Z,fast,1787278713.1305244,-248.23771660780267,-189.2230511270874,1350.510544518188,14.19172883453054,-18.617828745584767,2.9638276597214587e-19
1787278726.2301066,twist +Z,fast,1787278713.1305244,-247.8745126739127,-188.89752182997597,1348.9125168251312,14.167314137246937,-18.590588450543066,2.963405459257518e-19
1787278726.240831,twist +Z,fast,1787278713.1305244,-247.9026777174072,-189.76006723453213,1348.8955070879683,14.232005042588685,-18.592700828805356,2.966372380247867e-19
1787278726.2522986,twist +Z,fast,1787278713.1305244,-247.52679359092645,-189.6964958468801,1346.3528429757816,14.227237188514838,-18.56450951931923,2.9651018686184837e-19
1787278726.2634234,twist +Z,fast,1787278713.1305244,-247.6815070233656,-188.20079827055895,1349.146127060184,14.115059870290626,-18.576113026752104,2.9666625224906097e-19
1787278726.274302,twist +Z,fast,1787278713.1305244,-247.58666703409608,-187.9746326230039,1345.371461747066,14.098097446724399,-18.56900002755706,2.960508652841657e-19
1787278726.2856483,twist +Z,fast,1787278713.1305244,-246.86795260621375,-187.388676973933,1344.8642367745697,14.054150773043933,-18.515096445465886,2.9615405609785334e-19
1787278726.2966974,twist +Z,fast,1787278713.1305244,-247.63041728209782,-189.02209120623877,1344.3942859670651,14.17665684046688,-18.572281296157158,2.9617220879614024e-19
1787278726.307713,twist +Z,fast,1787278713.1305244,-248.11198893219216,-188.17981413518658,1350.1592931844161,14.113486060137621,-18.608399169914364,2.967028714505574e-19
1787278726.3189058,twist +Z,fast,1787278713.1305244,-248.3607790302608,-188.678287538355,1350.4135170612399,14.150871565375443,-18.62705842726949,2.9672643880504964e-19
1787278726.330026,twist +Z,fast,1787278713.1305244,-247.91096068678098,-189.0378137482013,1350.6091613509316,14.177836031113674,-18.5933220515086,2.9677464340534547e-19
1787278726.3407974,twist +Z,fast,1787278713.1305244,-248.199864412441,-190.34593973561584,1347.4333595307771,14.275945480169955,-18.61498983093312,2.9669835307141187e-19
1787278726.3522549,twist +Z,fast,1787278713.1305244,-248.13623213676829,-190.7515494162709,1349.2298068283462,14.306366206219014,-18.610217410257448,2.9648818680833963e-19
1787278726.36325,twist +Z,fast,1787278713.1305244,-249.47322810579908,-190.96731957856434,1357.4794621654119,14.322548968391107,-18.710492107934876,2.969866415311022e-19
1787278726.3742943,twist +Z,fast,1787278713.1305244,-249.23413609474073,-189.57966466426444,1359.2132841285647,14.218474849818737,-18.692560207105252,2.9702294449641306e-19
1787278726.3854005,twist +Z,fast,1787278713.1305244,-249.19173388625632,-189.3879763322101,1356.2246588279058,14.20409822491445,-18.689380041468986,2.965770075203484e-19
1787278726.3966815,twist +Z,fast,1787278713.1305244,-248.24025733994904,-189.91927572774114,1349.0412522453853,14.24394567957933,-18.61801930049571,2.960680128106051e-19
1787278726.407461,twist +Z,fast,1787278713.1305244,-247.38948319861947,-188.99221604064826,1350.020298195811,14.174416203047532,-18.55421123989617,2.96069051478611e-19
1787278726.4187653,twist +Z,fast,1787278713.1305244,-248.21573382233555,-188.93863691195827,1352.615685871834,14.170397768395606,-18.616180036675168,2.967084157837437e-19
1787278726.4299848,twist +Z,fast,1787278713.1305244,-248.33761797430316,-189.31045482200273,1353.006402828968,14.198284111649048,-18.625321348072433,2.9666106462465083e-19
1787278726.440916,twist +Z,fast,1787278713.1305244,-248.09800298617347,-189.68468039267134,1349.592482300005,14.226351029449464,-18.607350223962797,2.9615735514358814e-19
1787278726.4520435,twist +Z,fast,1787278713.1305244,-246.67679557460406,-187.6580807701431,1350.7521868111135,14.074356057759562,-18.500759668095213,2.963842779118076e-19
1787278726.463333,twist +Z,fast,1787278713.1305244,-246.8337718872276,-185.89028781782997,1354.6582555640298,13.94177158633612,-18.51253289154196,2.968040539955422e-19
1787278726.4740856,twist +Z,fast,1787278713.1305244,-247.23297029065043,-186.58141556964745,1355.593238215898,13.993606167722408,-18.542472771798586,2.972922790884278e-19
1787278726.4853592,twist +Z,fast,1787278713.1305244,-247.61366160481293,-187.1885238003864,1352.1569551072926,14.039139285027904,-18.571024620360802,2.966042596118952e-19
1787278726.4965723,twist +Z,fast,1787278713.1305244,-248.19743796291687,-187.53396252753998,1350.5554200642046,14.065047189564329,-18.614807847218636,2.965275599495848e-19
1787278726.507397,twist +Z,fast,1787278713.1305244,-248.6434670098256,-186.93209973714,1352.4332365699765,14.019907480284406,-18.64826002573657,2.964329926786612e-19
1787278726.5184917,twist +Z,fast,1787278713.1305244,-249.94921315297825,-187.19986437970886,1356.665593404924,14.039989828477179,-18.746190986473174,2.9687125537977552e-19
1787278726.5294325,twist +Z,fast,1787278713.1305244,-248.53296772431213,-188.66339246042833,1354.2356791770717,14.149754434531065,-18.639972579323178,2.966266363040851e-19
1787278726.5404434,twist +Z,fast,1787278713.1305244,-249.79085445445025,-190.05288168224513,1355.6940960893671,14.253966126167189,-18.73431408408355,2.967192250075778e-19
1787278726.5517063,twist +Z,fast,1787278713.1305244,-247.09946441514012,-189.9044704584095,1348.4502946919029,14.242835284379655,-18.53245983113532,2.9633424755885255e-19
1787278726.563051,twist +Z,fast,1787278713.1305244,-249.26258033656768,-189.06380875331922,1354.3862248411797,14.179785656497817,-18.694693525242364,2.967966544827428e-19
1787278726.5739439,twist +Z,fast,1787278713.1305244,-248.18403735471065,-188.59379256087584,1349.8309773579158,14.144534442064685,-18.613802801603114,2.9649278987687966e-19
1787278726.585257,twist +Z,fast,1787278713.1305244,-250.34042071889553,-187.8798868485195,1354.947855919906,14.090991513637608,-18.775531553917055,2.96789580184455e-19
1787278726.5962694,twist +Z,fast,1787278713.1305244,-249.75319350793643,-188.10817830463782,1353.8375435508196,14.108113372846592,-18.731489513095063,2.966574552286697e-19
1787278726.6073656,twist +Z,fast,1787278713.1305244,-248.66705142062028,-186.74831110625712,1354.9742033743396,14.00612333296812,-18.65002885654622,2.967029622681545e-19
1787278726.6185412,twist +Z,fast,1787278713.1305244,-247.2489092989813,-186.238536673785,1350.5148372009526,13.967890250532722,-18.54366819742348,2.9609805049626374e-19
1787278726.6315663,twist +Z,fast,1787278713.1305244,-246.3861819299068,-184.96383651800772,1346.8801302752063,13.872287738849582,-18.478963644742755,2.959438599582734e-19
1787278726.6405156,twist +Z,fast,1787278713.1305244,-246.41324858069265,-187.0289647399751,1347.1051825598815,14.027172355497132,-18.48099364355162,2.95918764054327e-19
1787278726.6517568,twist +Z,fast,1787278713.1305244,-247.5623276186584,-188.65808489193262,1349.9845470534592,14.149356366893759,-18.567174571399157,2.961237198376705e-19
1787278726.6647992,twist +Z,fast,1787278713.1305244,-246.71607757014908,-188.1777816830678,1348.3779805273489,14.113333626228869,-18.503705817760867,2.959897580679166e-19
1787278726.673787,twist +Z,fast,1787278713.1305244,-246.30537567964393,-187.33510905408355,1346.3226910419407,14.050133179055383,-18.472903175973308,2.958519684795488e-19
1787278726.685051,twist +Z,fast,1787278713.1305244,-246.24372518302016,-186.515669576631,1349.4142893358867,13.988675218246176,-18.468279388726344,2.9648245433988647e-19
1787278726.6988816,twist +Z,fast,1787278713.1305244,-246.30878294420882,-187.5666556267505,1347.2804474698032,14.067499172005089,-18.473158720815476,2.963687931306704e-19
1787278726.7068684,twist +Z,fast,1787278713.1305244,-247.61635951602466,-186.67641770406237,1350.2380445316312,14.000731327803454,-18.57122696370171,2.9693451601588844e-19
1787278726.7183409,twist +Z,fast,1787278713.1305244,-247.99991807396555,-187.22569188965178,1348.0931180222715,14.041926891722813,-18.599993855547332,2.969907526232438e-19
1787278726.7322001,twist +Z,fast,1787278713.1305244,-248.0934903422135,-187.32283898989442,1347.509087363299,14.049212924240837,-18.60701177566596,2.9699627526674924e-19
1787278726.7402225,twist +Z,fast,1787278713.1305244,-247.4554296923111,-189.27540851060564,1346.5040523834732,14.195655638294287,-18.55915722692304,2.9680393688082887e-19
1787278726.751651,twist +Z,fast,1787278713.1305244,-245.793406183167,-187.9748318020171,1342.7971540960361,14.098112385150063,-18.434505463737246,2.9634569210465896e-19
1787278726.7626798,twist +Z,fast,1787278713.1305244,-246.38232546038262,-187.3695440107207,1347.724541572702,14.052715800802961,-18.478674409528672,2.962641101860967e-19
1787278726.7737548,twist +Z,fast,1787278713.1305244,-246.71229608291424,-186.2530916046677,1344.1987211835758,13.96898187034903,-18.503422206218453,2.9591527879286584e-19
1787278726.7849207,twist +Z,fast,1787278713.1305244,-248.9666120325296,-187.0710829846745,1352.061331115975,14.030331223849362,-18.67249590243935,2.963685750861321e-19
1787278726.7983072,twist +Z,fast,1787278713.1305244,-248.17785172075628,-187.18976552457764,1349.8539435202465,14.03923241434234,-18.613338879056634,2.967024482708936e-19
1787278726.8068702,twist +Z,fast,1787278713.1305244,-248.6326817967024,-187.0503192147777,1352.9882825735358,14.02877394110752,-18.64745113475253,2.9694092494256976e-19
1787278726.818297,twist +Z,fast,1787278713.1305244,-247.44351315675294,-187.74864473986793,1348.613889926938,14.081148355489024,-18.55826348675626,2.969066840428339e-19
1787278726.8311238,twist +Z,fast,1787278713.1305244,-247.75825548216335,-188.98652513578975,1345.1290572740081,14.173989385183024,-18.581869161162018,2.9620525144301394e-19
1787278726.8405216,twist +Z,fast,1787278713.1305244,-247.4911199155854,-189.35386322762986,1344.2201582527532,14.201539742071208,-18.56183399366877,2.963774352055591e-19
1787278726.8517075,twist +Z,fast,1787278713.1305244,-247.30892627611547,-188.09468038452349,1345.1638418838183,14.107101028838091,-18.54816947070855,2.960889577427983e-19
1787278726.8638673,twist +Z,fast,1787278713.1305244,-247.7472936954323,-186.97658277501716,1348.9438762232048,14.023243708125268,-18.581047027157226,2.9658435729444834e-19
1787278726.873844,twist +Z,fast,1787278713.1305244,-246.8719340268758,-185.8857184644545,1347.8577860320447,13.941428884832877,-18.51539505201552,2.9611211451081e-19
1787278726.8848882,twist +Z,fast,1787278713.1305244,-247.46950377799703,-186.63336027424418,1348.1224547318461,13.997502020567044,-18.560212783349684,2.962443741642166e-19
1787278726.8972898,twist +Z,fast,1787278713.1305244,-247.12888881371464,-186.28093045027765,1349.8876748443045,13.971069783769739,-18.534666661028425,2.9629409575577925e-19
1787278726.9071805,twist +Z,fast,1787278713.1305244,-247.49306816307353,-187.47653793210645,1346.700898706339,14.060740344906652,-18.561980112230493,2.963846757312818e-19
1787278726.9182632,twist +Z,fast,1787278713.1305244,-247.59393330684406,-188.1753856587403,1346.6148351066104,14.113153924404163,-18.569544998013164,2.962231472916273e-19
1787278726.9302213,twist +Z,fast,1787278713.1305244,-246.63369214293334,-187.47156245379995,1343.6409432497358,14.060367184033812,-18.497526910719678,2.960579472812548e-19
1787278726.9404714,twist +Z,fast,1787278713.1305244,-245.78405736257946,-187.24083800125152,1344.8799087980397,14.0430628500926,-18.43380430219353,2.9595105281032647e-19
1787278726.95151,twist +Z,fast,1787278713.1305244,-245.07131056467506,-186.88890272987544,1344.5054498157215,14.016667704739735,-18.380348292350405,2.9620494133824608e-19
1787278726.963142,twist +Z,fast,1787278713.1305244,-247.68605653862278,-188.57062905877945,1349.538739846571,14.142797179407456,-18.57645424039646,2.9661441555626815e-19
1787278726.973543,twist +Z,fast,1787278713.1305244,-248.82084635561068,-188.3192889323492,1349.1674104450512,14.12394666992515,-18.66156347667068,2.96506298146011e-19
1787278726.984531,twist +Z,fast,1787278713.1305244,-248.9539999832209,-187.9682451968241,1347.8242848744585,14.097618389760672,-18.6715499987412,2.9611356737079405e-19
1787278726.9959888,twist +Z,fast,1787278713.1305244,-246.7999400849044,-187.66125467374457,1339.2948496223353,14.074594100529328,-18.509995506367716,2.957090016492845e-19
1787278727.0071416,twist +Z,fast,1787278713.1305244,-245.74200532707937,-188.23395409880175,1338.7189602808403,14.117546557408946,-18.430650399530798,2.9612132783678143e-19
1787278727.018175,twist +Z,fast,1787278713.1305244,-246.17015531468996,-188.85101684264043,1337.1111027852066,14.163826263196757,-18.46276164860162,2.9606549933537583e-19
1787278727.0293605,twist +Z,fast,1787278713.1305244,-246.44457095204007,-188.45655532554622,1340.8986225439303,14.134241649414964,-18.48334282140288,2.9628692962157395e-19
1787278727.0403237,twist +Z,fast,1787278713.1305244,-246.39355318553453,-187.69212579287057,1339.6226716330739,14.076909434464188,-18.479516488915053,2.960076897452844e-19
1787278727.0515249,twist +Z,fast,1787278713.1305244,-245.22534658067116,-187.26148851357482,1339.1642854928114,14.044611638517,-18.39190099355004,2.9596120151650115e-19
1787278727.0625691,twist +Z,fast,1787278713.1305244,-245.59665343527604,-186.90176210400102,1341.9174810265404,14.017632157798946,-18.419749007645365,2.960806942352892e-19
1787278727.073704,twist +Z,fast,1787278713.1305244,-245.04018905670318,-186.42479033277675,1339.2519944457717,13.981859274957234,-18.37801417925275,2.9625123144060144e-19
1787278727.0847569,twist +Z,fast,1787278713.1305244,-246.14003371548142,-185.48203410931444,1342.3251805642458,13.91115255819756,-18.460502528661095,2.9643818753679543e-19
1787278727.0958529,twist +Z,fast,1787278713.1305244,-246.22824870981412,-184.30385207467987,1339.3624315650313,13.822788905599669,-18.467118653235858,2.961003827275265e-19
1787278727.107048,twist +Z,fast,1787278713.1305244,-246.58456144548063,-184.251729197102,1341.3395363364953,13.818879689781486,-18.49384210841084,2.955929004979705e-19
1787278727.1178653,twist +Z,fast,1787278713.1305244,-246.95056669623636,-185.61189521547578,1343.8739072911258,13.92089214115953,-18.521292502217577,2.9591592112372073e-19
1787278727.1290693,twist +Z,fast,1787278713.1305244,-246.8775568045371,-188.206478465415,1346.3711734054314,14.115485884905016,-18.515816760340208,2.9637710210328335e-19
1787278727.1401377,twist +Z,fast,1787278713.1305244,-247.08440918059068,-187.5227029888007,1349.1136428394539,14.06420272415885,-18.5313306885442,2.969876243271212e-19
1787278727.151308,twist +Z,fast,1787278713.1305244,-246.6770890372968,-187.47722398039366,1347.8135473881966,14.060791798528374,-18.500781677797093,2.9686822012742105e-19
1787278727.1623466,twist +Z,fast,1787278713.1305244,-246.8029410795857,-186.05868583053655,1347.591536610863,13.954401437289096,-18.510220580968856,2.965195109674989e-19
1787278727.1736329,twist +Z,fast,1787278713.1305244,-246.74751758533284,-185.68636734982294,1345.613086041144,13.926477551235582,-18.506063818899705,2.9640685625624305e-19
1787278727.184628,twist +Z,fast,1787278713.1305244,-245.48649822467405,-184.83359080714342,1339.546201594786,13.862519310534413,-18.411487366850487,2.9588797388431444e-19
1787278727.195823,twist +Z,fast,1787278713.1305244,-245.4069760319685,-185.62203748838908,1338.81920382306,13.92165281162804,-18.40552320239741,2.9608259417890603e-19
1787278727.2068536,twist +Z,fast,1787278713.1305244,-247.05565859522585,-187.80127171002107,1341.088314515181,14.085095378250248,-18.52917439464165,2.9615688696018757e-19
1787278727.2179086,twist +Z,fast,1787278713.1305244,-247.4104977253105,-187.5920745088839,1346.185776988962,14.069405588165228,-18.55578732939813,2.964817438382508e-19
1787278727.229013,twist +Z,fast,1787278713.1305244,-246.78493155140268,-185.8680768359062,1342.893225510038,13.940105762691818,-18.508869866354914,2.962982607145542e-19
1787278727.2400682,twist +Z,fast,1787278713.1305244,-245.31543062768606,-185.04978081882643,1342.7193332069392,13.878733561411,-18.398657297076383,2.9595274500344146e-19
1787278727.2512634,twist +Z,fast,1787278713.1305244,-245.61885666401895,-185.3262207197946,1343.7732205586517,13.899466553983633,-18.421414249801273,2.9627970464122805e-19
1787278727.2623537,twist +Z,fast,1787278713.1305244,-246.51097861379412,-186.69269085474582,1347.0319225228568,14.001951814104647,-18.488323396034346,2.96478319913086e-19
1787278727.2734773,twist +Z,fast,1787278713.1305244,-246.63203079609002,-186.9480588357884,1349.4437498396956,14.021104412682778,-18.4974023097065,2.9739870940405676e-19
1787278727.2845662,twist +Z,fast,1787278713.1305244,-246.88160109806222,-186.87605056930795,1345.7973829202283,14.015703792696744,-18.51612008235434,2.968180891701201e-19
1787278727.2956939,twist +Z,fast,1787278713.1305244,-245.9306176061359,-188.09123504108732,1345.173596208294,14.106842628080347,-18.44479632045975,2.967496381443796e-19
1787278727.3068316,twist +Z,fast,1787278713.1305244,-246.54697541481028,-186.75556807579107,1343.5157171560777,14.006667605683365,-18.491023156110536,2.962253453300546e-19
1787278727.317927,twist +Z,fast,1787278713.1305244,-246.00585503736193,-187.36451503149544,1343.3353961671628,14.052338627361099,-18.450439127801992,2.9655142078909524e-19
1787278727.3290045,twist +Z,fast,1787278713.1305244,-245.8385975244105,-186.0298176629932,1342.1720068543082,13.952236324723362,-18.437894814330498,2.9619208292041577e-19
1787278727.3399982,twist +Z,fast,1787278713.1305244,-244.60901941272596,-187.1487811806852,1340.7733455682237,14.036158588550496,-18.345676455954155,2.957818675678402e-19
1787278727.3512099,twist +Z,fast,1787278713.1305244,-244.5699443002709,-186.33120231984697,1340.9344991552252,13.974840173987449,-18.34274582252025,2.957170579917533e-19
1787278727.362169,twist +Z,fast,1787278713.1305244,-244.01880333563486,-185.7554192785766,1340.7682316749733,13.931656445892035,-18.30141025017246,2.9560594515480374e-19
1787278727.37335,twist +Z,fast,1787278713.1305244,-245.8947944020697,-185.44574039993415,1345.704041065078,13.908430529993968,-18.44210958015502,2.959723140010495e-19
1787278727.3844564,twist +Z,fast,1787278713.1305244,-247.0796164296621,-186.69162662955443,1348.3549491132226,14.001871997215307,-18.53097123222433,2.9634684824133345e-19
1787278727.3957376,twist +Z,fast,1787278713.1305244,-249.507725531103,-188.87481065251393,1353.0251707444577,14.165610798937383,-18.71307941483265,2.971792390757977e-19
1787278727.4066465,twist +Z,fast,1787278713.1305244,-248.68783480975844,-189.23245517290172,1347.9831319665436,14.192434137966362,-18.65158761073168,2.971855481773413e-19
1787278727.4177246,twist +Z,fast,1787278713.1305244,-247.47441766629663,-188.1986960100977,1343.513925524604,14.114902200756294,-18.56058132497212,2.9653223784741457e-19
1787278727.428671,twist +Z,fast,1787278713.1305244,-246.54874465393596,-187.48164848832323,1338.3241211973318,14.061123636623055,-18.491155849045178,2.961558929530588e-19
1787278727.439804,twist +Z,fast,1787278713.1305244,-244.59532576468473,-186.72863368663718,1337.2415241992685,14.004647526496715,-18.344649432351197,2.957464638295734e-19
1787278727.4509676,twist +Z,fast,1787278713.1305244,-244.27134332374362,-185.71453898528023,1341.1853265293257,13.928590423894708,-18.32035074928043,2.961002651228156e-19
1787278727.4618013,twist +Z,fast,1787278713.1305244,-245.31285147739754,-185.87891922809092,1346.9844322344916,13.940918942105885,-18.398463860804448,2.9640541074533612e-19
1787278727.473125,twist +Z,fast,1787278713.1305244,-248.62124219281714,-187.75880191977228,1354.079310428965,14.081910143981975,-18.646593164461144,2.9708921575268655e-19
1787278727.4843924,twist +Z,fast,1787278713.1305244,-249.9592472020163,-188.44470970809255,1356.9453670012545,14.133353228105992,-18.74694354015103,2.971876862836853e-19
1787278727.495392,twist +Z,fast,1787278713.1305244,-248.5416204167791,-186.88807485775772,1354.7347107538872,14.016605614330519,-18.64062153125827,2.9699229843685014e-19
1787278727.5066466,twist +Z,fast,1787278713.1305244,-247.4434409965238,-186.2172225373805,1351.0140717380846,13.966291690302388,-18.558258074739115,2.9646586139917192e-19
1787278727.5176818,twist +Z,fast,1787278713.1305244,-247.65897654874743,-187.1184499012685,1349.9200502954418,14.033883742593833,-18.57442324115592,2.963896502568422e-19
1787278727.5287118,twist +Z,fast,1787278713.1305244,-248.13200312154413,-187.45160600706538,1349.0524298322862,14.058870450528548,-18.609900234115663,2.9602327715736233e-19
1787278727.5398812,twist +Z,fast,1787278713.1305244,-247.4167422203186,-186.6899514784351,1347.5595667747666,14.001746360881445,-18.55625566652369,2.9609752619469314e-19
1787278727.550949,twist +Z,fast,1787278713.1305244,-247.44692692895887,-187.23545347418883,1346.7236375425719,14.042659010563103,-18.55851951967186,2.9639078898857616e-19
1787278727.5620356,twist +Z,fast,1787278713.1305244,-246.97490014821005,-188.29948342471982,1345.9903066103152,14.122461256852976,-18.523117511115572,2.967198302155574e-19
1787278727.5732079,twist +Z,fast,1787278713.1305244,-247.859123997197,-188.40627007594037,1347.7729828420024,14.130470255694423,-18.589434299789538,2.966823544056425e-19
1787278727.584284,twist +Z,fast,1787278713.1305244,-246.96431971794345,-185.48579237099818,1347.4043020583385,13.911434427823867,-18.522323978845336,2.9634143364389903e-19
1787278727.595333,twist +Z,fast,1787278713.1305244,-247.1505030474941,-183.937679669241,1347.739811888533,13.795325975191904,-18.536287728561923,2.9612587158292206e-19
1787278727.6064203,twist +Z,fast,1787278713.1305244,-246.79296406462026,-183.10967626593458,1346.9042972567722,13.733225719944034,-18.509472304846483,2.9638062490971957e-19
1787278727.617751,twist +Z,fast,1787278713.1305244,-247.5207726912863,-185.17638128441297,1347.6803408757432,13.888228596329771,-18.56405795184621,2.965984403815526e-19
1787278727.6287875,twist +Z,fast,1787278713.1305244,-246.87743242822444,-186.38811494896652,1348.838308782194,13.979108621171424,-18.51580743211673,2.9679206971737562e-19
1787278727.6396694,twist +Z,fast,1787278713.1305244,-247.65859143929492,-188.6974305818793,1347.778644866018,14.152307293639542,-18.574394357946765,2.9665285721574586e-19
1787278727.6508665,twist +Z,fast,1787278713.1305244,-247.76063554514303,-189.09008255034075,1347.2519049824778,14.181756191274392,-18.582047665885533,2.96761205104313e-19
1787278727.661807,twist +Z,fast,1787278713.1305244,-249.55929474602772,-187.38924297440678,1352.0969375628038,14.054193223079185,-18.716947105951732,2.9700453167971637e-19
1787278727.6729472,twist +Z,fast,1787278713.1305244,-249.20689800294394,-185.86001445822592,1356.4126284734384,13.939501084365748,-18.69051735022061,2.9688665878494246e-19
1787278727.6842306,twist +Z,fast,1787278713.1305244,-248.51833179547657,-185.28139113821373,1355.2055918995766,13.896104335364843,-18.63887488466063,2.9637044560151493e-19
1787278727.6952069,twist +Z,fast,1787278713.1305244,-247.8650644879949,-187.11434412364758,1350.788496970149,14.03357580927251,-18.589879836599614,2.963611833626578e-19
1787278727.7062936,twist +Z,fast,1787278713.1305244,-248.5881510170243,-188.33405888165692,1352.763718927593,14.125054416123138,-18.644111326276672,2.9676133946438215e-19
1787278727.717483,twist +Z,fast,1787278713.1305244,-248.5037017208556,-187.84982216290098,1354.9317393130796,14.08873666221648,-18.637777629063947,2.9713301400726365e-19
1787278727.7285302,twist +Z,fast,1787278713.1305244,-248.66612289632258,-187.50637527006086,1353.3652634511682,14.062978145253627,-18.649959217224072,2.96826839949974e-19
1787278727.7397182,twist +Z,fast,1787278713.1305244,-246.71865824284077,-186.86999881579652,1349.5824348467422,14.015249911183606,-18.503899368212878,2.967971811659817e-19
1787278727.7505467,twist +Z,fast,1787278713.1305244,-246.1774511041708,-187.12825873435042,1347.515825018182,14.034619405075123,-18.463308832812636,2.964793519745634e-19
1787278727.7615192,twist +Z,fast,1787278713.1305244,-244.4271914873757,-185.86425109072786,1343.732590599816,13.939818831803283,-18.332039361552845,2.961613804523614e-19
1787278727.7727916,twist +Z,fast,1787278713.1305244,-246.10882642661954,-185.0296620649566,1343.4099776350895,13.877224654870734,-18.45816198199642,2.9557160406230593e-19
1787278727.7840884,twist +Z,fast,1787278713.1305244,-247.09996220371386,-184.5006560123078,1347.5241519895635,13.837549200922101,-18.532497165278407,2.957208601801554e-19
1787278727.7951174,twist +Z,fast,1787278713.1305244,-248.88671172518434,-184.73447919891385,1351.3686573345394,13.855085939917405,-18.66650337938858,2.9562117651501613e-19
1787278727.8061848,twist +Z,fast,1787278713.1305244,-248.89689895603397,-185.5251706618766,1353.720630492261,13.91438779963956,-18.66726742170217,2.9598499567192563e-19
1787278727.8173635,twist +Z,fast,1787278713.1305244,-248.4369339327427,-186.9518797304828,1348.8194466096984,14.021390979785156,-18.6327700449555,2.960477349709864e-19
1787278727.8281884,twist +Z,fast,1787278713.1305244,-247.32981284212428,-187.3234176450386,1348.7873638613755,14.049256323376927,-18.549735963159087,2.9604049223853263e-19
1787278727.8394217,twist +Z,fast,1787278713.1305244,-247.4781620036706,-187.9492667866083,1354.786418061104,14.096195008994474,-18.560862150274993,2.9662949824658414e-19
1787278727.850656,twist +Z,fast,1787278713.1305244,-247.55687932602586,-187.411864263854,1355.1971372961389,14.055889819788039,-18.56676594945217,2.9645223273291343e-19
1787278727.861705,twist +Z,fast,1787278713.1305244,-248.91723287527884,-188.47204752594928,1358.9067221363339,14.135403564445145,-18.668792465645858,2.9713475072807714e-19
1787278727.8723788,twist +Z,fast,1787278713.1305244,-248.49293766573237,-188.402190930124,1352.4146191893751,14.13016431975824,-18.6369703249298,2.964600830782505e-19
1787278727.8838027,twist +Z,fast,1787278713.1305244,-248.91330039742616,-186.68773981124843,1355.484187112149,14.001580485842357,-18.668497529807006,2.967698610445777e-19
1787278727.894711,twist +Z,fast,1787278713.1305244,-247.49074890179372,-184.94566089600664,1351.3667339061185,13.870924567199499,-18.56180616763441,2.961221605108164e-19
1787278727.9060135,twist +Z,fast,1787278713.1305244,-248.58579448275987,-183.90501569427204,1358.4567295149764,13.79287617706925,-18.64393458620667,2.969627939756872e-19
1787278727.917079,twist +Z,fast,1787278713.1305244,-247.92725998600463,-185.71721259571325,1356.3198560265528,13.928790944677349,-18.59454449895015,2.965672541825257e-19
1787278727.9282074,twist +Z,fast,1787278713.1305244,-248.7938616941169,-187.13887371010549,1358.4139010476765,14.035415528256909,-18.659539627058713,2.970198434094936e-19
1787278727.9394388,twist +Z,fast,1787278713.1305244,-246.28560726259957,-186.91294132453356,1350.8451220133948,14.01847059933883,-18.47142054469478,2.9663684193502143e-19
1787278727.9506574,twist +Z,fast,1787278713.1305244,-246.45115432555713,-187.0047165484592,1349.3776010925985,14.025353741133362,-18.48383657441643,2.9694913098931147e-19
1787278727.9615538,twist +Z,fast,1787278713.1305244,-246.6303250188971,-187.28120059999412,1348.6018718948917,14.046090044998383,-18.497274376417195,2.966356363517207e-19
1787278727.972712,twist +Z,fast,1787278713.1305244,-247.97308412838765,-187.93330114614912,1349.6480532812047,14.09499758596002,-18.597981309628935,2.9609076562934096e-19
1787278727.9836266,twist +Z,fast,1787278713.1305244,-248.83776161576907,-188.12154060244495,1355.111934150159,14.109115545182366,-18.662832121182575,2.963972253766047e-19
1787278727.9946108,twist +Z,fast,1787278713.1305244,-247.72365095277792,-187.7482997097369,1354.38476627187,14.081122478229194,-18.579273821457903,2.9670123811702023e-19
1787278728.0058625,twist +Z,fast,1787278713.1305244,-246.68264591331126,-186.8601311953679,1349.7362065140996,14.014509839651513,-18.50119844349809,2.9679651149187472e-19
1787278728.017038,twist +Z,fast,1787278713.1305244,-245.64482298208304,-186.15875704167877,1347.6855204574667,13.961906778124845,-18.423361723656264,2.963135257487459e-19
1787278728.0281487,twist +Z,fast,1787278713.1305244,-246.57228008609445,-187.61072448827701,1349.6032756938812,14.070804336619677,-18.492921006457074,2.9630518279854576e-19
1787278728.0393167,twist +Z,fast,1787278713.1305244,-247.85186147902596,-189.14435548264362,1354.9096439198956,14.185826661196774,-18.5888896109267,2.9653943931802686e-19
1787278728.0504942,twist +Z,fast,1787278713.1305244,-248.37788761157617,-189.9169013100685,1352.1846956438121,14.243767598254127,-18.628341570868123,2.968021820752551e-19
1787278728.0613923,twist +Z,fast,1787278713.1305244,-248.3211442467832,-189.51438905376642,1353.2304879428439,14.213579179031473,-18.624085818508412,2.969265810508328e-19
1787278728.0726476,twist +Z,fast,1787278713.1305244,-247.5412884923785,-189.82117204650115,1348.3810988885116,14.236587903486498,-18.565596636928312,2.966830366643158e-19
1787278728.083767,twist +Z,fast,1787278713.1305244,-247.53622243205928,-189.4693918931565,1349.9284147515746,14.210204391985688,-18.56521668240419,2.9667123698836135e-19
1787278728.0946512,twist +Z,fast,1787278713.1305244,-248.32208312851662,-187.9564394772607,1350.7313053426851,14.096732960793393,-18.62415623463847,2.966650448838234e-19
1787278728.1058924,twist +Z,fast,1787278713.1305244,-250.6978754203269,-187.5723068437277,1359.2508813059585,14.067923013278165,-18.802340656524258,2.9724144962231955e-19
1787278728.1170785,twist +Z,fast,1787278713.1305244,-250.60628250999298,-187.05011089023458,1358.9443306258645,14.02875831676636,-18.795471188249095,2.971384002811222e-19
1787278728.128132,twist +Z,fast,1787278713.1305244,-249.7072991597638,-187.7770314626581,1357.239574014443,14.08327735969829,-18.728047436982237,2.9689676363193763e-19
1787278728.1389387,twist +Z,fast,1787278713.1305244,-247.19464690778432,-187.31474427813066,1350.25948085648,14.048605820858771,-18.53959851808367,2.96621414578811e-19
1787278728.1502647,twist +Z,fast,1787278713.1305244,-245.68831887695205,-187.72934852202945,1346.3519345617942,14.079701139150945,-18.426623915771202,2.964500501167725e-19
1787278728.1611297,twist +Z,fast,1787278713.1305244,-247.25979922815122,-189.53383994384205,1349.47968928486,14.215037995786862,-18.54448494211112,2.968429507273887e-19
1787278728.172344,twist +Z,fast,1787278713.1305244,-248.4998266353282,-189.64387244985267,1354.5641672347074,14.223290433737663,-18.637486997649468,2.9699105533370083e-19
1787278728.1835048,twist +Z,fast,1787278713.1305244,-249.99106634652662,-191.23739358457544,1356.902946111005,14.342804518842176,-18.74932997598939,2.9703153600868353e-19
1787278728.1946692,twist +Z,fast,1787278713.1305244,-249.10319284012485,-189.75844210391654,1354.4988688093554,14.231883157792442,-18.68273946300925,2.968781834624399e-19
1787278728.2057917,twist +Z,fast,1787278713.1305244,-248.85604263472896,-189.09626802531,1355.1441613518155,14.182220101896991,-18.664203197604643,2.9701582986697632e-19
1787278728.219524,twist +Z,fast,1787278713.1305244,-249.7769825662458,-188.43744530414608,1355.7496696110184,14.132808397809786,-18.733273692468337,2.9725130067765894e-19
1787278728.2279015,twist +Z,fast,1787278713.1305244,-248.814424454848,-188.81055494965074,1351.9697041718036,14.16079162122259,-18.66108183411348,2.9713441033969235e-19
1787278728.2390974,twist +Z,fast,1787278713.1305244,-248.95046088820845,-189.82253084728256,1353.9164135997953,14.236689813544917,-18.671284566615455,2.9713561164891117e-19
1787278728.252188,twist +Z,fast,1787278713.1305244,-247.72925447243188,-187.04985578366552,1352.208980309254,14.028739183773911,-18.5796940854324,2.967049649945716e-19
1787278728.2611187,twist +Z,fast,1787278713.1305244,-247.56716303758503,-186.44668840329552,1352.4718629698064,13.9835016302461,-18.567537227818477,2.9623427882876814e-19
1787278728.2723553,twist +Z,fast,1787278713.1305244,-246.43106943658086,-185.58207349735824,1343.9178679131373,13.91865551230062,-18.48233020774343,2.957075201586364e-19
1787278728.2859561,twist +Z,fast,1787278713.1305244,-247.19271194571547,-187.92017200411658,1345.3328231859878,14.094012900307437,-18.539453395928597,2.956222913019485e-19
1787278728.2945397,twist +Z,fast,1787278713.1305244,-247.48577445547062,-188.0105683964847,1345.8055111595195,14.100792629735285,-18.561433084160242,2.9608224327858645e-19
1787278728.3057094,twist +Z,fast,1787278713.1305244,-247.53782268729947,-187.94247729062738,1349.9499292266928,14.095685796795753,-18.565336701547146,2.9636848022833905e-19
1787278728.318819,twist +Z,fast,1787278713.1305244,-247.80405515705888,-186.85185101604804,1351.653174493119,14.01388882620245,-18.585304136779193,2.9659148337870355e-19
1787278728.3275511,twist +Z,fast,1787278713.1305244,-248.71164255759913,-187.05448166755866,1354.0766272366627,14.029086125065934,-18.653373191819753,2.9668012135505105e-19
1787278728.3387964,twist +Z,fast,1787278713.1305244,-247.63789330909867,-186.5502753512675,1348.5451432984055,13.9912706513437,-18.572841998182255,2.9618846065887384e-19
1787278728.3511136,twist +Z,fast,1787278713.1305244,-246.46530089464932,-186.53294406438192,1345.3559670854274,13.989970804827795,-18.484897567098635,2.9618152258645492e-19
1787278728.3611927,twist +Z,fast,1787278713.1305244,-245.62454562002176,-185.304753005183,1342.0085333743637,13.897856475387432,-18.421840921501477,2.961863614213649e-19
1787278728.3723543,twist +Z,fast,1787278713.1305244,-245.52741488477614,-186.64544759035596,1339.312967279303,13.998408569275515,-18.41455611635805,2.9599329202489015e-19
1787278728.3842342,twist +Z,fast,1787278713.1305244,-245.6809270843446,-187.8395163685285,1339.5285841279228,14.087963727638414,-18.426069531325467,2.960059331394164e-19
1787278728.3942754,twist +Z,fast,1787278713.1305244,-245.17259009868894,-188.0743579897113,1338.0312879378553,14.105576849227052,-18.387944257401713,2.956331907964618e-19
1787278728.4054956,twist +Z,fast,1787278713.1305244,-247.12848782124138,-188.2904978676928,1347.164535612551,14.121787340075887,-18.534636586592974,2.9633855760229184e-19
1787278728.4172528,twist +Z,fast,1787278713.1305244,-247.83463680309023,-187.93930927167946,1349.148293435629,14.095448195374903,-18.587597760231702,2.965453465167223e-19
1787278728.4277418,twist +Z,fast,1787278713.1305244,-248.05389464785685,-188.39443371256004,1351.521970789273,14.129582528441038,-18.60404209858907,2.9686718088095864e-19
1787278728.4387994,twist +Z,fast,1787278713.1305244,-247.3605297074423,-185.93861136280805,1346.898316181815,13.945395852209433,-18.552039728058055,2.963354093666421e-19
1787278728.450799,twist +Z,fast,1787278713.1305244,-246.95423720896952,-184.8006162256869,1347.0724208648799,13.860046216925259,-18.52156779067257,2.9625010126298104e-19
1787278728.4608982,twist +Z,fast,1787278713.1305244,-246.6602332332218,-183.4444878150822,1348.8071659652041,13.758336586130017,-18.49951749249157,2.962035705274142e-19
1787278728.4721606,twist +Z,fast,1787278713.1305244,-246.08387803384403,-184.498029704224,1347.3828083621747,13.83735222781549,-18.45629085253811,2.962859853234894e-19
1787278728.4832275,twist +Z,fast,1787278713.1305244,-246.5669926700316,-186.79990900775385,1347.1277826012383,14.009993175580323,-18.492524450252354,2.964129411856186e-19
1787278728.4944925,twist +Z,fast,1787278713.1305244,-247.6527317358482,-189.02760415226737,1343.562823793175,14.177070311418806,-18.573954880188516,2.9598387583687567e-19
1787278728.5054018,twist +Z,fast,1787278713.1305244,-248.27850082944815,-189.63360398613293,1343.516720905377,14.222520298958688,-18.620887562208566,2.9609597432639813e-19
1787278728.5165534,twist +Z,fast,1787278713.1305244,-247.57380089936805,-189.37478985743326,1342.160389117621,14.20310923930629,-18.56803506745225,2.95774249808734e-19
1787278728.5276165,twist +Z,fast,1787278713.1305244,-246.9911026666182,-188.7645543701068,1342.6843261706244,14.157341577756913,-18.524332699996272,2.961745262792401e-19
1787278728.5387273,twist +Z,fast,1787278713.1305244,-246.23199718347087,-189.80314788118915,1344.452962795106,14.235236091087874,-18.467399788760133,2.9641529954145756e-19
1787278728.5498254,twist +Z,fast,1787278713.1305244,-245.41014413677067,-188.1501547076292,1344.9526959859895,14.111261603070961,-18.40576081025759,2.96096244148417e-19
1787278728.5607853,twist +Z,fast,1787278713.1305244,-244.461728989118,-187.96702057941604,1343.110252411775,14.097526543455064,-18.334629674183617,2.959729856607094e-19
1787278728.5721087,twist +Z,fast,1787278713.1305244,-245.6337540912432,-186.863475471706,1343.827326001584,14.014760660376968,-18.42253155684326,2.960829000610388e-19
1787278728.5830376,twist +Z,fast,1787278713.1305244,-247.56131775959557,-187.6179178138426,1346.1393494065478,14.071343836036935,-18.56709883196927,2.9659821302791603e-19
1787278728.5938685,twist +Z,fast,1787278713.1305244,-247.38097988851814,-188.34820524685676,1345.9640101625782,14.126115393513022,-18.553573491638694,2.9640426361286946e-19
1787278728.60499,twist +Z,fast,1787278713.1305244,-247.72345998800074,-189.14193770354348,1344.749912131917,14.18564532776475,-18.57925949910004,2.9620389730998196e-19
1787278728.616175,twist +Z,fast,1787278713.1305244,-246.43527128182222,-187.40363744058016,1344.88203582406,14.055272808042321,-18.482645346136486,2.9594447619032623e-19
1787278728.6274943,twist +Z,fast,1787278713.1305244,-246.98741061300507,-186.84865120372376,1345.5701137816004,14.013648840278012,-18.524055795975293,2.9610557365907517e-19
1787278728.6386724,twist +Z,fast,1787278713.1305244,-246.07480989324768,-186.6433551877384,1343.8033720691155,13.998251639079331,-18.455610741993148,2.9605726420383077e-19
1787278728.649681,twist +Z,fast,1787278713.1305244,-247.2563918989349,-189.47832197482296,1345.3816020564382,14.210874148110424,-18.54422939242007,2.9676148769997903e-19
1787278728.6608012,twist +Z,fast,1787278713.1305244,-247.23014528561043,-187.39606734056963,1347.6986342333284,14.05470505054166,-18.542260896420835,2.971317714273094e-19
1787278728.6718934,twist +Z,fast,1787278713.1305244,-247.33661012050516,-187.19820574892935,1350.311420800751,14.039865431168582,-18.550245759037658,2.973518112314163e-19
1787278728.6830592,twist +Z,fast,1787278713.1305244,-246.62096139249252,-186.47937288149217,1344.496665174659,13.985952966110947,-18.49657210443685,2.9677074602416556e-19
1787278728.6940804,twist +Z,fast,1787278713.1305244,-246.53546487077483,-187.35552987174822,1342.465039077012,14.05166474037998,-18.490159865307803,2.9660198402765843e-19
1787278728.705253,twist +Z,fast,1787278713.1305244,-246.22706106271244,-186.4495623805193,1343.868468892896,13.983717178537763,-18.46702957970321,2.963311360646456e-19
1787278728.7163818,twist +Z,fast,1787278713.1305244,-246.16870636277736,-185.2679778140115,1347.0937376358897,13.895098336049546,-18.462652977208172,2.96414603354685e-19
1787278728.727431,twist +Z,fast,1787278713.1305244,-246.44155029765034,-186.26768091580482,1345.6847200997936,13.970076068684325,-18.483116272323556,2.961696432570819e-19
1787278728.7386034,twist +Z,fast,1787278713.1305244,-246.62423892394463,-185.5441587556603,1345.4177090972562,13.915811906673188,-18.49681791929565,2.9638355568128514e-19
1787278728.7496188,twist +Z,fast,1787278713.1305244,-246.3954445102695,-185.89288292735648,1342.343224364381,13.941966219550668,-18.47965833827007,2.9625149212142476e-19
1787278728.7606828,twist +Z,fast,1787278713.1305244,-246.83449167674507,-185.5869054364697,1343.4127428319525,13.91901790773429,-18.512586875755744,2.9624738512879914e-19
1787278728.7719128,twist +Z,fast,1787278713.1305244,-246.3908534529296,-185.8255833798886,1342.2508490824976,13.93691875349062,-18.47931400896956,2.9603798053512847e-19
1787278728.7827477,twist +Z,fast,1787278713.1305244,-247.3081134214749,-186.20404699764174,1346.1610544151636,13.965303524821952,-18.548108506610397,2.960267927617548e-19
1787278728.794069,twist +Z,fast,1787278713.1305244,-248.75775213370935,-186.67580442937754,1347.594599213352,14.000685332202242,-18.65683141002789,2.9630106768681445e-19
1787278728.804965,twist +Z,fast,1787278713.1305244,-249.46630283943932,-186.21235520793527,1349.3531254741529,13.965926640593825,-18.709972712957843,2.9608627011957275e-19
1787278728.8162513,twist +Z,fast,1787278713.1305244,-247.89065421523765,-184.56526715507346,1349.8651081255002,13.842395036629515,-18.59179906614274,2.9638120064360487e-19
1787278728.8272452,twist +Z,fast,1787278713.1305244,-245.1579570593044,-183.85628895705725,1347.3034253180567,13.78922167177814,-18.386846779447787,2.959023652181027e-19
1787278728.8384137,twist +Z,fast,1787278713.1305244,-244.93131073545328,-185.57390416039505,1345.5694578470384,13.918042812028563,-18.369848305158712,2.961210698074914e-19
1787278728.8494596,twist +Z,fast,1787278713.1305244,-245.7095647368974,-186.72216780648785,1341.5490780047448,14.004162585485265,-18.428217355267087,2.959200347977099e-19
1787278728.8605628,twist +Z,fast,1787278713.1305244,-247.34215711219395,-186.9721314387349,1345.869213255527,14.022909857903802,-18.55066178341429,2.964389707263556e-19
1787278728.8717132,twist +Z,fast,1787278713.1305244,-247.19025330728118,-186.3184482101566,1345.9053694768563,13.973883615760574,-18.539268998045948,2.96274891258619e-19
1787278728.8828886,twist +Z,fast,1787278713.1305244,-246.86390494580473,-186.01453761785717,1347.8379097372535,13.95109032133809,-18.51479287093523,2.961637427042039e-19
1787278728.8938894,twist +Z,fast,1787278713.1305244,-246.52797942684765,-185.2380133507446,1345.4689215636818,13.892851001304738,-18.489598457013493,2.959955838458966e-19
1787278728.9051032,twist +Z,fast,1787278713.1305244,-246.66337133402203,-185.97662930714557,1343.8776082726608,13.948247198034768,-18.49975285005143,2.960705765721549e-19
1787278728.9162326,twist +Z,fast,1787278713.1305244,-246.15863902027786,-185.7848032533817,1343.2517943943485,13.933860244002407,-18.461897926520685,2.9588952693524733e-19
1787278728.9272277,twist +Z,fast,1787278713.1305244,-245.64640841829032,-185.9722967310396,1344.759177981633,13.947922254826896,-18.423480631371618,2.959374358748364e-19
1787278728.9384012,twist +Z,fast,1787278713.1305244,-245.09429316391243,-185.62241384631113,1345.2722170898296,13.921681038472432,-18.382071987293088,2.960752761322282e-19
1787278728.9494,twist +Z,fast,1787278713.1305244,-246.0612912465317,-187.00050853822324,1345.1044111793626,14.025038140365428,-18.45459684348979,2.964717750977665e-19
1787278728.9607098,twist +Z,fast,1787278713.1305244,-247.33926904406826,-187.5969133296379,1346.3036028904598,14.069768499721636,-18.550445178304997,2.962968995910467e-19
1787278728.9717288,twist +Z,fast,1787278713.1305244,-247.7752395776538,-187.61982590414766,1348.199407250736,14.071486942810015,-18.58314296832377,2.9656605839539756e-19
1787278728.9826274,twist +Z,fast,1787278713.1305244,-247.54535166874894,-186.2110406322339,1348.0396121379026,13.96582804741644,-18.565901375155995,2.9617923435064644e-19
1787278728.9937146,twist +Z,fast,1787278713.1305244,-249.2018434705028,-187.16081261080296,1354.644977858753,14.037060945808992,-18.690138260287434,2.9688604453424476e-19
1787278729.0049038,twist +Z,fast,1787278713.1305244,-247.8512303509592,-186.62831655388425,1347.8180495044517,13.997123741540296,-18.588842276321962,2.9638529820490417e-19
1787278729.0158195,twist +Z,fast,1787278713.1305244,-247.69542325168868,-187.11473137652627,1347.1036302473576,14.033604853238533,-18.577156743876294,2.968402898963518e-19
1787278729.0270205,twist +Z,fast,1787278713.1305244,-246.06139543379368,-186.29274317144166,1344.7656717885338,13.97195573785719,-18.454604657534404,2.962927446738831e-19
1787278729.0382512,twist +Z,fast,1787278713.1305244,-247.19184538402942,-186.44376971598274,1349.5442331558233,13.98328272869762,-18.539388403801944,2.961487294928241e-19
1787278729.0490706,twist +Z,fast,1787278713.1305244,-247.7339524437416,-186.83169606372655,1350.0337645247828,14.012377204778392,-18.580046433280465,2.958461966166437e-19
1787278729.0603292,twist +Z,fast,1787278713.1305244,-246.5397275826449,-186.507198906913,1347.2838567135723,13.988039918017254,-18.490479568698326,2.959762056798419e-19
1787278729.0715377,twist +Z,fast,1787278713.1305244,-246.76327506801363,-186.76540552381164,1348.7991439661519,14.007405414284793,-18.507245630100876,2.96641450450802e-19
1787278729.0825982,twist +Z,fast,1787278713.1305244,-246.85886319634346,-186.43450112677067,1350.0897081074736,13.982587584506636,-18.514414739725694,2.9664203340798964e-19
1787278729.0938015,twist +Z,fast,1787278713.1305244,-247.45021841807056,-187.25621096740986,1350.6732340751432,14.04421582255475,-18.55876638135497,2.96732589228625e-19
1787278729.104937,twist +Z,fast,1787278713.1305244,-248.2240938424652,-188.0499751971912,1351.347685241787,14.103748139788113,-18.616807038184604,2.964610997193172e-19
1787278729.115794,twist +Z,fast,1787278713.1305244,-247.28864715195732,-186.57496851879444,1350.1139448385647,13.993122638908535,-18.54664853639646,2.9621921774708413e-19
1787278729.1269863,twist +Z,fast,1787278713.1305244,-247.32388463322377,-186.0986254259543,1347.1670689333469,13.95739690694558,-18.549291347491824,2.9615110534703854e-19
1787278729.1382244,twist +Z,fast,1787278713.1305244,-245.83745033619334,-185.57990738463752,1343.6252848788163,13.918493053846678,-18.437808775214073,2.9600038996339504e-19
1787278729.1491487,twist +Z,fast,1787278713.1305244,-246.34482466275358,-188.3716098046483,1341.8662848436152,14.127870735347575,-18.47586184970642,2.9606135875876017e-19
1787278729.1602478,twist +Z,fast,1787278713.1305244,-246.45316996336032,-188.5265713990733,1343.1250468265325,14.139492854929305,-18.483987747251923,2.9590024949617555e-19
1787278729.17158,twist +Z,fast,1787278713.1305244,-246.65115706697588,-188.15733630090233,1345.5212219819196,14.111800222566547,-18.49883678002292,2.964080918456103e-19
1787278729.1822653,twist +Z,fast,1787278713.1305244,-247.70512208003993,-187.2841032680575,1352.8229167184463,14.046307745103338,-18.577884156002845,2.9689799675482225e-19
1787278729.1934147,twist +Z,fast,1787278713.1305244,-246.98013751878761,-188.0894703060045,1350.2267509527164,14.106710272948963,-18.523510313909007,2.9656688972851036e-19
1787278729.2049596,twist +Z,fast,1787278713.1305244,-248.76545397534073,-187.3657040341228,1357.1624452711412,14.052427802557933,-18.657409048150406,2.9661697860351844e-19
1787278729.2156644,twist +Z,fast,1787278713.1305244,-248.74601048593058,-186.03033118664246,1355.8849521981929,13.952274838997074,-18.655950786444805,2.966813342451447e-19
1787278729.226906,twist +Z,fast,1787278713.1305244,-248.70743017624636,-184.77346623938786,1355.9849603053417,13.858009967953269,-18.653057263218408,2.9691399347862213e-19
1787278729.238091,twist +Z,fast,1787278713.1305244,-248.7243053062707,-185.21115186718873,1353.6195004325682,13.890836390038007,-18.654322897970182,2.9702759970512176e-19
1787278729.2488627,twist +Z,fast,1787278713.1305244,-247.99360087488594,-185.8269743099571,1350.681421242959,13.93702307324553,-18.59952006561624,2.9682643684170437e-19
1787278729.2603228,twist +Z,fast,1787278713.1305244,-248.7173500767908,-185.9733167969713,1352.394517245114,13.947998759771725,-18.653801255759035,2.9676182842490755e-19
1787278729.2714417,twist +Z,fast,1787278713.1305244,-247.86152502378945,-185.99539237716533,1350.2225214056352,13.949654428286241,-18.589614376783985,2.9679842899599925e-19
1787278729.2821856,twist +Z,fast,1787278713.1305244,-247.47814455496928,-186.41134524676056,1348.0122342609093,13.980850893505835,-18.560860841622613,2.966490538056815e-19
1787278729.2934835,twist +Z,fast,1787278713.1305244,-246.95176697423403,-186.62906160750424,1349.2595208792582,13.997179620561784,-18.521382523067324,2.9671512937219537e-19
1787278729.3046288,twist +Z,fast,1787278713.1305244,-246.85176877851472,-187.59394622736602,1346.9159905079187,14.069545967051244,-18.513882658388674,2.9600670724119515e-19
1787278729.3156095,twist +Z,fast,1787278713.1305244,-247.14501477519616,-188.05613057210974,1347.280759589451,14.104209792907088,-18.535876108139583,2.956498056833711e-19
1787278729.3268747,twist +Z,fast,1787278713.1305244,-246.84704403617934,-188.2028973175751,1344.9579344459662,14.115217298816862,-18.513528302713382,2.95720606047227e-19
1787278729.3380451,twist +Z,fast,1787278713.1305244,-247.18566390502974,-187.92200284274475,1345.9855573970299,14.094150213204674,-18.53892479287721,2.9645140736649087e-19
1787278729.3489344,twist +Z,fast,1787278713.1305244,-247.4450250057439,-187.643881705132,1346.6981939723728,14.073291127883838,-18.558376875430653,2.968193655794695e-19
1787278729.3599975,twist +Z,fast,1787278713.1305244,-247.83467412395703,-188.33307966106338,1347.9069718627206,14.12498097457841,-18.587600559296355,2.9649271955609775e-19
1787278729.3711765,twist +Z,fast,1787278713.1305244,-246.6028002509861,-188.5216061814175,1343.2627116618942,14.13912046360517,-18.495210018823876,2.9578416092161683e-19
1787278729.382068,twist +Z,fast,1787278713.1305244,-246.82169705716433,-189.51852176396403,1345.671078803015,14.213889132296192,-18.51162727928712,2.9577530324300406e-19
1787278729.3934414,twist +Z,fast,1787278713.1305244,-247.96832762562144,-187.99501550593607,1344.437923617982,14.099626162944265,-18.5976245719214,2.95886114634363e-19
1787278729.4046848,twist +Z,fast,1787278713.1305244,-251.29477672479743,-187.8792329465133,1356.1198922927242,14.090942470987205,-18.847108254359703,2.966959139041144e-19
1787278729.4154696,twist +Z,fast,1787278713.1305244,-249.86853809835839,-186.64500886484586,1354.5618552410497,13.998375664862369,-18.740140357376838,2.9699685621044606e-19
1787278729.42672,twist +Z,fast,1787278713.1305244,-250.25093688817788,-185.95507464480454,1359.4277576728173,13.946630598359182,-18.76882026661302,2.976913941255609e-19
1787278729.437895,twist +Z,fast,1787278713.1305244,-247.73511288455165,-184.90317852628175,1351.3122370067658,13.867738389470023,-18.580133466341195,2.967744960060956e-19
1787278729.448749,twist +Z,fast,1787278713.1305244,-248.87267481648496,-184.8403190301018,1351.6734599769215,13.863023927256595,-18.665450611236103,2.965023227778912e-19
1787278729.4600368,twist +Z,fast,1787278713.1305244,-248.12519160810598,-186.61429912591336,1347.6970020911622,13.996072434442315,-18.609389370607737,2.962694451252839e-19
1787278729.4712837,twist +Z,fast,1787278713.1305244,-247.47914100125172,-185.38396253497365,1348.594476858446,13.90379719012191,-18.56093557509363,2.962982492681994e-19
1787278729.4821582,twist +Z,fast,1787278713.1305244,-245.85048288658936,-185.81464565451995,1345.5957330590763,13.936098424088048,-18.438786216494087,2.9610175910074836e-19
1787278729.493332,twist +Z,fast,1787278713.1305244,-246.44806424952048,-185.9887774003913,1350.4472939684356,13.949158305028096,-18.483604818713793,2.964527599408818e-19
1787278729.5043745,twist +Z,fast,1787278713.1305244,-247.2776904499383,-188.96361872592445,1347.0217100926193,14.172271404443354,-18.545826783745262,2.964752544801166e-19
1787278729.5153756,twist +Z,fast,1787278713.1305244,-249.00749561256498,-188.7984121109497,1351.039525227744,14.159880908319867,-18.675562170942342,2.970089297342932e-19
1787278729.5264535,twist +Z,fast,1787278713.1305244,-248.62324995136578,-188.50336867885392,1348.0033506786012,14.13775265091282,-18.646743746352072,2.964855765695861e-19
1787278729.5376806,twist +Z,fast,1787278713.1305244,-248.76042608737816,-187.75790999667595,1354.2814843992974,14.081843249749614,-18.657031956553098,2.9715813555335623e-19
1787278729.5487697,twist +Z,fast,1787278713.1305244,-248.6940675095334,-188.21495303999097,1352.8549207473652,14.116121477998153,-18.65205506321486,2.972415624158901e-19
1787278729.5598526,twist +Z,fast,1787278713.1305244,-247.60611516738072,-187.23573357617727,1352.873232682522,14.042680018212184,-18.570458637553465,2.9716219233306045e-19
1787278729.570989,twist +Z,fast,1787278713.1305244,-247.67329441067477,-186.96802257910065,1354.0098070108152,14.02260169343143,-18.575497080800275,2.9683074247678824e-19
1787278729.581849,twist +Z,fast,1787278713.1305244,-247.43404811888877,-186.90131444722113,1355.761747363803,14.017598583540579,-18.55755360891626,2.96684121886522e-19
1787278729.5931542,twist +Z,fast,1787278713.1305244,-246.9623483069522,-185.9306934199302,1351.5272157253066,13.944802006493621,-18.52217612302109,2.9642424209847463e-19
1787278729.6041942,twist +Z,fast,1787278713.1305244,-247.16878828965355,-184.30519756664773,1349.9948817928334,13.822889817497302,-18.537659121723955,2.962332298922762e-19
1787278729.615257,twist +Z,fast,1787278713.1305244,-247.0253158660239,-184.2084790260161,1346.4645328177985,13.815635926950069,-18.52689868995173,2.9601975947399625e-19
1787278729.6264355,twist +Z,fast,1787278713.1305244,-247.687045796652,-184.8656883962484,1350.0395398986648,13.864926629717619,-18.576528434748695,2.960468073711008e-19
1787278729.6375914,twist +Z,fast,1787278713.1305244,-246.06197688200928,-185.8796908878395,1347.3873417797377,13.940976816586943,-18.454648266150528,2.9609721094378095e-19
1787278729.648336,twist +Z,fast,1787278713.1305244,-245.48166484329022,-185.310870846287,1348.1490857781037,13.898315313470167,-18.41112486324674,2.9595746828186567e-19
1787278729.6594853,twist +Z,fast,1787278713.1305244,-246.27414774145973,-185.93351719110194,1351.8770621951453,13.945013789331671,-18.47056108060933,2.9645066950146227e-19
1787278729.6707997,twist +Z,fast,1787278713.1305244,-246.7671603592712,-186.25803752230593,1349.5768199863423,13.969352814171916,-18.507537026945215,2.9641349368402693e-19
1787278729.6818748,twist +Z,fast,1787278713.1305244,-247.16394703066953,-186.58306914542948,1348.4464130513306,13.993730185906248,-18.537296027300037,2.9617919613750736e-19
1787278729.6931744,twist +Z,fast,1787278713.1305244,-247.20503142283405,-188.11544698066803,1344.7184922667411,14.1086585235491,-18.54037735671264,2.9595535174909156e-19
1787278729.7041824,twist +Z,fast,1787278713.1305244,-248.27725931377017,-189.0209374839195,1348.6616832008704,14.17657031129281,-18.6207944485324,2.962920322395555e-19
1787278729.7152612,twist +Z,fast,1787278713.1305244,-248.26634291052642,-188.79242786160592,1350.387794606443,14.159432089619319,-18.619975718289062,2.96751435396095e-19
1787278729.7264752,twist +Z,fast,1787278713.1305244,-246.31406595166072,-185.39373221086555,1348.9730521754072,13.904529915813601,-18.4735549463744,2.966119474623413e-19
1787278729.7375586,twist +Z,fast,1787278713.1305244,-245.18293447652331,-183.8995734957408,1346.702355284894,13.79246801217943,-18.388720085739017,2.9628804951513675e-19
1787278729.748553,twist +Z,fast,1787278713.1305244,-246.39036017619264,-186.14554765764467,1348.9640723720559,13.960916074322018,-18.479277013214116,2.9683451737765485e-19
1787278729.7596998,twist +Z,fast,1787278713.1305244,-247.4841265239479,-186.7175731174633,1350.9938698058568,14.003817983808734,-18.56130948929586,2.969580598179796e-19
1787278729.7707834,twist +Z,fast,1787278713.1305244,-247.10339617570435,-187.91383855670767,1348.2989167662172,14.093537891751811,-18.53275471317766,2.9679055406633613e-19
1787278729.7817495,twist +Z,fast,1787278713.1305244,-246.3188704784202,-186.08134516345592,1347.8668654309886,13.956100887258078,-18.473915285881226,2.9638541522435366e-19
1787278729.7930825,twist +Z,fast,1787278713.1305244,-246.9394589197068,-187.86272212417032,1345.8512593185342,14.089704159311555,-18.52045941897773,2.963215821294394e-19
1787278729.804143,twist +Z,fast,1787278713.1305244,-248.05307433926419,-187.98434375178783,1348.7985288120608,14.098825781382832,-18.603980575444652,2.963790158240092e-19
1787278729.8150084,twist +Z,fast,1787278713.1305244,-247.76743422749178,-188.36253348411344,1344.2403214017695,14.127190011307437,-18.5825575670617,2.9618301686120084e-19
1787278729.826333,twist +Z,fast,1787278713.1305244,-246.96610956350878,-187.46800509342108,1348.4188708513784,14.060100382005349,-18.522458217263043,2.965518182900668e-19
1787278729.837459,twist +Z,fast,1787278713.1305244,-246.51793221640537,-186.63250434520398,1348.5555983408349,13.997437825889154,-18.48884491623012,2.9647481672235545e-19
1787278729.848195,twist +Z,fast,1787278713.1305244,-246.5202267337695,-185.9562936304543,1354.4734891992348,13.946722022283087,-18.48901700503278,2.9649358866460983e-19
1787278729.8593874,twist +Z,fast,1787278713.1305244,-246.50498775167716,-185.85118716131808,1353.7206055432735,13.938839037097726,-18.48787408137541,2.961884983894421e-19
1787278729.870709,twist +Z,fast,1787278713.1305244,-246.42410537046317,-186.01076813299653,1349.9612035913005,13.95080760997357,-18.48180790278461,2.9642947331069054e-19
1787278729.881788,twist +Z,fast,1787278713.1305244,-246.56457476923015,-185.2713158900093,1350.1848176833,13.895348691749607,-18.49234310769227,2.9641698372535926e-19
1787278729.892921,twist +Z,fast,1787278713.1305244,-247.1821076143401,-186.31455725975172,1348.3964391181116,13.97359179448026,-18.538658071075375,2.963513939597078e-19
1787278729.9040582,twist +Z,fast,1787278713.1305244,-246.82633194816344,-185.2545140044807,1352.0178909454453,13.894088550334917,-18.51197489611185,2.964583142510992e-19
1787278729.914941,twist +Z,fast,1787278713.1305244,-248.20345229677014,-186.5862777749884,1352.310195447656,13.993970833122905,-18.61525892225744,2.967773424112022e-19
1787278729.926223,twist +Z,fast,1787278713.1305244,-247.7288962774469,-186.39017008048847,1354.2825397827555,13.979262756035727,-18.579667220808545,2.968663279559103e-19
1787278729.9373448,twist +Z,fast,1787278713.1305244,-248.3817201141469,-187.4291103853028,1354.7453641004658,14.057183278896591,-18.628629008560864,2.9682620073790033e-19
1787278729.9481752,twist +Z,fast,1787278713.1305244,-247.37050875824252,-186.42499367134235,1352.7456282422545,13.981874525349443,-18.552788156868004,2.9625793819732294e-19
1787278729.9595714,twist +Z,fast,1787278713.1305244,-248.33462571637438,-187.49484808526574,1349.818080258411,14.06211360639374,-18.625096928727956,2.9617154027589677e-19
1787278729.9707298,twist +Z,fast,1787278713.1305244,-248.58784486037484,-188.4248833253904,1350.5912100691594,14.131866249403178,-18.644088364527953,2.9636898620977146e-19
1787278729.9814072,twist +Z,fast,1787278713.1305244,-248.79760283369387,-188.8980993499298,1350.9453416963288,14.167357451243479,-18.659820212527002,2.966856656252475e-19
1787278729.9927747,twist +Z,fast,1787278713.1305244,-247.74958635568464,-187.67787376259764,1349.8876438056986,14.07584053219357,-18.581218976676134,2.964623847427361e-19
1787278730.003918,twist +Z,fast,1787278713.1305244,-247.56366927366844,-186.53201157086812,1348.853524094725,13.989900867813905,-18.56727519552492,2.964995045296289e-19
1787278730.0148866,twist +Z,fast,1787278713.1305244,-247.30427822083539,-186.68907282932707,1344.0021111650558,14.00168046219827,-18.54782086656285,2.964404669788981e-19
1787278730.026054,twist +Z,fast,1787278713.1305244,-248.1360829857881,-186.8255201509495,1346.4329433566736,14.011914011319977,-18.61020622393407,2.966583259151563e-19
1787278730.0372958,twist +Z,fast,1787278713.1305244,-248.63123211673474,-188.27619638865087,1348.1909576922471,14.120714729147569,-18.64734240875483,2.963949878834674e-19
1787278730.0481377,twist +Z,fast,1787278713.1305244,-248.58347994268524,-188.08976134023862,1351.470430328226,14.106732100516783,-18.643760995701136,2.960788757033533e-19
1787278730.0594063,twist +Z,fast,1787278713.1305244,-248.16922448732066,-188.74038892264514,1352.1709859720804,14.15552916919744,-18.612691836549047,2.9648267055761277e-19
1787278730.0705051,twist +Z,fast,1787278713.1305244,-248.20377333227998,-187.38907319226234,1352.0889235399054,14.054180489418446,-18.615282999920723,2.9662297582306124e-19
1787278730.0813074,twist +Z,fast,1787278713.1305244,-248.30313502813488,-187.97397782430005,1353.0240308260009,14.098048336821297,-18.62273512711002,2.968655887512368e-19
1787278730.0926702,twist +Z,fast,1787278713.1305244,-248.10269315116193,-187.4721352642904,1351.6918687649259,14.060410144820711,-18.607701986337077,2.962642431545413e-19
1787278730.1037369,twist +Z,fast,1787278713.1305244,-247.91374120720639,-188.8983809031755,1350.640928931697,14.167378567736922,-18.593530590540205,2.9603625589609954e-19
1787278730.1147153,twist +Z,fast,1787278713.1305244,-248.52133052116324,-188.9532222934448,1357.9018112551703,14.171491672007182,-18.639099789087254,2.966250684441455e-19
1787278730.1260102,twist +Z,fast,1787278713.1305244,-248.45329936693952,-189.8135006503427,1358.203011658371,14.236012548774742,-18.633997452520276,2.968908234736163e-19
1787278730.1371653,twist +Z,fast,1787278713.1305244,-248.04859182369773,-189.13044556716056,1357.5440811529234,14.184783417535872,-18.603644386777283,2.966613849746193e-19
1787278730.1481912,twist +Z,fast,1787278713.1305244,-246.7302682993818,-188.4002712740231,1352.9541697934028,14.130020345550452,-18.50477012245362,2.964453256294303e-19
1787278730.1593437,twist +Z,fast,1787278713.1305244,-246.07627846247715,-186.89303551915089,1352.3539542037643,14.016977663935439,-18.455720884685682,2.9672650948622754e-19
1787278730.1704352,twist +Z,fast,1787278713.1305244,-245.78575396787846,-186.27936136415303,1350.981590404269,13.970952102310338,-18.433931547590525,2.967810953141178e-19
1787278730.18122,twist +Z,fast,1787278713.1305244,-247.10295061544684,-185.73403732032386,1349.1140015617066,13.930052799023148,-18.53272129615815,2.9649549975562087e-19
1787278730.1925318,twist +Z,fast,1787278713.1305244,-247.1366887011268,-184.68033895502924,1346.30208854807,13.851025421625895,-18.53525165258425,2.9601184219008837e-19
1787278730.2034473,twist +Z,fast,1787278713.1305244,-247.38639647378068,-183.90246168718988,1347.1181761247326,13.792684626538307,-18.55397973553351,2.960566830518633e-19
1787278730.2147238,twist +Z,fast,1787278713.1305244,-247.69724896920934,-185.03289792202952,1350.1571908708765,13.877467344151075,-18.5772936726906,2.9653904301022165e-19
1787278730.2258139,twist +Z,fast,1787278713.1305244,-248.291811098386,-186.49548439954663,1351.3356494840382,13.987161329964795,-18.62188583237871,2.9694641486300086e-19
1787278730.2370584,twist +Z,fast,1787278713.1305244,-247.94773295546247,-187.5962720431927,1352.7878584439432,14.069720403238339,-18.596079971659627,2.969627702702953e-19
1787278730.2479465,twist +Z,fast,1787278713.1305244,-248.39267859070196,-187.25967312781802,1353.2051775264672,14.044475484585195,-18.62945089430263,2.966348137997347e-19
1787278730.2592692,twist +Z,fast,1787278713.1305244,-249.10628324215713,-187.3301863903306,1354.057640745924,14.049763979273738,-18.68297124316171,2.966411112557032e-19
1787278730.2702944,twist +Z,fast,1787278713.1305244,-249.6264264338265,-188.20370693357484,1354.5106753398695,14.115278020016977,-18.72198198253681,2.9735173737360956e-19
1787278730.2812366,twist +Z,fast,1787278713.1305244,-247.99604680808125,-189.4160543163399,1348.707836750339,14.206204073724226,-18.59970351060577,2.9680666479119126e-19
1787278730.2925181,twist +Z,fast,1787278713.1305244,-246.45793647508208,-188.71183414053382,1346.0699151341296,14.153387560538892,-18.484345235630755,2.96509500269653e-19
1787278730.303514,twist +Z,fast,1787278713.1305244,-246.24573017894954,-187.3392292470445,1346.2734803665544,14.050442193527235,-18.46842976342107,2.9568564482481813e-19
1787278730.3145757,twist +Z,fast,1787278713.1305244,-245.90947170474874,-185.36007610578247,1347.1818733586779,13.902005707932577,-18.44321037785577,2.95780359876257e-19
1787278730.3258739,twist +Z,fast,1787278713.1305244,-246.7760268881034,-186.47943298797043,1349.9427154267842,13.985957474096455,-18.50820201660766,2.959606261011529e-19
1787278730.33937,twist +Z,fast,1787278713.1305244,-247.00377944105776,-186.9448092730987,1351.0690572647263,14.020860695481236,-18.525283458079166,2.963732409015377e-19
1787278730.3478813,twist +Z,fast,1787278713.1305244,-246.5706016975605,-187.1154189974976,1350.1658868163313,14.033656424811245,-18.492795127317045,2.9656618954762413e-19
1787278730.3590884,twist +Z,fast,1787278713.1305244,-245.3729038274073,-185.54882853832066,1349.548186906336,13.916162140372723,-18.402967787055374,2.964510756776472e-19
1787278730.3730319,twist +Z,fast,1787278713.1305244,-245.5630422907866,-186.2011946851659,1347.572111798666,13.96508960138637,-18.417228171808702,2.9665957122570557e-19
1787278730.380743,twist +Z,fast,1787278713.1305244,-246.01500226144208,-187.49348663822877,1349.524388769266,14.062011497866013,-18.451125169607835,2.9718183655508087e-19
1787278730.3922982,twist +Z,fast,1787278713.1305244,-248.03495629030613,-187.16913749748107,1352.5313108799191,14.037685312309836,-18.60262172177277,2.9750800171068484e-19
1787278730.4049895,twist +Z,fast,1787278713.1305244,-247.70557188328576,-187.2873216451386,1350.7651645908963,14.046549123384128,-18.577917891246052,2.971948314888513e-19
1787278730.4143152,twist +Z,fast,1787278713.1305244,-249.47132716313035,-186.95569841176587,1352.1738367140233,14.021677380881233,-18.71034953723474,2.9699082813466327e-19
1787278730.4254248,twist +Z,fast,1787278713.1305244,-248.38642194808517,-188.04148897042944,1348.509404633006,14.103111672781129,-18.62898164610627,2.968629592017049e-19
1787278730.4377837,twist +Z,fast,1787278713.1305244,-247.1628962005875,-187.2457281944936,1349.561827689352,14.043429614585794,-18.53721721504383,2.969346289077286e-19
1787278730.4478488,twist +Z,fast,1787278713.1305244,-244.3140926957517,-187.47359915163963,1343.2546174588924,14.06051993637158,-18.323556952181207,2.964716112457014e-19
1787278730.458942,twist +Z,fast,1787278713.1305244,-245.14529074141365,-189.92914888255166,1346.4100725915641,14.244686166190068,-18.385896805605775,2.9671651107246916e-19
1787278730.4715889,twist +Z,fast,1787278713.1305244,-246.97109250621588,-188.51086451580625,1347.8048432434252,14.138314838684355,-18.52283193796596,2.968113431725733e-19
1787278730.4809837,twist +Z,fast,1787278713.1305244,-248.30293784037667,-187.381678923114,1350.8735862757667,14.053625919232264,-18.622720338028003,2.968788390078062e-19
1787278730.4922795,twist +Z,fast,1787278713.1305244,-246.82422027891562,-185.68569977631353,1347.5114212677263,13.926427483222344,-18.511816520918572,2.9644926911446975e-19
1787278730.5038083,twist +Z,fast,1787278713.1305244,-246.21393044032857,-187.3335129418491,1348.8663517603682,14.050013470637627,-18.466044783024465,2.9635369223819865e-19
1787278730.5144148,twist +Z,fast,1787278713.1305244,-245.12040173599007,-188.020226210156,1346.847134346649,14.101516965760457,-18.38403013019917,2.964241945755385e-19
1787278730.525659,twist +Z,fast,1787278713.1305244,-244.253970788302,-187.10572616189108,1344.4561322756463,14.032929462140633,-18.319047809122573,2.9609360173163215e-19
1787278730.5379298,twist +Z,fast,1787278713.1305244,-244.87304582182105,-187.2267669008471,1343.7085191142914,14.04200751756223,-18.365478436636366,2.9581002248869428e-19
1787278730.5477986,twist +Z,fast,1787278713.1305244,-246.52759480972372,-188.43095204328404,1346.2114964390703,14.132321403245317,-18.489569610729163,2.962301141385905e-19
1787278730.558888,twist +Z,fast,1787278713.1305244,-247.5152610684804,-189.03734841402104,1349.119527314445,14.177801131050462,-18.56364458013588,2.965662338587861e-19
1787278730.5708919,twist +Z,fast,1787278713.1305244,-246.89989638536417,-188.71089387134668,1347.5765705448039,14.153317040349965,-18.517492228902157,2.9670830942062273e-19
1787278730.5809164,twist +Z,fast,1787278713.1305244,-244.84671653395299,-187.53983599459332,1343.514452055032,14.06548769959328,-18.363503740046305,2.962234205202203e-19
1787278730.5920954,twist +Z,fast,1787278713.1305244,-245.04088308952078,-186.7196316767205,1344.5706388388871,14.003972375753026,-18.378066231713802,2.960483116888632e-19
1787278730.6041758,twist +Z,fast,1787278713.1305244,-245.70677068357008,-187.45641548098763,1345.8768927109786,14.059231161073033,-18.428007801267555,2.965420195442092e-19
1787278730.6139133,twist +Z,fast,1787278713.1305244,-246.5464324503605,-186.5288425208065,1350.5314360108541,13.989663189059446,-18.490982433776956,2.969116130681453e-19
1787278730.6254034,twist +Z,fast,1787278713.1305244,-247.00487616470173,-187.11687455669278,1348.7593738718615,14.033765591750669,-18.525365712352354,2.967956857675304e-19
1787278730.637114,twist +Z,fast,1787278713.1305244,-246.84202930020865,-186.5748721088413,1347.3064533840397,13.993115408161874,-18.513152197515602,2.961152789365304e-19
1787278730.647633,twist +Z,fast,1787278713.1305244,-246.83832533939358,-187.12361480805373,1344.1974407412554,14.034271110602607,-18.51287440045438,2.9575050184358305e-19
1787278730.6586878,twist +Z,fast,1787278713.1305244,-247.38823736837412,-187.10739760688887,1348.46077902068,14.033054820515279,-18.554117802628078,2.9617461367767845e-19
1787278730.6699145,twist +Z,fast,1787278713.1305244,-246.2263587559296,-187.6359127306281,1347.5578409675663,14.0726934547959,-18.466976906694647,2.964058707314527e-19
1787278730.6808512,twist +Z,fast,1787278713.1305244,-245.73615753983404,-187.6372640052699,1348.144227170732,14.072794800394124,-18.430211815487453,2.964559121014608e-19
1787278730.692076,twist +Z,fast,1787278713.1305244,-245.39956833625683,-187.32105737672043,1345.4008324082833,14.049079303252885,-18.40496762521915,2.9648357779386434e-19
1787278730.703413,twist +Z,fast,1787278713.1305244,-246.628386583046,-187.07468871182357,1344.8165626278724,14.030601653385634,-18.497128993728346,2.965389602812062e-19
1787278730.7142103,twist +Z,fast,1787278713.1305244,-247.5495715237007,-185.71440278611965,1347.787793579363,13.9285802089579,-18.566217864277277,2.9691784138492455e-19
1787278730.7252648,twist +Z,fast,1787278713.1305244,-247.3135490627733,-185.7482141423087,1348.2251848955393,13.931116060672,-18.548516179707875,2.966057247559034e-19
1787278730.7371626,twist +Z,fast,1787278713.1305244,-246.5638808704157,-184.68156026289705,1351.1103850443624,13.851117019716316,-18.49229106528103,2.9649117460513894e-19
1787278730.7473993,twist +Z,fast,1787278713.1305244,-246.61426767002968,-184.22455551819223,1350.926493210799,13.816841663863276,-18.496070075252064,2.963600682502883e-19
1787278730.7586484,twist +Z,fast,1787278713.1305244,-246.395685070152,-184.23221000384194,1349.2553715588247,13.8174157502871,-18.479676380261225,2.965512089471625e-19
1787278730.7700777,twist +Z,fast,1787278713.1305244,-246.46913129593804,-185.0702261572195,1346.8470446766742,13.880266961790358,-18.48518484719522,2.9654924929149597e-19
1787278730.7808614,twist +Z,fast,1787278713.1305244,-246.6909505781582,-186.8397976815212,1348.8978369890947,14.012984826113044,-18.501821293361743,2.9699416218793442e-19
1787278730.7916653,twist +Z,fast,1787278713.1305244,-247.86644363690766,-188.46668836734364,1352.6393459773326,14.135001627549673,-18.589983272767938,2.9710920561992967e-19
1787278730.8030334,twist +Z,fast,1787278713.1305244,-247.82126286911762,-187.17675552994558,1355.1675448999003,14.038256664744697,-18.586594715183594,2.970786532058767e-19
1787278730.8141174,twist +Z,fast,1787278713.1305244,-248.22167967499308,-187.89333977947274,1350.2380850306881,14.092000483459177,-18.61662597562438,2.9646253003810104e-19
1787278730.825173,twist +Z,fast,1787278713.1305244,-248.577466322065,-188.21038041137842,1350.0315567032549,14.115778530852314,-18.643309974154548,2.9670138419829133e-19
1787278730.8363876,twist +Z,fast,1787278713.1305244,-248.30509188542646,-189.62422784855778,1347.981813882795,14.221817088640538,-18.622881891406813,2.9685222383182646e-19
1787278730.8474212,twist +Z,fast,1787278713.1305244,-247.1124190388323,-188.2033462591611,1348.6143807808885,14.115250969435781,-18.533431427912184,2.965368570907332e-19
1787278730.8586028,twist +Z,fast,1787278713.1305244,-246.52998655912097,-187.62258057071938,1342.8620775834179,14.071693542802468,-18.489748991933872,2.960475226813847e-19
1787278730.8697007,twist +Z,fast,1787278713.1305244,-248.1761031913834,-186.90058216582827,1345.7468689345633,14.017543662436058,-18.613207739353797,2.9620773701753994e-19
1787278730.8806973,twist +Z,fast,1787278713.1305244,-248.7166458683546,-187.83090027066817,1345.3282734047016,14.087317520298885,-18.653748440126428,2.9665623617975428e-19
1787278730.8918204,twist +Z,fast,1787278713.1305244,-247.4940569735504,-187.17701162210813,1347.587642555728,14.03827587165701,-18.562054273016003,2.9675517159479254e-19
1787278730.9029534,twist +Z,fast,1787278713.1305244,-246.90946759196277,-187.09665672969493,1344.6671778867867,14.0322492547261,-18.518210069397107,2.966006306693077e-19
1787278730.9139235,twist +Z,fast,1787278713.1305244,-246.8628852975503,-187.57098587174357,1347.052892433744,14.067823940379714,-18.51471639731603,2.9663126942806405e-19
1787278730.9251647,twist +Z,fast,1787278713.1305244,-246.54783252362859,-186.3490534119236,1343.590244468366,13.976179005893275,-18.49108743927212,2.9627742569848645e-19
1787278730.9362683,twist +Z,fast,1787278713.1305244,-246.2478470362871,-186.1387824454256,1346.1374326585128,13.960408683405905,-18.468588527721153,2.96542886269305e-19
1787278730.9473374,twist +Z,fast,1787278713.1305244,-246.67869593516343,-185.24697457027708,1346.1030729878594,13.8935230927698,-18.500902195137186,2.9662807085016596e-19
1787278730.958372,twist +Z,fast,1787278713.1305244,-247.62288677298102,-185.8351080858605,1351.0944420861606,13.937633106438472,-18.571716507973484,2.9722829120359187e-19
1787278730.9698,twist +Z,fast,1787278713.1305244,-248.12966135730994,-187.72376151637047,1350.0882773319017,14.079282113726837,-18.609724601798213,2.9722840464328803e-19
1787278730.9806368,twist +Z,fast,1787278713.1305244,-247.52898147138558,-187.88466981191357,1349.3574505550196,14.091350235892381,-18.564673610353672,2.972569118866325e-19
1787278730.9917045,twist +Z,fast,1787278713.1305244,-248.28197470349505,-188.59910908183713,1348.3141315007933,14.144933181136583,-18.621148102761914,2.9683407226485892e-19
1787278731.002899,twist +Z,fast,1787278713.1305244,-247.7054385138149,-187.53181311804076,1348.2425937332382,14.06488598385187,-18.57790788853591,2.9669976036950154e-19
1787278731.0140052,twist +Z,fast,1787278713.1305244,-248.0540756423211,-188.03213525687227,1345.5670658983263,14.102410144264415,-18.604055673173974,2.963122502921059e-19
1787278731.025029,twist +Z,fast,1787278713.1305244,-246.1794428997714,-186.77648372991655,1345.3723239532528,14.008236279742821,-18.46345821748274,2.9675579127676906e-19
1787278731.035867,twist +Z,fast,1787278713.1305244,-246.5695478745297,-185.6426374638828,1344.7521635074454,13.923197809790029,-18.492716090589553,2.9672169555013086e-19
1787278731.046994,twist +Z,fast,1787278713.1305244,-247.27621848650097,-185.17527864887472,1348.4686328506114,13.888145898664309,-18.545716386487328,2.972384419425644e-19
1787278731.0583968,twist +Z,fast,1787278713.1305244,-248.93208148183794,-185.68539018531544,1348.0135254305724,13.926404263897513,-18.66990611113779,2.970055264010329e-19
1787278731.069438,twist +Z,fast,1787278713.1305244,-249.93165327491943,-187.78933552999194,1353.630643296151,14.084200164748257,-18.744873995618953,2.9738060516364233e-19
1787278731.0804567,twist +Z,fast,1787278713.1305244,-248.48117859737204,-187.37950095278677,1348.1893892363887,14.053462571457917,-18.63608839480265,2.9677239989009213e-19
1787278731.0915327,twist +Z,fast,1787278713.1305244,-247.74249039628694,-186.70931003116482,1346.087307489045,14.00319825233628,-18.58068677972129,2.96399992339428e-19
1787278731.102738,twist +Z,fast,1787278713.1305244,-245.36291678127918,-184.54747344848317,1338.054511741785,13.841060508635156,-18.402218758595588,2.954039128868003e-19
1787278731.1137023,twist +Z,fast,1787278713.1305244,-245.27679872844192,-185.89405764519654,1343.0021840192976,13.942054323388607,-18.39575990463303,2.957204172738797e-19
1787278731.1250343,twist +Z,fast,1787278713.1305244,-244.85006819032924,-185.321451244998,1343.339472217126,13.899108843373657,-18.36375511427459,2.9593560909246735e-19
1787278731.1360826,twist +Z,fast,1787278713.1305244,-245.65759246832158,-184.9550161789192,1344.9864976239123,13.87162621341783,-18.42431943512399,2.9641613422378064e-19
1787278731.1471672,twist +Z,fast,1787278713.1305244,-246.44831952986215,-184.04916673510286,1338.572363150527,13.803687505131425,-18.48362396473933,2.9601361908627023e-19
1787278731.158144,twist +Z,fast,1787278713.1305244,-247.82327289270643,-185.32255786153985,1343.939361190157,13.899191839614279,-18.586745466952998,2.966367537313265e-19
1787278731.1694093,twist +Z,fast,1787278713.1305244,-247.54515821695577,-187.03063700795235,1342.1357077214443,14.027297775595262,-18.56588686627159,2.9641878101178803e-19
1787278731.1802113,twist +Z,fast,1787278713.1305244,-247.57466695304583,-188.00980700597768,1347.1481804420773,14.10073552544728,-18.568100021478216,2.967171015948248e-19
1787278731.191598,twist +Z,fast,1787278713.1305244,-246.21563020327676,-188.07742719779037,1341.46597523533,14.105807039833241,-18.466172265245632,2.959203495614142e-19
1787278731.202493,twist +Z,fast,1787278713.1305244,-247.59701856510628,-187.95510383304338,1347.1019257412527,14.096632787476981,-18.569776392382508,2.966037990479051e-19
1787278731.2136164,twist +Z,fast,1787278713.1305244,-246.16805448840887,-186.58523613190948,1342.9702022541305,13.993892709892055,-18.46260408663042,2.965512887308552e-19
1787278731.2246387,twist +Z,fast,1787278713.1305244,-247.59465287457306,-187.35713703873273,1347.8722884185854,14.051785277903651,-18.569598965592775,2.971158286845271e-19
1787278731.2359169,twist +Z,fast,1787278713.1305244,-244.49499422935014,-186.35483447937793,1337.6448499862663,13.976612585951958,-18.337124567200938,2.96324209165511e-19
1787278731.2467096,twist +Z,fast,1787278713.1305244,-244.74950030472291,-185.88994808265886,1339.4169304571124,13.941746106198114,-18.35621252285381,2.963861645968497e-19
1787278731.257998,twist +Z,fast,1787278713.1305244,-243.79648355110612,-185.43087571345734,1337.093527809896,13.907315678508017,-18.284736266332835,2.9629540162436665e-19
1787278731.2690828,twist +Z,fast,1787278713.1305244,-245.83263945614772,-185.66046777528106,1343.7371065974157,13.92453508314512,-18.43744795921087,2.9634586290031514e-19
1787278731.2801042,twist +Z,fast,1787278713.1305244,-244.86104316378396,-185.80813892631716,1342.694379213598,13.935610419472884,-18.36457823728373,2.9602045423405163e-19
1787278731.291262,twist +Z,fast,1787278713.1305244,-244.25167893349635,-184.8338981124117,1341.3367841651643,13.862542358429824,-18.318875920011983,2.9564570103706376e-19
1787278731.3023899,twist +Z,fast,1787278713.1305244,-244.77055308133413,-184.62256774716172,1340.6309389528515,13.846692581036013,-18.357791481100044,2.9573097746927684e-19
1787278731.313602,twist +Z,fast,1787278713.1305244,-247.5122383848543,-184.96442215275658,1345.1942171005294,13.87233166145548,-18.56341787886395,2.965661349169688e-19
1787278731.3247147,twist +Z,fast,1787278713.1305244,-248.66614663032806,-186.4385176629263,1346.6832211435094,13.98288882471832,-18.64996099727435,2.9689855623175917e-19
1787278731.3356535,twist +Z,fast,1787278713.1305244,-247.8247501335086,-186.30091450131533,1345.710750718169,13.972568587597568,-18.58685626001307,2.970776900458798e-19
1787278731.3467405,twist +Z,fast,1787278713.1305244,-247.1337112454935,-185.96222651678238,1344.0084922833912,13.947166988757704,-18.535028343411746,2.964418779786292e-19
1787278731.3580017,twist +Z,fast,1787278713.1305244,-246.588930708082,-183.9111838949276,1343.129960924115,13.793338792118636,-18.49416980310611,2.9616121139086956e-19
1787278731.36903,twist +Z,fast,1787278713.1305244,-247.76420836109946,-185.5122120787081,1345.0459650154671,13.913415905901974,-18.58231562708209,2.96188098250307e-19
1787278731.380179,twist +Z,fast,1787278713.1305244,-247.39081013529403,-186.1219307841103,1342.5268314026553,13.9591448088071,-18.554310760146763,2.9603176351147006e-19
1787278731.3913085,twist +Z,fast,1787278713.1305244,-247.66159428180572,-187.71335746785678,1344.3921937111472,14.078501810088287,-18.57461957113521,2.9611364105638666e-19
1787278731.4021175,twist +Z,fast,1787278713.1305244,-247.16279374190935,-188.2536947137795,1344.121283484973,14.119027103532336,-18.537209530642897,2.9628156371402204e-19
1787278731.4134333,twist +Z,fast,1787278713.1305244,-248.32892855154432,-188.385287003097,1350.0709848731794,14.128896525231188,-18.624669641365863,2.9692296681523855e-19
1787278731.424452,twist +Z,fast,1787278713.1305244,-248.0876776122218,-188.45746450755394,1351.7675111040053,14.134309838065409,-18.606575820916497,2.9703897581418877e-19
1787278731.4354057,twist +Z,fast,1787278713.1305244,-248.36106480545232,-188.89953262939082,1357.3756909154026,14.167464947203147,-18.62707986040845,2.9720185916897016e-19
1787278731.4467092,twist +Z,fast,1787278713.1305244,-248.05631179066722,-188.15075857952786,1355.2515942018517,14.11130689346351,-18.60422338430002,2.9683997948919714e-19
1787278731.4578686,twist +Z,fast,1787278713.1305244,-248.22500370959233,-186.85239250118764,1352.4950420337145,14.013929437587894,-18.616875278219233,2.9662183543976107e-19
1787278731.4688735,twist +Z,fast,1787278713.1305244,-246.7010248956417,-184.11006208970127,1345.9459545132495,13.808254656726564,-18.502576867173033,2.9586223167269507e-19
1787278731.4801948,twist +Z,fast,1787278713.1305244,-246.9131772193964,-184.05704116474465,1345.9157060997559,13.804278087354636,-18.51848829145463,2.9590857714963683e-19
1787278731.4912555,twist +Z,fast,1787278713.1305244,-246.47525089748933,-185.1758505463,1344.7100538683835,13.888188790971373,-18.48564381731149,2.9603215564728056e-19
1787278731.5024166,twist +Z,fast,1787278713.1305244,-248.25782903062873,-186.12864629898752,1347.2580610287887,13.959648472422845,-18.61933717729682,2.9666981451486297e-19
1787278731.513419,twist +Z,fast,1787278713.1305244,-247.57734650542488,-185.72553859301468,1350.551465059777,13.929415394474962,-18.56830098790668,2.9700990655794394e-19
1787278731.524559,twist +Z,fast,1787278713.1305244,-247.39208357455163,-185.57951227318188,1348.4871844294094,13.918463420487459,-18.55440626809139,2.9695492101316914e-19
1787278731.5354235,twist +Z,fast,1787278713.1305244,-247.29752220647288,-185.86391920745734,1348.2296323434866,13.93979394055805,-18.547314165485204,2.968584692621673e-19
1787278731.5468326,twist +Z,fast,1787278713.1305244,-248.8463090002365,-187.08274529255107,1345.3733717572059,14.031205896939984,-18.66347317501741,2.9669103015859295e-19
1787278731.5579288,twist +Z,fast,1787278713.1305244,-250.2637709302321,-186.2499408688676,1350.9246317400766,13.968745565163804,-18.7697828197671,2.971722609004485e-19
1787278731.568804,twist +Z,fast,1787278713.1305244,-249.81624114045871,-187.45222180390226,1350.9320074214693,14.0589166352914,-18.736218085534247,2.970996586474648e-19
1787278731.5800064,twist +Z,fast,1787278713.1305244,-249.08413974363566,-187.3355592661443,1354.0935275959537,14.050166944959702,-18.68131048077244,2.970844848459412e-19
1787278731.5911646,twist +Z,fast,1787278713.1305244,-248.63883793792638,-187.46941455735885,1352.3284334477949,14.060206091800797,-18.64791284534435,2.968085850995393e-19
1787278731.6019082,twist +Z,fast,1787278713.1305244,-248.63221053045936,-186.27860928968164,1351.2162239306354,13.970895696724984,-18.647415789784283,2.9682506387587513e-19
1787278731.6132493,twist +Z,fast,1787278713.1305244,-249.68420231158098,-187.0828845184809,1352.2638268825694,14.031216338885091,-18.72631517336857,2.969926764315984e-19
1787278731.6242752,twist +Z,fast,1787278713.1305244,-249.42866397940315,-188.10710673045185,1353.5241584600235,14.108033004782659,-18.707149798455085,2.972033988394549e-19
1787278731.6352048,twist +Z,fast,1787278713.1305244,-251.42788984848494,-188.4537238276008,1361.7850885204089,14.134029287068874,-18.85709173863605,2.9786636694600866e-19
1787278731.646519,twist +Z,fast,1787278713.1305244,-249.6435572423038,-187.00219462947268,1361.2810671522993,14.025164597209201,-18.72326679317264,2.982092647367358e-19
1787278731.6576843,twist +Z,fast,1787278713.1305244,-249.95559920058759,-187.5475900090472,1359.2782794804798,14.06606925067739,-18.746669940043844,2.9808173332598343e-19
1787278731.668671,twist +Z,fast,1787278713.1305244,-247.7027952938538,-186.81974877831988,1353.7987601541217,14.01148115837282,-18.57770964703883,2.973717546431854e-19
1787278731.6797826,twist +Z,fast,1787278713.1305244,-247.30702956421055,-187.31318025873577,1350.5243184750698,14.048488519403893,-18.548027217315514,2.9685395943500565e-19
1787278731.6909304,twist +Z,fast,1787278713.1305244,-246.69335846522108,-185.07370554369334,1352.4416858354425,13.880527915775904,-18.502001884891484,2.9675896565573314e-19
1787278731.7018347,twist +Z,fast,1787278713.1305244,-248.4872832602464,-184.53567304647675,1353.8043703264948,13.84017547848477,-18.63654624451808,2.973462255205702e-19
1787278731.7131045,twist +Z,fast,1787278713.1305244,-249.8252986853936,-186.54006578750102,1355.4970296375222,13.990504934061395,-18.736897401404256,2.97544850021724e-19
1787278731.7242527,twist +Z,fast,1787278713.1305244,-250.41922908007064,-187.7205099979741,1357.0533855253443,14.079038249846793,-18.78144218100509,2.9769086031271745e-19
1787278731.7349951,twist +Z,fast,1787278713.1305244,-249.0685330896954,-187.84559177225572,1353.4702847210638,14.088419382918108,-18.680139981727017,2.969058172636376e-19
1787278731.746455,twist +Z,fast,1787278713.1305244,-248.75109777036823,-185.70843186109994,1353.9098117460662,13.92813238958107,-18.656332332777502,2.9668823225631005e-19
1787278731.7575128,twist +Z,fast,1787278713.1305244,-249.26008981802852,-185.1588978148128,1353.4760345122422,13.886917336109935,-18.69450673635174,2.96701862147117e-19
1787278731.7684655,twist +Z,fast,1787278713.1305244,-249.19517837393914,-186.24660840607214,1355.766210814706,13.968495630454417,-18.68963837804521,2.970876072983066e-19
1787278731.779728,twist +Z,fast,1787278713.1305244,-248.95777360848615,-187.30709599547947,1356.1636068649268,14.048032199659762,-18.671833020636107,2.9716323660131065e-19
1787278731.790861,twist +Z,fast,1787278713.1305244,-247.26112625517044,-187.8024005554986,1350.18879871433,14.085180041661108,-18.544584469137604,2.966352099339826e-19
1787278731.8015778,twist +Z,fast,1787278713.1305244,-247.32519878491576,-186.6658150064651,1350.9705315026977,13.999936125483746,-18.549389908868683,2.968222299250449e-19
1787278731.812847,twist +Z,fast,1787278713.1305244,-247.02448040640365,-185.15792745801298,1350.089502986576,13.886844559349928,-18.526836030480233,2.968351842894377e-19
1787278731.8242717,twist +Z,fast,1787278713.1305244,-248.1045803957445,-184.4939766055055,1353.801223056057,13.83704824541191,-18.607843529680693,2.969876929110627e-19
1787278731.8348265,twist +Z,fast,1787278713.1305244,-247.60896420247582,-185.6641019099685,1352.4730455100316,13.924807643246414,-18.570672315185497,2.9673571124995595e-19
1787278731.8460302,twist +Z,fast,1787278713.1305244,-248.42741740667725,-187.4221602097822,1354.017216722209,14.056662015732403,-18.632056305500775,2.965180449681656e-19
1787278731.8574839,twist +Z,fast,1787278713.1305244,-248.43798393665975,-188.00189374348008,1353.817416361976,14.100142030759987,-18.63284879524938,2.967384162061878e-19
1787278731.8682723,twist +Z,fast,1787278713.1305244,-249.20018149136786,-187.19079953263952,1354.1680773252601,14.0393099649468,-18.690013611852514,2.965386868324384e-19
1787278731.8795826,twist +Z,fast,1787278713.1305244,-248.12802452322876,-186.30293619065867,1346.583294647281,13.972720214298324,-18.60960183924182,2.9622433700350806e-19
1787278731.8909097,twist +Z,fast,1787278713.1305244,-248.07490146316604,-185.8053146419112,1346.9181050686248,13.935398598142232,-18.605617609737195,2.9621726076932037e-19
1787278731.901701,twist +Z,fast,1787278713.1305244,-247.69020525725273,-186.28591533574343,1344.3249383225693,13.971443650179712,-18.57676539429388,2.9628280478867966e-19
1787278731.9130123,twist +Z,fast,1787278713.1305244,-248.6803203639388,-186.74733562704284,1351.4474502610965,14.006050172027106,-18.651024027295236,2.9703931581098135e-19
1787278731.924094,twist +Z,fast,1787278713.1305244,-248.37233162940674,-187.20969681083704,1351.9661695822406,14.04072726081164,-18.627924872205405,2.9692193202982077e-19
1787278731.9348505,twist +Z,fast,1787278713.1305244,-248.43142670815496,-187.545592196357,1354.4349969528275,14.065919414725588,-18.6323570031116,2.9698801594266774e-19
1787278731.9462397,twist +Z,fast,1787278713.1305244,-247.9166617984706,-186.7397704327808,1348.9921337428268,14.005482782457168,-18.593749634884993,2.9674685107687666e-19
1787278731.957394,twist +Z,fast,1787278713.1305244,-248.1759485019279,-187.14944202444747,1346.5257620784678,14.036208151832515,-18.613196137644337,2.9674461881938815e-19
1787278731.9683933,twist +Z,fast,1787278713.1305244,-248.52542072194728,-188.22850117553423,1348.0194992370189,14.11713758816403,-18.639406554145715,2.972496624645456e-19
1787278731.9795396,twist +Z,fast,1787278713.1305244,-248.6771657345439,-188.43349887334114,1353.8845149375802,14.132512415499551,-18.650787430090432,2.9715656897555846e-19
1787278731.9935606,twist +Z,fast,1787278713.1305244,-247.33614259454453,-187.66774871227005,1353.376347826891,14.075081153419024,-18.550210694590376,2.9709108472506725e-19
1787278732.0013828,twist +Z,fast,1787278713.1305244,-246.2265982689255,-185.456848762292,1350.6721507886368,13.909263657170772,-18.46699487016918,2.964895021442513e-19
1787278732.0127823,twist +Z,fast,1787278713.1305244,-245.3192701495459,-185.4075485583461,1344.337764300547,13.905566141874719,-18.39894526121566,2.962591626452575e-19
1787278732.0239806,twist +Z,fast,1787278713.1305244,-247.52349267684758,-186.29721110049843,1346.8975148793043,13.972290832536121,-18.56426195076341,2.9644266733073186e-19
1787278732.0351424,twist +Z,fast,1787278713.1305244,-248.2188418874607,-187.1888435869315,1349.499300825385,14.039163269018676,-18.616413141559313,2.964015826173412e-19
1787278732.0461433,twist +Z,fast,1787278713.1305244,-248.6482203913297,-187.3973389609638,1354.7679026687338,14.05480042207137,-18.648616529349518,2.965565068896928e-19
1787278732.0600355,twist +Z,fast,1787278713.1305244,-247.30772704510264,-189.0102519144108,1352.4800566558906,14.17576889357979,-18.5480795283827,2.9622949439501005e-19
1787278732.0680177,twist +Z,fast,1787278713.1305244,-247.34691166221774,-188.97223384428014,1348.729992729909,14.172917538319854,-18.551018374666157,2.964393986087049e-19
1787278732.079517,twist +Z,fast,1787278713.1305244,-246.0863047432299,-185.78941296933624,1344.0555781341727,13.934205972699122,-18.456472855742064,2.9617516599538873e-19
1787278732.0931084,twist +Z,fast,1787278713.1305244,-246.14955158627026,-183.87284547548904,1345.615549913101,13.790463410660653,-18.461216368970135,2.9630741850572377e-19
1787278732.1016748,twist +Z,fast,1787278713.1305244,-246.3701847677189,-184.39144187021668,1348.0945114666947,13.829358140265189,-18.477763857578942,2.9623342711621635e-19
1787278732.112792,twist +Z,fast,1787278713.1305244,-248.80341920164437,-188.50594043674835,1353.64678467465,14.137945532754845,-18.66025644012329,2.968190377685027e-19
1787278732.1249642,twist +Z,fast,1787278713.1305244,-249.36824469562043,-188.18077884720844,1354.293967762439,14.113558413539455,-18.70261835217145,2.968737441285536e-19
1787278732.1350021,twist +Z,fast,1787278713.1305244,-248.9085615872732,-188.9252346732752,1349.4344841358188,14.169392600494394,-18.668142119045214,2.9678869447515326e-19
1787278732.146036,twist +Z,fast,1787278713.1305244,-248.25323070631157,-186.97641327462827,1347.0730798917039,14.02323099559607,-18.618992302973318,2.9648857885085366e-19
1787278732.158148,twist +Z,fast,1787278713.1305244,-247.98713097503378,-187.80159225092655,1346.0315827944223,14.085119418818596,-18.599034823127255,2.964149045829637e-19
1787278732.1682913,twist +Z,fast,1787278713.1305244,-247.85902782707535,-186.76413262229437,1347.91573068269,14.00730994667099,-18.589427087030572,2.9654348325672683e-19
1787278732.17945,twist +Z,fast,1787278713.1305244,-247.20702041397135,-188.93454980749368,1346.9356722336788,14.170091235560978,-18.540526531047753,2.9647004907357526e-19
1787278732.1912336,twist +Z,fast,1787278713.1305244,-246.62472773642048,-188.57262822413657,1346.639920672028,14.142947116809044,-18.496854580231407,2.967123961724301e-19
1787278732.2015953,twist +Z,fast,1787278713.1305244,-246.20793886387537,-188.1356970901387,1347.9693304353814,14.110177281759153,-18.465595414790428,2.969287129102568e-19
1787278732.2127206,twist +Z,fast,1787278713.1305244,-246.16583350654446,-186.88117639093218,1347.305845565751,14.016088229318587,-18.462437512990824,2.967047770671066e-19
1787278732.2239506,twist +Z,fast,1787278713.1305244,-247.74093386019422,-187.8205422150794,1349.0386100068908,14.08654066612981,-18.580570039514363,2.9668867459199666e-19
1787278732.2349582,twist +Z,fast,1787278713.1305244,-246.2820847450089,-186.95575847238717,1345.3097247880569,14.021681885427558,-18.471156355875443,2.959592045227197e-19
1787278732.2460084,twist +Z,fast,1787278713.1305244,-244.79900000548196,-187.45999544874928,1338.8172489450653,14.059499658654861,-18.35992500041089,2.9580988875615607e-19
1787278732.2576516,twist +Z,fast,1787278713.1305244,-243.31328192093997,-186.64020918770655,1336.4343988990631,13.998015689076727,-18.248496144070174,2.956775245826897e-19
1787278732.2680264,twist +Z,fast,1787278713.1305244,-244.50773136612088,-187.8291250359331,1339.2948302417217,14.087184377693664,-18.33807985245884,2.962389416946049e-19
1787278732.279244,twist +Z,fast,1787278713.1305244,-246.63118475996407,-188.91445283119276,1347.4518554649594,14.168583962338335,-18.497338856997096,2.967572135450369e-19
1787278732.290419,twist +Z,fast,1787278713.1305244,-246.93743722561385,-188.9299461031602,1346.2426390677128,14.169745957736001,-18.520307791920693,2.9661543279802625e-19
1787278732.3014657,twist +Z,fast,1787278713.1305244,-247.01605786497157,-188.2159112722951,1340.479756780077,14.116193345421014,-18.52620433987274,2.958048388752967e-19
1787278732.312639,twist +Z,fast,1787278713.1305244,-246.63468450697064,-187.2330994854491,1338.4151838065745,14.042482461407477,-18.497601338022484,2.9547904582612766e-19
1787278732.323728,twist +Z,fast,1787278713.1305244,-246.83534945602923,-186.81256290693352,1341.3881414310845,14.010942218019014,-18.512651209202104,2.9586229330111304e-19
1787278732.3346345,twist +Z,fast,1787278713.1305244,-246.76992452212517,-185.88618510389063,1344.7912024650477,13.94146388279066,-18.507744339159395,2.964040556138385e-19
1787278732.3458018,twist +Z,fast,1787278713.1305244,-247.58540718524864,-186.3682388869032,1349.8425250303908,13.977617916516298,-18.56890553889356,2.9697387817163827e-19
1787278732.3568494,twist +Z,fast,1787278713.1305244,-248.17498071543787,-188.31787319048306,1350.6228675506727,14.123840489285147,-18.613123553657644,2.9676056859950076e-19
1787278732.3678658,twist +Z,fast,1787278713.1305244,-247.07067232101645,-188.0836508418016,1348.4403874071058,14.106273813133814,-18.53030042407603,2.9638176694723564e-19
1787278732.3791938,twist +Z,fast,1787278713.1305244,-246.16861002150517,-186.88514208625827,1343.6078342421142,14.016385656468092,-18.462645751612676,2.960129349467091e-19
1787278732.3902478,twist +Z,fast,1787278713.1305244,-245.16856444199266,-184.45164555315648,1344.2943814315377,13.83387341648562,-18.387642333149465,2.961085602591415e-19
1787278732.4011898,twist +Z,fast,1787278713.1305244,-246.57967470933045,-185.72248525404223,1347.0570100462928,13.92918639405207,-18.493475603199684,2.964267794681875e-19
1787278732.4125469,twist +Z,fast,1787278713.1305244,-247.1758715418141,-186.55410027188793,1350.092653432207,13.991557520390476,-18.53819036563597,2.968258392887101e-19
1787278732.4235718,twist +Z,fast,1787278713.1305244,-248.86413606825636,-187.42381785154714,1350.7292295219695,14.056786338864956,-18.664810205118947,2.96920496309434e-19
1787278732.4343803,twist +Z,fast,1787278713.1305244,-248.32605877943706,-188.62193694649443,1350.537077582162,14.14664527098586,-18.62445440845766,2.968063852063708e-19
1787278732.4458547,twist +Z,fast,1787278713.1305244,-247.68063179122646,-188.086742144273,1350.570944766955,14.106505660819284,-18.57604738434201,2.9651317880394996e-19
1787278732.456657,twist +Z,fast,1787278713.1305244,-245.83183303834676,-189.0063621052053,1346.5784845622447,14.175477157889308,-18.43738747787571,2.9594947612281725e-19
1787278732.4678128,twist +Z,fast,1787278713.1305244,-245.5666402338543,-186.72518659121613,1345.3156813647447,14.004388994340179,-18.417498017539053,2.9545191082514646e-19
1787278732.4790711,twist +Z,fast,1787278713.1305244,-245.02453400411787,-186.46015677637263,1342.6236800333072,13.98451175822672,-18.37684005030873,2.950873086565158e-19
1787278732.4903338,twist +Z,fast,1787278713.1305244,-244.53714251637984,-184.81446628182277,1342.7159633500587,13.861084971135814,-18.340285688728542,2.9525274678065906e-19
1787278732.5012717,twist +Z,fast,1787278713.1305244,-246.35232865167063,-187.03431951003142,1347.9094117378636,14.027573963251118,-18.476424648875117,2.9590273118237976e-19
1787278732.5125377,twist +Z,fast,1787278713.1305244,-246.29878378155854,-187.340350112093,1347.0323433743479,14.050526258405828,-18.47240878361678,2.9586154929982146e-19
1787278732.5234184,twist +Z,fast,1787278713.1305244,-247.62104187726936,-189.12434530871963,1347.4370024940772,14.184325898152753,-18.57157814079504,2.9601605756083687e-19
1787278732.5344672,twist +Z,fast,1787278713.1305244,-245.8860117021918,-188.1133801455038,1342.1316624367,14.108503510911934,-18.441450877664245,2.955661981574895e-19
1787278732.54569,twist +Z,fast,1787278713.1305244,-246.5709358258905,-189.33123901681427,1344.09082160854,14.199842926259965,-18.49282018694162,2.9603485417042836e-19
1787278732.556909,twist +Z,fast,1787278713.1305244,-246.87643103387882,-189.98410554692202,1344.472255571406,14.248807916017842,-18.515732327540675,2.9610870397665847e-19
1787278732.5680387,twist +Z,fast,1787278713.1305244,-246.28960402367056,-189.917539793831,1343.61797302401,14.243815484536018,-18.4717203017752,2.9651057448465323e-19
1787278732.5791183,twist +Z,fast,1787278713.1305244,-246.20256196275977,-188.58771724635642,1342.375285820367,14.14407879347566,-18.46519214720655,2.9627815585242627e-19
1787278732.5901904,twist +Z,fast,1787278713.1305244,-246.11908426712625,-187.61111981474312,1345.812041788301,14.070833986104493,-18.458931320034424,2.962648838851768e-19
1787278732.6011257,twist +Z,fast,1787278713.1305244,-247.36448360956138,-187.71387306303052,1345.5718287798527,14.078540479726033,-18.552336270716815,2.9594722695939667e-19
1787278732.6123993,twist +Z,fast,1787278713.1305244,-248.17471201180297,-188.65908783047587,1346.0284074810124,14.149431587284756,-18.613103400884924,2.957244794144552e-19
1787278732.6232862,twist +Z,fast,1787278713.1305244,-247.83031712785169,-188.02581359275302,1342.3787573994023,14.101936019455213,-18.587273784588767,2.955941062502515e-19
1787278732.6343975,twist +Z,fast,1787278713.1305244,-246.45730581573525,-186.91330793427016,1340.076134526048,14.018498095069209,-18.484297936180056,2.9562929649741114e-19
1787278732.6456034,twist +Z,fast,1787278713.1305244,-246.10362259911517,-186.08420957605574,1337.0121513560835,13.956315718203133,-18.457771694933392,2.9572956695903184e-19
1787278732.6566374,twist +Z,fast,1787278713.1305244,-246.52567914012207,-186.74804087568566,1340.4736373154492,14.006103065675365,-18.489425935509146,2.9599845286342367e-19
1787278732.667618,twist +Z,fast,1787278713.1305244,-247.49042658741791,-187.6140487321967,1343.7719263794634,14.071053654913602,-18.561781994056183,2.95855644498696e-19
1787278732.6790287,twist +Z,fast,1787278713.1305244,-246.59346039644015,-186.88416341888103,1344.2354620518718,14.016312256414839,-18.4945095297331,2.9579552424601632e-19
1787278732.6900408,twist +Z,fast,1787278713.1305244,-246.2713155997476,-187.34223663545424,1342.4347701083834,14.0506677476579,-18.470348669981057,2.9562703973194987e-19
1787278732.700893,twist +Z,fast,1787278713.1305244,-247.15987668799653,-187.7787968705776,1343.8093855477173,14.08340976529212,-18.536990751599383,2.963641043602188e-19
1787278732.7122645,twist +Z,fast,1787278713.1305244,-246.1402165468421,-187.70492968120777,1344.5453992587709,14.077869726089407,-18.460516241012947,2.966925115469083e-19
1787278732.7234664,twist +Z,fast,1787278713.1305244,-246.4771682073465,-185.8345455616651,1347.9519436224573,13.937590917123703,-18.485787615551004,2.9704032353356377e-19
1787278732.7342434,twist +Z,fast,1787278713.1305244,-244.8821395308155,-185.6172533694952,1345.6736471156846,13.92129400271077,-18.366160464811152,2.9654009114334198e-19
1787278732.7456117,twist +Z,fast,1787278713.1305244,-246.81986337738408,-186.25399816024526,1346.9712471579123,13.969049862017318,-18.51148975330367,2.96534658378891e-19
1787278732.7561996,twist +Z,fast,1787278713.1305244,-246.69259565600396,-187.19826391868776,1344.7829529804521,14.03986979390054,-18.501944674200097,2.9643369594149216e-19
1787278732.7675498,twist +Z,fast,1787278713.1305244,-248.66468458572808,-187.36432638588087,1346.4621091514828,14.052324478939926,-18.649851343929214,2.967060885488673e-19
1787278732.7788496,twist +Z,fast,1787278713.1305244,-248.40814366166205,-187.34671573897742,1347.3954940232588,14.051003680422117,-18.63061077462436,2.967425451405752e-19
1787278732.7899504,twist +Z,fast,1787278713.1305244,-248.15588855569558,-187.2244293879677,1346.8680410822408,14.041832204096398,-18.611691641676977,2.9645465558231067e-19
1787278732.800813,twist +Z,fast,1787278713.1305244,-247.57214527665792,-186.64975245191192,1347.5483260156261,13.998731433892335,-18.567910895749016,2.964017325680176e-19
1787278732.8121877,twist +Z,fast,1787278713.1305244,-247.93470843265777,-187.12094061266146,1346.840450912302,14.034070545948413,-18.59510313244904,2.9635241924052843e-19
1787278732.822922,twist +Z,fast,1787278713.1305244,-247.8067040678202,-187.00726694569482,1346.5804186730957,14.02554502092605,-18.58550280508645,2.964265169421455e-19
1787278732.834164,twist +Z,fast,1787278713.1305244,-247.18856345744416,-187.17307238204273,1348.4644254465647,14.037980428652094,-18.5391422593081,2.963538549079764e-19
1787278732.845303,twist +Z,fast,1787278713.1305244,-244.92764252829102,-186.02479398204434,1344.53504950747,13.951859548652326,-18.36957318962152,2.956391289737995e-19
1787278732.8564718,twist +Z,fast,1787278713.1305244,-244.22734881286897,-185.52670829653232,1338.8929095323228,13.914503122238632,-18.317051160964866,2.9516966086739394e-19
1787278732.867503,twist +Z,fast,1787278713.1305244,-243.72716356754108,-184.67065209774807,1338.9130242919682,13.850298907329961,-18.27953726756538,2.9528470547936756e-19
1787278732.878711,twist +Z,fast,1787278713.1305244,-246.1027736785486,-185.7261731230093,1344.3759499269681,13.92946298422439,-18.457708025890902,2.9603584190294246e-19
1787278732.8894117,twist +Z,fast,1787278713.1305244,-246.12352864717786,-185.8240887764788,1346.587149736196,13.936806658234747,-18.459264648538102,2.9607744160163417e-19
1787278732.900719,twist +Z,fast,1787278713.1305244,-247.3888519396528,-187.64998127034312,1343.1761878887091,14.073748595274669,-18.554163895473728,2.962131033851574e-19
1787278732.9119937,twist +Z,fast,1787278713.1305244,-245.67843756445882,-187.25789925476818,1338.5843274462104,14.044342444106395,-18.425882817334283,2.9591749551684033e-19
1787278732.9227848,twist +Z,fast,1787278713.1305244,-246.82206168768107,-188.38493529897949,1344.0066102511528,14.128870147422123,-18.511654626575968,2.966026503997516e-19
1787278732.9340763,twist +Z,fast,1787278713.1305244,-246.3765877900346,-185.689626488895,1348.4696079495088,13.926721986665928,-18.478244084252267,2.963967603081582e-19
1787278732.945337,twist +Z,fast,1787278713.1305244,-247.92463111333245,-186.30555184494972,1351.234348504896,13.972916388370212,-18.59434733349952,2.964345555848736e-19
1787278732.9562435,twist +Z,fast,1787278713.1305244,-247.4315284706413,-184.7241826960502,1347.789568983234,13.854313702202749,-18.557364635297844,2.9610730632860526e-19
1787278732.9673758,twist +Z,fast,1787278713.1305244,-247.49969819600983,-187.49638953987358,1341.6658564055842,14.062229215489172,-18.562477364700563,2.9575113277607868e-19
1787278732.9786391,twist +Z,fast,1787278713.1305244,-246.9293554145156,-186.12676456820452,1341.8806123456588,13.959507342614234,-18.519701656088365,2.9580425201277594e-19
1787278732.989795,twist +Z,fast,1787278713.1305244,-246.9084087180977,-187.5231468612959,1341.4109851234562,14.06423601459591,-18.518130653857277,2.9536973929773953e-19
1787278733.0008943,twist +Z,fast,1787278713.1305244,-248.4301842218597,-187.54860663410716,1349.8332326576465,14.066145497556779,-18.632263816639203,2.956335329230837e-19
1787278733.0119643,twist +Z,fast,1787278713.1305244,-247.73570516514474,-187.15797498116274,1351.1845179194434,14.036848123586001,-18.58017788738581,2.9564108060748305e-19
1787278733.0228062,twist +Z,fast,1787278713.1305244,-246.73916039459664,-186.08307506428935,1348.5881918298574,13.956230629820457,-18.505437029594468,2.9574901689098017e-19
1787278733.033965,twist +Z,fast,1787278713.1305244,-247.69373796557693,-186.95153993520796,1351.025659786409,14.021365495139396,-18.577030347418066,2.963656021615156e-19
1787278733.045199,twist +Z,fast,1787278713.1305244,-249.43338876187545,-189.8578149801407,1352.3573852487962,14.239336123509364,-18.70750415714037,2.9674697341329526e-19
1787278733.0559192,twist +Z,fast,1787278713.1305244,-250.5553362717451,-190.42321371953665,1359.425560830131,14.281741028964024,-18.791650220380816,2.9774874574513123e-19
1787278733.0674584,twist +Z,fast,1787278713.1305244,-248.34342186711592,-190.160221120581,1353.6463263745363,14.262016584042303,-18.62575664003338,2.9693616666134295e-19
1787278733.0785797,twist +Z,fast,1787278713.1305244,-246.99944356512924,-188.67360247712998,1352.0152959289435,14.150520185783552,-18.524958267384555,2.9664091139441015e-19
1787278733.0895343,twist +Z,fast,1787278713.1305244,-246.22245053908546,-188.53090593524723,1346.7894539149993,14.139817945142202,-18.466683790431254,2.954749640418346e-19
1787278733.1008344,twist +Z,fast,1787278713.1305244,-246.79471730959858,-187.0897312169942,1349.352957235159,14.031729841273336,-18.509603798219636,2.960924960354631e-19
1787278733.111861,twist +Z,fast,1787278713.1305244,-245.126525692855,-186.504677552536,1342.054752098872,13.987850816438968,-18.384489426964016,2.9561069397720484e-19
1787278733.122762,twist +Z,fast,1787278713.1305244,-245.0425830154095,-186.4476824517891,1343.025125745141,13.983576183882992,-18.37819372615545,2.9582246346765117e-19
1787278733.134039,twist +Z,fast,1787278713.1305244,-245.52638815303135,-187.1935034218094,1342.5220711482625,14.03951275663464,-18.414479111476886,2.9545592879035635e-19
1787278733.1451857,twist +Z,fast,1787278713.1305244,-247.74020763757972,-188.6325959407692,1348.5668042714087,14.147444695556405,-18.58051557281842,2.959115005319369e-19
1787278733.1558998,twist +Z,fast,1787278713.1305244,-247.82263323061443,-188.07974686353612,1346.7443005542746,14.105981014764314,-18.58669749229579,2.9597626794662396e-19
1787278733.167232,twist +Z,fast,1787278713.1305244,-247.5561719900311,-188.3798307140745,1345.3790284084835,14.128487303554412,-18.56671289925218,2.9620788687752815e-19
1787278733.1787062,twist +Z,fast,1787278713.1305244,-247.81729850549027,-187.55397910157205,1346.902967171748,14.066548432616788,-18.586297387911635,2.9622436919031797e-19
1787278733.189353,twist +Z,fast,1787278713.1305244,-248.80004899902679,-187.8751610623732,1348.3023636959379,14.090637079676899,-18.66000367492701,2.9618394817321337e-19
1787278733.2005858,twist +Z,fast,1787278713.1305244,-248.82342271904008,-188.1644356586038,1351.084707668656,14.112332674394185,-18.661756703927743,2.9646170458126185e-19
1787278733.21194,twist +Z,fast,1787278713.1305244,-249.03280629297342,-189.88915825065862,1351.8037184200211,14.241686868798144,-18.677460471972744,2.9665111768810923e-19
1787278733.2227454,twist +Z,fast,1787278713.1305244,-248.52043305228244,-189.39943670068885,1353.6863216699212,14.204957752550147,-18.639032478921017,2.965672557243869e-19
1787278733.2337198,twist +Z,fast,1787278713.1305244,-248.79930404135257,-189.27710826240002,1351.9393345033068,14.195783119678712,-18.659947803101367,2.962070874343632e-19
1787278733.2448733,twist +Z,fast,1787278713.1305244,-247.64372899862656,-188.09493081924722,1346.1411721181294,14.107119811442377,-18.57327967489686,2.9558769938055813e-19
1787278733.2558262,twist +Z,fast,1787278713.1305244,-247.69681056156105,-189.4605716203365,1345.728536711059,14.209542871523855,-18.57726079211681,2.9604565873197588e-19
1787278733.2672029,twist +Z,fast,1787278713.1305244,-246.84397738099187,-188.96127304042682,1347.143902216293,14.172095478030759,-18.513298303574167,2.9632455807677348e-19
1787278733.2783892,twist +Z,fast,1787278713.1305244,-246.29297038233335,-188.52852127931544,1347.0628497504194,14.139639095947619,-18.471972778674818,2.9656130303910213e-19
1787278733.2892125,twist +Z,fast,1787278713.1305244,-246.25491768884467,-188.6061114610842,1347.5954078701116,14.145458359580235,-18.469118826663127,2.966186057464953e-19
1787278733.3004699,twist +Z,fast,1787278713.1305244,-247.49591966493472,-188.28203029243093,1349.823976456736,14.121152271931468,-18.56219397486972,2.964929735396869e-19
1787278733.3115883,twist +Z,fast,1787278713.1305244,-248.16555623648628,-187.2517118934312,1357.2729945803703,14.04387839200631,-18.612416717736174,2.967588243769188e-19
1787278733.3224952,twist +Z,fast,1787278713.1305244,-247.69455267351213,-185.55009728866332,1353.8269212549394,13.916257296648755,-18.577091450513265,2.964636986982467e-19
1787278733.333753,twist +Z,fast,1787278713.1305244,-245.73821522377557,-184.9780601305332,1347.5457689230434,13.873354509789113,-18.43036614178287,2.96170540102994e-19
1787278733.3449419,twist +Z,fast,1787278713.1305244,-246.1534662032377,-184.08320616287472,1342.4772410572486,13.806240462214394,-18.461509965242676,2.958058744292189e-19
1787278733.3558722,twist +Z,fast,1787278713.1305244,-246.70941482961234,-186.0828813364443,1342.4408171768637,13.9562161002322,-18.503206112220802,2.9544942637670034e-19
1787278733.3670456,twist +Z,fast,1787278713.1305244,-248.180907944889,-187.71936853479417,1343.1227763229917,14.07895264010833,-18.613568095866455,2.955249754858448e-19
1787278733.3781934,twist +Z,fast,1787278713.1305244,-248.94029975509466,-189.71319193488887,1347.0307435626464,14.228489395115805,-18.67052248163177,2.95795439809716e-19
1787278733.3891947,twist +Z,fast,1787278713.1305244,-250.275126230566,-189.54108889567726,1356.0070107833608,14.215581667174721,-18.77063446729251,2.9653202100105935e-19
1787278733.4003243,twist +Z,fast,1787278713.1305244,-249.1636171204059,-187.63337128815704,1354.268834602849,14.07250284661065,-18.68727128403019,2.9612987231730647e-19
1787278733.411635,twist +Z,fast,1787278713.1305244,-247.81150709190888,-186.69740393633413,1351.615651507912,14.002305295223923,-18.58586303189292,2.9593798162138406e-19
1787278733.4224231,twist +Z,fast,1787278713.1305244,-246.436813931075,-185.23974764225898,1348.2288852953707,13.892981073168205,-18.482761044830376,2.9577275419286063e-19
1787278733.4336784,twist +Z,fast,1787278713.1305244,-246.99864826106887,-187.32289935235792,1350.2036746917938,14.049217451425665,-18.524898619580036,2.9612740186157513e-19
1787278733.4447687,twist +Z,fast,1787278713.1305244,-246.4509861387819,-186.76417125268188,1348.7907060116095,14.007312843949908,-18.483823960408486,2.958525277101015e-19
1787278733.4557188,twist +Z,fast,1787278713.1305244,-245.69759350587492,-186.28518764109901,1343.4253158327783,13.971389073081202,-18.42731951294043,2.952752334567063e-19
1787278733.4666896,twist +Z,fast,1787278713.1305244,-244.50844082549747,-184.18807181868203,1342.3647118910894,13.814105386400133,-18.338133061912195,2.9529468494814655e-19
1787278733.4779792,twist +Z,fast,1787278713.1305244,-245.6470237219978,-184.80816590100937,1344.5193982373812,13.860612442574737,-18.423526779149554,2.9558225346192994e-19
1787278733.4889216,twist +Z,fast,1787278713.1305244,-247.775967132377,-186.07976345946884,1352.333567200828,13.955982259458995,-18.583197534928004,2.9613936060096845e-19
1787278733.5002167,twist +Z,fast,1787278713.1305244,-248.43478338856357,-187.53360523980643,1352.8817141143745,14.06502039298437,-18.63260875414211,2.9602554777852984e-19
1787278733.5114245,twist +Z,fast,1787278713.1305244,-248.27610917892207,-187.2324041278806,1353.2910597728142,14.042430309589736,-18.620708188418988,2.9631573020968135e-19
1787278733.522204,twist +Z,fast,1787278713.1305244,-247.2004762468482,-187.8869301863573,1350.6208979362536,14.09151976397563,-18.540035718513494,2.9616104243555346e-19
1787278733.5332446,twist +Z,fast,1787278713.1305244,-246.49354880301098,-187.96186653857,1347.8757097151874,14.097139990391671,-18.48701616022546,2.9612365563347936e-19
1787278733.5446992,twist +Z,fast,1787278713.1305244,-247.02763500870378,-188.2030614918259,1347.3792528813674,14.115229611886068,-18.527072625652856,2.9560926218265755e-19
1787278733.5556362,twist +Z,fast,1787278713.1305244,-248.10697629246397,-189.19146235876303,1350.6253333057984,14.189359676905926,-18.608023221934864,2.960279266152656e-19
1787278733.5668118,twist +Z,fast,1787278713.1305244,-249.6427808539288,-187.741948856126,1355.5270676673308,14.080646164208293,-18.72320856404435,2.962909262215586e-19
1787278733.578133,twist +Z,fast,1787278713.1305244,-248.85819604857397,-189.34609244351475,1355.441778079742,14.200956933262535,-18.664364703642775,2.9652281503490866e-19
1787278733.5888698,twist +Z,fast,1787278713.1305244,-247.84456104088395,-187.26804795312398,1350.2907907671824,14.04510359648312,-18.588342078066113,2.9612930739826565e-19
1787278733.6001132,twist +Z,fast,1787278713.1305244,-247.2582782854074,-187.99218313266044,1347.4327568063936,14.099413734948417,-18.54437087140527,2.9611543446563014e-19
1787278733.6113102,twist +Z,fast,1787278713.1305244,-248.4896435974283,-187.44649915632078,1346.3495408849603,14.05848743672286,-18.636723269806808,2.9618859971128603e-19
1787278733.622221,twist +Z,fast,1787278713.1305244,-248.43848855469923,-187.93423865837428,1346.1502921425244,14.09506789937689,-18.63288664160219,2.962014711735843e-19
1787278733.6334114,twist +Z,fast,1787278713.1305244,-248.0172014786608,-188.4878640186547,1347.2253880864073,14.136589801397921,-18.60129011089932,2.960196539690286e-19
1787278733.6446106,twist +Z,fast,1787278713.1305244,-247.3765854673643,-188.06008878207615,1350.434013668074,14.104506658654618,-18.553243910051997,2.961946084922641e-19
1787278733.6555533,twist +Z,fast,1787278713.1305244,-247.8450561523946,-186.97642919914904,1353.959005096728,14.023232189935218,-18.588379211429434,2.961616530126068e-19
1787278733.6666179,twist +Z,fast,1787278713.1305244,-249.0915438110519,-187.75855282214286,1355.862112197371,14.08189146165974,-18.681865785828805,2.961682174519886e-19
1787278733.6779497,twist +Z,fast,1787278713.1305244,-249.10264244699874,-187.77263316136475,1354.2310003542489,14.082947487101226,-18.682698183524728,2.9608958769005944e-19
1787278733.6889036,twist +Z,fast,1787278713.1305244,-248.6291686106465,-188.8560217848211,1353.2717008017016,14.164201633860191,-18.647187645798468,2.960930577353488e-19
1787278733.7001452,twist +Z,fast,1787278713.1305244,-249.25835176559076,-188.21029186522094,1355.934352911917,14.115771889890542,-18.69437638241928,2.9644227911255e-19
1787278733.7113678,twist +Z,fast,1787278713.1305244,-250.058308524543,-188.5876070051071,1357.3381413831312,14.144070525381938,-18.75437313934067,2.966110308503311e-19
1787278733.722205,twist +Z,fast,1787278713.1305244,-251.89283850427046,-189.92946928122126,1360.0185360768946,14.244710196090498,-18.89196288781993,2.972780611671902e-19
1787278733.733453,twist +Z,fast,1787278713.1305244,-250.31935050767743,-188.90752218208706,1353.7633229468856,14.168064163655306,-18.77395128807536,2.9703315954788413e-19
1787278733.7446249,twist +Z,fast,1787278713.1305244,-248.96274026279798,-187.797314676135,1354.6919490500231,14.084798600708869,-18.672205519709628,2.9705232932456945e-19
1787278733.7555408,twist +Z,fast,1787278713.1305244,-247.09029791602597,-186.90011286705533,1351.3174621555272,14.01750846502819,-18.53177234370189,2.963733807853188e-19
1787278733.7667623,twist +Z,fast,1787278713.1305244,-247.63031079821803,-187.2215533312691,1358.550717327159,14.041616499844086,-18.57227330986597,2.9650507968512707e-19
1787278733.778257,twist +Z,fast,1787278713.1305244,-248.45975896910977,-187.87039454644253,1357.2765031357967,14.090279590982124,-18.63448192268291,2.965337463975644e-19
1787278733.7888076,twist +Z,fast,1787278713.1305244,-249.80691581737074,-187.20991742420676,1360.2841465412466,14.040743806814394,-18.735518686302676,2.9665556644079294e-19
1787278733.8000221,twist +Z,fast,1787278713.1305244,-249.9361988774467,-188.41580385218492,1355.0380729390718,14.131185288912679,-18.745214915808383,2.9650600008904583e-19
1787278733.8111823,twist +Z,fast,1787278713.1305244,-248.28407276673306,-189.13169220283282,1349.502714224679,14.184876915211266,-18.62130545750481,2.958933100350949e-19
1787278733.8219883,twist +Z,fast,1787278713.1305244,-247.37855847371384,-189.4316099440888,1348.3587011729223,14.207370745805523,-18.55339188552852,2.9595003346813453e-19
1787278733.8333817,twist +Z,fast,1787278713.1305244,-247.13845888267178,-188.10556229223323,1349.8089673114491,14.107917171916231,-18.535384416200223,2.9612959609823e-19
1787278733.8445084,twist +Z,fast,1787278713.1305244,-247.60303234862613,-187.1649985929456,1353.7842960425269,14.037374894469753,-18.570227426146992,2.964882612006561e-19
1787278733.8555424,twist +Z,fast,1787278713.1305244,-248.25920079883645,-189.28159217467362,1354.3513351182964,14.196119413099485,-18.619440059912577,2.9676560434795937e-19
1787278733.8665009,twist +Z,fast,1787278713.1305244,-245.9097851363299,-188.24946735913352,1350.4594578767274,14.118710051933878,-18.443233885224444,2.963845350669144e-19
1787278733.8777995,twist +Z,fast,1787278713.1305244,-246.98169633934822,-188.52970294734985,1349.3760366768702,14.139727721050154,-18.523627225450795,2.9635497601228373e-19
1787278733.8890028,twist +Z,fast,1787278713.1305244,-246.3714553808445,-187.65929954595197,1350.5060691197677,14.074447465944974,-18.477859153563017,2.9642854297385607e-19
1787278733.9000068,twist +Z,fast,1787278713.1305244,-250.23417541717163,-189.84136240993496,1359.5740062512423,14.238102180743955,-18.767563156287636,2.9722198561340105e-19
1787278733.9111521,twist +Z,fast,1787278713.1305244,-250.00453502480877,-190.11075577346276,1361.0807119914598,14.258306683008701,-18.7503401268604,2.9733060562817523e-19
1787278733.921974,twist +Z,fast,1787278713.1305244,-249.37837819085553,-188.89673836056693,1359.4597321822357,14.167255377041602,-18.70337836431414,2.970175804088457e-19
1787278733.9332268,twist +Z,fast,1787278713.1305244,-247.58020958214047,-188.38966693820942,1349.2364387283824,14.129225020364348,-18.56851571866033,2.9653312080070363e-19
1787278733.944428,twist +Z,fast,1787278713.1305244,-247.71615468659684,-188.43797783224534,1349.9396355587078,14.13284833741739,-18.578711601494717,2.967123819600031e-19
1787278733.955494,twist +Z,fast,1787278713.1305244,-248.57987457894387,-188.64052210571947,1350.0884338693513,14.148039157927801,-18.643490593420495,2.9659594158625826e-19
1787278733.966525,twist +Z,fast,1787278713.1305244,-249.23350908295515,-188.8959843330964,1357.368297635986,14.16719882498106,-18.692513181221422,2.971469592775407e-19
1787278733.977751,twist +Z,fast,1787278713.1305244,-250.0107366851421,-188.24378900466525,1358.2748683434593,14.118284175348794,-18.750805251385465,2.967553936054906e-19
1787278733.9886446,twist +Z,fast,1787278713.1305244,-249.94082414196282,-186.34832489031248,1358.0558650196972,13.9761243667723,-18.74556181064706,2.968128049662844e-19
1787278733.9998896,twist +Z,fast,1787278713.1305244,-248.51410632051875,-185.8231379694913,1349.5659117723217,13.936735347710528,-18.638557974038633,2.9571720570749256e-19
1787278734.013349,twist +Z,fast,1787278713.1305244,-247.07127905928837,-185.97977631092715,1347.9550356133395,13.948483223318366,-18.53034592944629,2.955620995673582e-19
1787278734.02199,twist +Z,fast,1787278713.1305244,-246.07591625754094,-187.7158899232312,1344.3187315594196,14.078691744241528,-18.45569371931554,2.95287284394013e-19
1787278734.033177,twist +Z,fast,1787278713.1305244,-247.33438750912,-189.15687182649606,1349.2641903351605,14.1867653869859,-18.55007906318366,2.955653158808559e-19
1787278734.0462716,twist +Z,fast,1787278713.1305244,-248.74354677668316,-190.71478097322563,1350.7779651668016,14.303608572990814,-18.655766008250943,2.959190893616856e-19
1787278734.05492,twist +Z,fast,1787278713.1305244,-248.9612994331842,-191.09825112311057,1350.685711247882,14.332368834232216,-18.672097457488448,2.9587268676566703e-19
1787278734.0662284,twist +Z,fast,1787278713.1305244,-248.63440622214102,-189.2505749203218,1350.281336070385,14.19379311902306,-18.647580466660358,2.9608584288019614e-19
1787278734.0796416,twist +Z,fast,1787278713.1305244,-246.69380206236428,-188.18143208020035,1345.1424731219186,14.113607406013944,-18.502035154677223,2.959182440018696e-19
1787278734.0885577,twist +Z,fast,1787278713.1305244,-246.98104496441874,-187.07040862044448,1347.5974866304468,14.030280646531953,-18.52357837233125,2.9633490535172304e-19
1787278734.099634,twist +Z,fast,1787278713.1305244,-246.52758790861617,-187.40919499242034,1346.0020138299305,14.05568962443046,-18.489569093146137,2.9608518193819003e-19
1787278734.112032,twist +Z,fast,1787278713.1305244,-247.15654130677785,-187.37615683741762,1349.792711821411,14.05321176280508,-18.53674059800828,2.9621200847051466e-19
1787278734.122004,twist +Z,fast,1787278713.1305244,-246.5767766404747,-188.47757154575413,1348.151684995687,14.13581786593041,-18.493258248035296,2.965082662142551e-19
1787278734.1330173,twist +Z,fast,1787278713.1305244,-246.89166033016818,-188.42003364397908,1350.1159587354568,14.131502523297161,-18.51687452476242,2.966579757850762e-19
1787278734.1449678,twist +Z,fast,1787278713.1305244,-246.45634282598394,-187.41308355567332,1349.6367988677166,14.05598126667444,-18.48422571194886,2.968823703148885e-19
1787278734.1553414,twist +Z,fast,1787278713.1305244,-246.46002238383835,-186.75731656581263,1347.24907864541,14.00679874243487,-18.484501678787844,2.964660089935965e-19
1787278734.1664824,twist +Z,fast,1787278713.1305244,-246.48054264436314,-188.64995633522415,1345.5883981600882,14.148746725140615,-18.486040698327052,2.965925905029271e-19
1787278734.1786354,twist +Z,fast,1787278713.1305244,-246.8691929352176,-188.10721736715539,1346.6432038300254,14.108041302535288,-18.515189470141394,2.9612233012933033e-19
1787278734.188484,twist +Z,fast,1787278713.1305244,-247.46887403401843,-188.71601911565642,1349.7978224748267,14.153701433673138,-18.560165552551446,2.964764654926693e-19
1787278734.1996427,twist +Z,fast,1787278713.1305244,-246.67399480039194,-186.40507765539257,1349.1871773869507,13.980380824153105,-18.500549610029175,2.9621191829855266e-19
1787278734.212339,twist +Z,fast,1787278713.1305244,-245.69547060129707,-187.27463682095538,1346.395168378317,14.045597761570509,-18.42716029509718,2.9624395965097756e-19
1787278734.221827,twist +Z,fast,1787278713.1305244,-244.9965912644634,-186.2991134778789,1343.3926474144837,13.972433510839483,-18.37474434483444,2.9567210201723743e-19
1787278734.2329848,twist +Z,fast,1787278713.1305244,-245.24640876458443,-187.3640213381542,1345.090843758776,14.052301600360412,-18.393480657343844,2.9592050884611585e-19
1787278734.2443957,twist +Z,fast,1787278713.1305244,-246.80121798269965,-188.02962161712946,1344.8916710359126,14.102221621283423,-18.510091348702275,2.959840037452742e-19
1787278734.2549846,twist +Z,fast,1787278713.1305244,-247.00329939236462,-188.82079254508824,1346.1118113546845,14.161559440880541,-18.525247454427202,2.9607887411299083e-19
1787278734.2659535,twist +Z,fast,1787278713.1305244,-246.5293214618855,-188.13566814058925,1345.2474437524152,14.110175110543086,-18.48969910964111,2.9566951390728626e-19
1787278734.277116,twist +Z,fast,1787278713.1305244,-246.2583687467345,-188.17201706158278,1350.397382104552,14.112901279617464,-18.469377656005,2.9586259639753084e-19
1787278734.2882767,twist +Z,fast,1787278713.1305244,-244.95984614572944,-188.29022979482795,1346.304374518645,14.121767234610733,-18.37198846092967,2.958352277576349e-19
1787278734.2995362,twist +Z,fast,1787278713.1305244,-244.78475083524563,-187.23517982730334,1343.030209251655,14.04263848704635,-18.358856312643063,2.9580098002674763e-19
1787278734.3111439,twist +Z,fast,1787278713.1305244,-244.75094765545919,-185.6639249085705,1339.544338261364,13.924794368141622,-18.356321074159176,2.95625610642095e-19
1787278734.3216608,twist +Z,fast,1787278713.1305244,-245.56054363152316,-185.55687417770957,1346.148650811233,13.916765563326795,-18.417040772363997,2.9593131717964704e-19
1787278734.3329093,twist +Z,fast,1787278713.1305244,-246.5084666959806,-187.1633433649498,1352.0759424259422,14.037250752369975,-18.488135002198455,2.9651816549541916e-19
1787278734.3439598,twist +Z,fast,1787278713.1305244,-246.48800397655896,-189.35171477965366,1351.8561724179062,14.201378608472783,-18.486600298241754,2.966229245458049e-19
1787278734.3549962,twist +Z,fast,1787278713.1305244,-246.68292914480344,-188.87937456301768,1345.2697279705799,14.165953092225127,-18.501219685860164,2.9637115515475974e-19
1787278734.3662984,twist +Z,fast,1787278713.1305244,-246.4783423236645,-188.4073196866567,1341.1191827320645,14.130548976498122,-18.485875674274773,2.9636252122289464e-19
1787278734.3773935,twist +Z,fast,1787278713.1305244,-246.18777967943834,-187.74118663928596,1342.3790058070017,14.080588997945004,-18.46408347595763,2.9654942080365606e-19
1787278734.3882844,twist +Z,fast,1787278713.1305244,-245.75606077993734,-187.94500555376737,1343.9426457838317,14.095875416531204,-18.43170455849512,2.9676203578059856e-19
1787278734.3995326,twist +Z,fast,1787278713.1305244,-244.92441745565202,-186.86454812041427,1345.546857994751,14.014841109029835,-18.369331309173724,2.9672224337946314e-19
1787278734.4105875,twist +Z,fast,1787278713.1305244,-245.78685920451107,-186.7707798237144,1346.9503090691787,14.007808486777382,-18.434014440338025,2.9652282243983543e-19
1787278734.4214923,twist +Z,fast,1787278713.1305244,-245.19631177975543,-186.20014316604022,1344.984665319248,13.965010737451824,-18.389723383481673,2.9621466944763257e-19
1787278734.4328158,twist +Z,fast,1787278713.1305244,-244.5432303126604,-185.33957952881303,1345.648992262256,13.900468464660054,-18.340742273449486,2.9583774666594877e-19
1787278734.443952,twist +Z,fast,1787278713.1305244,-244.92137320306801,-185.22400582053262,1343.1667226911022,13.891800436538876,-18.369102990229983,2.9597316469750378e-19
1787278734.455047,twist +Z,fast,1787278713.1305244,-245.67942185318088,-185.91467141770488,1343.1505666115472,13.943600356326815,-18.425956638988488,2.9619281623624974e-19
1787278734.466007,twist +Z,fast,1787278713.1305244,-247.07828442570417,-186.71451651569475,1343.1620945547957,14.003588738675848,-18.53087133192792,2.963533901262136e-19
1787278734.4770305,twist +Z,fast,1787278713.1305244,-246.995046419544,-186.93566110532413,1344.7597747299487,14.020174582898239,-18.52462848146564,2.9652134955333484e-19
1787278734.4883926,twist +Z,fast,1787278713.1305244,-247.90154942949403,-185.94088792981472,1346.4376995349767,13.945566594735002,-18.592616207212032,2.962798652091493e-19
1787278734.499377,twist +Z,fast,1787278713.1305244,-247.81613964172584,-186.17775570742344,1347.403694023512,13.963331678055798,-18.5862104731293,2.9642334284748567e-19
1787278734.5105317,twist +Z,fast,1787278713.1305244,-247.23638912969864,-185.4920530442115,1346.5214027124575,13.911903978314857,-18.54272918472695,2.9611860174703875e-19
1787278734.5217066,twist +Z,fast,1787278713.1305244,-245.62927886229636,-185.1257154411054,1346.3004441993025,13.884428658081777,-18.42219591467188,2.960459062162413e-19
1787278734.5327773,twist +Z,fast,1787278713.1305244,-245.8331554530546,-186.07295621339438,1344.148170799942,13.955471716003647,-18.437486658979182,2.9581300189705256e-19
1787278734.5440505,twist +Z,fast,1787278713.1305244,-246.8101349487274,-187.93300229367435,1344.3417338820136,14.09497517202448,-18.510760121154576,2.9598981722662003e-19
1787278734.5550406,twist +Z,fast,1787278713.1305244,-246.46086861560843,-189.11179846079142,1345.2163153058473,14.183384884558055,-18.48456514617066,2.962338089899867e-19
1787278734.5661192,twist +Z,fast,1787278713.1305244,-246.308360358546,-189.00032083459053,1344.7842823957772,14.175024062592986,-18.47312702689085,2.963506071148073e-19
1787278734.5772135,twist +Z,fast,1787278713.1305244,-245.13728498095816,-187.69211803808878,1344.43169817971,14.076908852855457,-18.385296373571656,2.9603190457714176e-19
1787278734.588512,twist +Z,fast,1787278713.1305244,-245.5855062578189,-186.69120520378158,1343.3251785695475,14.0018403902825,-18.418912969336162,2.956733277189056e-19
1787278734.599428,twist +Z,fast,1787278713.1305244,-246.21518953007535,-186.9671722752679,1343.7230876806743,14.022537920643888,-18.466139214755472,2.955134018282331e-19
1787278734.6107235,twist +Z,fast,1787278713.1305244,-245.48947064279264,-186.56096280381814,1342.1468577375608,13.992072210285006,-18.411710298209364,2.9561175115943316e-19
1787278734.6216235,twist +Z,fast,1787278713.1305244,-246.81755773690793,-187.36918407818996,1343.2390719876557,14.052688805863031,-18.511316830267916,2.956754507040985e-19
1787278734.632731,twist +Z,fast,1787278713.1305244,-246.57682147982314,-187.8979850144991,1345.2095497777927,14.092348876086124,-18.493261610986814,2.9621576614933033e-19
1787278734.6435905,twist +Z,fast,1787278713.1305244,-248.15208924732497,-188.21633208150104,1349.6565156256065,14.116224906111416,-18.611406693549178,2.967300773960757e-19
1787278734.654655,twist +Z,fast,1787278713.1305244,-248.22187844576956,-187.98796150805367,1355.2006114721016,14.099097113103017,-18.616640883432574,2.9741505995256044e-19
1787278734.666111,twist +Z,fast,1787278713.1305244,-248.63513102241677,-187.03398321135262,1354.9872040541459,14.027548740850339,-18.647634826681013,2.968776583063286e-19
1787278734.6770718,twist +Z,fast,1787278713.1305244,-248.77971736957306,-187.02733281760618,1353.9937496612338,14.027049961319396,-18.65847880271803,2.960976462172716e-19
1787278734.6880496,twist +Z,fast,1787278713.1305244,-250.15286648269966,-185.97327419760734,1352.3987813102622,13.947995564819326,-18.761464986202583,2.952843716472622e-19
1787278734.6993048,twist +Z,fast,1787278713.1305244,-249.29635696046398,-185.84564398345594,1349.7660881204965,13.938423298758156,-18.69722677203454,2.953583847828136e-19
1787278734.710416,twist +Z,fast,1787278713.1305244,-248.59650637690766,-185.88413899402997,1348.7612816994379,13.941310424551322,-18.644737978267997,2.957516029949166e-19
1787278734.72138,twist +Z,fast,1787278713.1305244,-245.69041308378246,-187.01359019051404,1343.8158277174907,14.02601926428753,-18.426780981283443,2.9571411770793266e-19
1787278734.732532,twist +Z,fast,1787278713.1305244,-244.54552023669157,-186.50937258485112,1340.2739937112337,13.98820294386265,-18.340914017751558,2.9510245248145287e-19
1787278734.7436578,twist +Z,fast,1787278713.1305244,-244.52562794127834,-187.17480526787028,1338.1461429171732,14.038110395089252,-18.339422095595566,2.9491340802873624e-19
1787278734.7545211,twist +Z,fast,1787278713.1305244,-243.4171989849042,-187.66047118948416,1335.0692807923087,14.07453533921036,-18.25628992386759,2.9517624575776125e-19
1787278734.7659485,twist +Z,fast,1787278713.1305244,-244.47517598075274,-189.88683992577091,1338.6943715479838,14.24151299443162,-18.335638198556474,2.9600617840449767e-19
1787278734.776854,twist +Z,fast,1787278713.1305244,-244.7389918121603,-188.08647525473464,1339.957028638416,14.106485644103959,-18.355424385911547,2.9590439640389667e-19
1787278734.7881014,twist +Z,fast,1787278713.1305244,-246.81649055636308,-186.93171838974115,1340.0309604453114,14.019878879229413,-18.51123679172703,2.9579344043796975e-19
1787278734.799138,twist +Z,fast,1787278713.1305244,-246.91973545937208,-183.55163964559858,1341.949442436543,13.76637297341897,-18.518980159452617,2.9576176388457303e-19
1787278734.810129,twist +Z,fast,1787278713.1305244,-246.48782982908642,-185.11912906666078,1340.3249417598936,13.883934679998593,-18.48658723718119,2.957492439674606e-19
1787278734.821079,twist +Z,fast,1787278713.1305244,-246.44906795220095,-183.98711107740098,1345.7706421833218,13.799033330803912,-18.483680096414965,2.9603712130702354e-19
1787278734.8324869,twist +Z,fast,1787278713.1305244,-247.04716964197405,-187.09399635478155,1346.9013610138763,14.0320497266074,-18.528537723147835,2.9604614643928133e-19
1787278734.8435025,twist +Z,fast,1787278713.1305244,-247.02357113059816,-186.8532965052667,1348.613488878088,14.01399723789405,-18.52676783479474,2.9642359571734727e-19
1787278734.854541,twist +Z,fast,1787278713.1305244,-246.86077789923775,-187.1354017790942,1345.78980106994,14.035155133430852,-18.51455834244267,2.958659528725148e-19
1787278734.8657186,twist +Z,fast,1787278713.1305244,-246.32208742192097,-184.7331882517709,1345.0948800592369,13.854989118881551,-18.474156556643997,2.95944238746235e-19
1787278734.8769236,twist +Z,fast,1787278713.1305244,-245.8968141475557,-185.4840569855054,1341.516013505,13.911304273911686,-18.442261061066596,2.9548270526082326e-19
1787278734.8877773,twist +Z,fast,1787278713.1305244,-245.46004896156546,-187.4348898397203,1340.5038643639173,14.05761673797804,-18.40950367211746,2.9592101811916784e-19
1787278734.898978,twist +Z,fast,1787278713.1305244,-245.2045706866952,-188.33954927000434,1339.4587771947854,14.125466195248965,-18.390342801502,2.954927134453982e-19
1787278734.910109,twist +Z,fast,1787278713.1305244,-245.00725304911202,-185.78272459323068,1342.7988469777838,13.933704344491193,-18.37554397868326,2.9563408693243974e-19
1787278734.9211302,twist +Z,fast,1787278713.1305244,-247.93942594239115,-185.2620090328786,1350.1179313742841,13.894650677464771,-18.595456945679295,2.961859206164756e-19
1787278734.9323838,twist +Z,fast,1787278713.1305244,-247.67157026671293,-184.939045069268,1348.5976854066548,13.87042838019389,-18.57536777000319,2.9608686234864955e-19
1787278734.943056,twist +Z,fast,1787278713.1305244,-247.61223778050453,-186.45839286062971,1348.988180603833,13.98437946454624,-18.57091783353757,2.965219431246579e-19
1787278734.9544218,twist +Z,fast,1787278713.1305244,-245.13374453538154,-185.32190599964235,1342.6750182313453,13.899142949971992,-18.385030840153497,2.9571387245778505e-19
1787278734.9657087,twist +Z,fast,1787278713.1305244,-245.1787057972556,-186.52094085445458,1339.4515356750608,13.989070564082855,-18.38840293479405,2.96008167867977e-19
1787278734.9767861,twist +Z,fast,1787278713.1305244,-246.07700774372688,-186.8903009545303,1342.7054326550324,14.016772571588692,-18.45577558077953,2.959307302104097e-19
1787278734.9878533,twist +Z,fast,1787278713.1305244,-245.72828915321816,-187.98163115280602,1343.9097240089877,14.09862233645929,-18.42962168649128,2.956571107036356e-19
1787278734.9990501,twist +Z,fast,1787278713.1305244,-246.6026994021754,-187.51942346808926,1347.0356996890378,14.063956760105516,-18.495202455162946,2.956355593828295e-19
1787278735.0097167,twist +Z,fast,1787278713.1305244,-245.27019003736905,-186.87474261954333,1339.3998445635161,14.015605696464693,-18.395264252802427,2.9503380455973647e-19
1787278735.0209103,twist +Z,fast,1787278713.1305244,-245.38120380176633,-185.90797901555845,1338.5067998223885,13.943098426165566,-18.40359028513241,2.952295732391305e-19
1787278735.032176,twist +Z,fast,1787278713.1305244,-245.57075546033275,-185.36951870484347,1346.1252085604,13.90271390286205,-18.417806659524892,2.954342778197994e-19
1787278735.0430658,twist +Z,fast,1787278713.1305244,-246.25446401187173,-185.37875110980497,1349.6239200352275,13.903406333234319,-18.469084800890215,2.957454260356988e-19
1787278735.054313,twist +Z,fast,1787278713.1305244,-247.26503393311896,-186.8093213830972,1356.717540755465,14.010699103731017,-18.544877544983834,2.9676446219001644e-19
1787278735.0655854,twist +Z,fast,1787278713.1305244,-244.7578476505937,-186.7499420379064,1345.0864963342128,14.006245652841688,-18.356838573794455,2.9616401030400895e-19
1787278735.0764637,twist +Z,fast,1787278713.1305244,-245.3107603977137,-188.15707396233358,1346.1370693532963,14.111780547173868,-18.39830702982851,2.964056307089948e-19
1787278735.087338,twist +Z,fast,1787278713.1305244,-246.59287209992772,-187.16975299188096,1350.002500279331,14.037731474389918,-18.494465407494303,2.9619161382768064e-19
1787278735.0988553,twist +Z,fast,1787278713.1305244,-248.28599077230092,-187.2602465512881,1351.4972483957345,14.044518491345404,-18.621449307922454,2.9661959696180523e-19
1787278735.10977,twist +Z,fast,1787278713.1305244,-248.411578452276,-185.9158806537954,1349.0758863337005,13.943691049033706,-18.63086838392055,2.9643550472849507e-19
1787278735.1208072,twist +Z,fast,1787278713.1305244,-247.35661313575338,-186.44117683057004,1344.340257181594,13.983088262291492,-18.55174598518129,2.964497034171151e-19
1787278735.132313,twist +Z,fast,1787278713.1305244,-247.62779238484427,-188.49226795968582,1344.548144275309,14.136920096975548,-18.572084428863278,2.9635039941410195e-19
1787278735.1432538,twist +Z,fast,1787278713.1305244,-245.69657841287108,-187.67336471195188,1342.6125763909376,14.075502353395354,-18.427243380965102,2.9583238050304127e-19
1787278735.1542017,twist +Z,fast,1787278713.1305244,-245.5960433655714,-186.7628384420335,1341.2605468126958,14.007212883151485,-18.419703252417904,2.9542256005235763e-19
1787278735.1654937,twist +Z,fast,1787278713.1305244,-245.5668815283375,-185.70547534282161,1345.6228936025154,13.92791065071059,-18.417516114625116,2.9560635152913065e-19
1787278735.176467,twist +Z,fast,1787278713.1305244,-246.32750480881032,-185.99430696533648,1347.2934956527597,13.949573022399125,-18.47456286066064,2.957517828705511e-19
1787278735.1874454,twist +Z,fast,1787278713.1305244,-246.82928455841966,-188.1849566023958,1349.1783109305734,14.113871745178432,-18.51219634188122,2.9611781593942524e-19
1787278735.1987026,twist +Z,fast,1787278713.1305244,-247.95289743892454,-187.3226701805478,1353.1146375735852,14.049200263539706,-18.596467307919227,2.9609513467336176e-19
1787278735.2095754,twist +Z,fast,1787278713.1305244,-248.1698984089494,-187.25665666416887,1355.1425719954632,14.044249249811589,-18.61274238067105,2.964679469191813e-19
1787278735.2207782,twist +Z,fast,1787278713.1305244,-246.7810523473804,-183.69100527115995,1355.8692317030773,13.776825395335965,-18.50857892605353,2.961586775206606e-19
1787278735.2319734,twist +Z,fast,1787278713.1305244,-245.71088601401743,-184.19912101066927,1355.6098383365616,13.814934075799048,-18.428316451051295,2.9655056394754627e-19
1787278735.2428894,twist +Z,fast,1787278713.1305244,-245.91060140654326,-185.63274857212525,1355.4745108534344,13.92245614290822,-18.443295105490485,2.96742442827334e-19
1787278735.2540884,twist +Z,fast,1787278713.1305244,-247.89512250803773,-189.13830359847304,1356.820327103048,14.185372769884442,-18.592134188102726,2.971910231107291e-19
1787278735.2652936,twist +Z,fast,1787278713.1305244,-248.20552003055445,-188.47390707377883,1352.5443190669694,14.135543030532393,-18.61541400229131,2.9662404468328865e-19
1787278735.276334,twist +Z,fast,1787278713.1305244,-248.2669493418075,-187.6320355028853,1354.2460587314354,14.07240266271521,-18.620021200635414,2.9664078624806477e-19
1787278735.287358,twist +Z,fast,1787278713.1305244,-245.89463522124743,-185.83423675288816,1348.3446786257018,13.937567756465416,-18.44209764159354,2.9585742404453857e-19
1787278735.29857,twist +Z,fast,1787278713.1305244,-247.1164090801126,-186.3995351087566,1354.5876696652913,13.97996513315562,-18.53373068100825,2.9637562050649496e-19
1787278735.309462,twist +Z,fast,1787278713.1305244,-246.31655915649526,-184.78214250127792,1353.0195878042168,13.858660687594725,-18.47374193673697,2.9606865267645726e-19
1787278735.3205783,twist +Z,fast,1787278713.1305244,-247.59969267411225,-187.2916168270009,1354.8194219079642,14.046871262023888,-18.569976950558058,2.965173806893083e-19
1787278735.3317673,twist +Z,fast,1787278713.1305244,-244.75719449776489,-186.4436987942089,1347.1927770178236,13.98327740956434,-18.356789587332308,2.960332057808487e-19
1787278735.3428488,twist +Z,fast,1787278713.1305244,-245.7596231735647,-188.8343268290315,1344.4219771542112,14.162574512176011,-18.431971738017147,2.9579544779095456e-19
1787278735.3541005,twist +Z,fast,1787278713.1305244,-246.31830521577785,-188.68301498111862,1348.931942533859,14.151226123582592,-18.47387289118341,2.9603471654825778e-19
1787278735.3652058,twist +Z,fast,1787278713.1305244,-247.9985053550231,-189.83396833669974,1353.5732780496737,14.237547625251342,-18.599887901626637,2.9660512964178297e-19
1787278735.3760073,twist +Z,fast,1787278713.1305244,-248.78104196964296,-190.13231560779934,1360.0235136803722,14.259923670583905,-18.65857814772317,2.973178583795798e-19
1787278735.387278,twist +Z,fast,1787278713.1305244,-248.69786122330288,-188.90582848997053,1357.136907720408,14.167937136746549,-18.652339591747626,2.971696484280172e-19
1787278735.398544,twist +Z,fast,1787278713.1305244,-247.61924008879532,-187.56690712199372,1352.61384157671,14.067518034148268,-18.571443006659408,2.9659053994060564e-19
1787278735.4093456,twist +Z,fast,1787278713.1305244,-247.04366986166997,-187.30743333579846,1351.1376623462975,14.048057500183834,-18.52827523962513,2.9669819513049914e-19
1787278735.4206033,twist +Z,fast,1787278713.1305244,-246.63291716959657,-187.4852451720086,1350.6242796633023,14.06139338789939,-18.497468787719768,2.968010856675394e-19
1787278735.4318283,twist +Z,fast,1787278713.1305244,-247.54927315459508,-188.13458748380924,1354.607820163038,14.11009406128473,-18.5661954865948,2.9683997361286e-19
1787278735.4426773,twist +Z,fast,1787278713.1305244,-247.22530702417453,-187.63109841379958,1351.8567232442756,14.072332381033707,-18.541898026813016,2.9596321076174487e-19
1787278735.4539316,twist +Z,fast,1787278713.1305244,-246.79093015592798,-187.58906809576808,1347.5156835996759,14.069180107181229,-18.509319761694442,2.9536503662603985e-19
1787278735.4652016,twist +Z,fast,1787278713.1305244,-246.17681733914333,-187.67682503530193,1347.2277012324275,14.075761877646418,-18.46326130043572,2.9550415305722187e-19
1787278735.4758909,twist +Z,fast,1787278713.1305244,-247.47102166512332,-186.7871504154897,1348.6505592949807,14.009036281160565,-18.560326624884098,2.9574489138772417e-19
1787278735.4872434,twist +Z,fast,1787278713.1305244,-247.66920069903472,-188.23028186273325,1352.9555171743168,14.11727113970392,-18.575190052427402,2.963984007263752e-19
1787278735.498104,twist +Z,fast,1787278713.1305244,-249.62935094170325,-189.97762493500284,1355.1617606398513,14.24832187012436,-18.72220132062744,2.9697913996485876e-19
1787278735.5092201,twist +Z,fast,1787278713.1305244,-247.36504976159222,-190.49709116085603,1350.1271053497321,14.287281837062967,-18.55237873211913,2.9700685609340685e-19
1787278735.5205295,twist +Z,fast,1787278713.1305244,-246.6828818850904,-189.46894802522013,1346.8738454458135,14.210171101890328,-18.501216141381597,2.9655518587808295e-19
1787278735.5316541,twist +Z,fast,1787278713.1305244,-246.06290534276968,-188.49584229422328,1344.4097915995308,14.137188172065482,-18.454717900707422,2.961441312977845e-19
1787278735.5424542,twist +Z,fast,1787278713.1305244,-248.7899222103065,-189.3493608966129,1355.0266756799874,14.201202067244754,-18.65924416577294,2.9684533694831242e-19
1787278735.553859,twist +Z,fast,1787278713.1305244,-249.74926803167773,-189.25864573624915,1356.1263917006008,14.194398430217607,-18.731195102375594,2.966723702260822e-19
1787278735.5651298,twist +Z,fast,1787278713.1305244,-248.91716935550312,-188.85764050299997,1355.2101900693388,14.164323037723907,-18.66878770166268,2.965565339758173e-19
1787278735.576256,twist +Z,fast,1787278713.1305244,-249.0176478674598,-188.284506717442,1352.4833389929709,14.121338003806958,-18.676323590059255,2.9615764088002665e-19
1787278735.587352,twist +Z,fast,1787278713.1305244,-248.85000837586858,-188.07832824522927,1352.0976588629246,14.105874618390974,-18.663750628189916,2.961263288674092e-19
1787278735.5985441,twist +Z,fast,1787278713.1305244,-249.30291207176788,-187.4860226946281,1350.1380105723101,14.061451702095969,-18.697718405382425,2.961401310729634e-19
1787278735.6096265,twist +Z,fast,1787278713.1305244,-248.52278543184593,-189.3161445595041,1350.8466913379752,14.198710841961717,-18.63920890738803,2.9646750720677824e-19
1787278735.6206536,twist +Z,fast,1787278713.1305244,-247.95828732227574,-188.26562396883344,1349.9761325875525,14.119921797661394,-18.596871549170537,2.964847051185477e-19
1787278735.631769,twist +Z,fast,1787278713.1305244,-247.020249112275,-188.08310972250445,1351.8679617805583,14.106233229186902,-18.526518683420385,2.962050978212953e-19
1787278735.6428845,twist +Z,fast,1787278713.1305244,-247.7688140342293,-187.04269126023212,1350.035073643082,14.02820184451625,-18.582661052566962,2.9577129000623125e-19
1787278735.6539483,twist +Z,fast,1787278713.1305244,-248.34106309239587,-188.65043864362508,1349.3837151182643,14.148782898270785,-18.625579731929477,2.959361188119688e-19
1787278735.6649656,twist +Z,fast,1787278713.1305244,-249.87244792091542,-190.10903912555034,1352.8543947459211,14.258177934414892,-18.740433594068485,2.963130909553318e-19
1787278735.6761582,twist +Z,fast,1787278713.1305244,-248.25320659014733,-189.11169623377316,1350.0859168001816,14.183377217532001,-18.618990494260757,2.966788546364259e-19
1787278735.687179,twist +Z,fast,1787278713.1305244,-247.0326868216912,-187.8477603266041,1350.1158789260853,14.08858202449375,-18.527451511626744,2.967666598345672e-19
1787278735.6980026,twist +Z,fast,1787278713.1305244,-247.06263469561827,-187.9870278454356,1349.275526580327,14.099027088406434,-18.529697602171282,2.9669484381958298e-19
1787278735.709514,twist +Z,fast,1787278713.1305244,-247.40497823768192,-187.75841721275776,1348.276754621912,14.081881290955597,-18.555373367825908,2.961844365565572e-19
1787278735.7205338,twist +Z,fast,1787278713.1305244,-248.0941015375597,-187.640048761839,1348.023985898083,14.073003657136642,-18.607057615316982,2.959154207076677e-19
1787278735.734027,twist +Z,fast,1787278713.1305244,-247.87590800675343,-187.59313584852396,1344.1683837400897,14.069485188638286,-18.590693100506385,2.9590295350585056e-19
1787278735.7427666,twist +Z,fast,1787278713.1305244,-247.2723843102599,-188.18970113985677,1347.4489275194073,14.114227585488141,-18.545428823269283,2.9609377773650723e-19
1787278735.7538073,twist +Z,fast,1787278713.1305244,-246.32156745927614,-188.3884232122026,1347.125880001563,14.129131740913952,-18.474117559445652,2.962639387653715e-19
1787278735.7673874,twist +Z,fast,1787278713.1305244,-245.38161149063353,-187.01031202545312,1350.5483391986572,14.025773401907859,-18.40362086179745,2.963759258256104e-19
1787278735.7759452,twist +Z,fast,1787278713.1305244,-245.56926169987355,-186.57043751043796,1348.904276702854,13.992782813281654,-18.41769462749017,2.9601282512677035e-19
1787278735.7870107,twist +Z,fast,1787278713.1305244,-247.05836206638696,-187.83071686332494,1350.672688156993,14.087303764748302,-18.529377154978896,2.959210386467434e-19
1787278735.8000216,twist +Z,fast,1787278713.1305244,-247.2043774094186,-187.3954090221274,1345.4944840715807,14.054655676658488,-18.540328305706225,2.954121404254422e-19
1787278735.8093746,twist +Z,fast,1787278713.1305244,-246.39879388796953,-187.32799018222624,1343.8344327962122,14.049599263665744,-18.479909541597713,2.95496606950126e-19
1787278735.8205278,twist +Z,fast,1787278713.1305244,-246.22958795449313,-185.63035691838184,1343.4526526133404,13.922276768877044,-18.467219096586675,2.9576524439178716e-19
1787278735.833582,twist +Z,fast,1787278713.1305244,-245.7735519474386,-185.5297709040491,1344.9555895992826,13.914732817802278,-18.433016396057845,2.961281869449317e-19
1787278735.842617,twist +Z,fast,1787278713.1305244,-247.64343045386386,-187.20151131438604,1346.4040108392082,14.040113348577922,-18.573257284039528,2.9699773090743754e-19
1787278735.8537273,twist +Z,fast,1787278713.1305244,-247.05439293060363,-187.06091991292635,1344.822122668921,14.029568993468278,-18.529079469795185,2.9630495809088906e-19
1787278735.866076,twist +Z,fast,1787278713.1305244,-248.06871901704972,-187.71890086510905,1347.6130325152017,14.078917564882065,-18.605153926278568,2.962761372138978e-19
1787278735.8760016,twist +Z,fast,1787278713.1305244,-245.7323428320792,-186.6432582647293,1343.7105148959972,13.99824436985357,-18.429925712405897,2.9532153897783763e-19
1787278735.8870974,twist +Z,fast,1787278713.1305244,-244.42800273308194,-186.61351931152365,1341.2890851426537,13.996013948363103,-18.332100204981117,2.955064735533921e-19
1787278735.8997095,twist +Z,fast,1787278713.1305244,-242.96142600656503,-186.83653168424564,1338.8103928370847,14.012739876317415,-18.222106950492197,2.9499596166108594e-19
1787278735.909256,twist +Z,fast,1787278713.1305244,-244.19156092054118,-187.8530099395465,1342.9459734314196,14.088975745464854,-18.31436706904048,2.9530244536665417e-19
1787278735.920349,twist +Z,fast,1787278713.1305244,-245.9270357849241,-189.95870071851107,1348.5094605288732,14.246902553887043,-18.44452768386906,2.95980478616658e-19
1787278735.9326866,twist +Z,fast,1787278713.1305244,-246.64534550184317,-191.08229938906118,1348.8571720879036,14.331172454178503,-18.498400912637962,2.9655083218885873e-19
1787278735.9425633,twist +Z,fast,1787278713.1305244,-245.67261498922062,-189.23585398723424,1347.679058911218,14.192689049041224,-18.425446124191403,2.9661971219880907e-19
1787278735.9536972,twist +Z,fast,1787278713.1305244,-245.28621313060603,-187.68535331031546,1344.0189910691215,14.076401498272578,-18.396465984795583,2.9626731481526977e-19
1787278735.9662168,twist +Z,fast,1787278713.1305244,-245.07065564844606,-187.03624295604152,1345.04741784401,14.027718221702091,-18.380299173633198,2.9611627199720884e-19
1787278735.9758587,twist +Z,fast,1787278713.1305244,-245.91336295072097,-186.54126763187503,1345.5988257735034,13.990595072389585,-18.44350222130378,2.9577251642368243e-19
1787278735.9873087,twist +Z,fast,1787278713.1305244,-245.3526549307294,-187.1870862486411,1347.996388108816,14.039031468647128,-18.40144911980458,2.9611019224267514e-19
1787278735.998179,twist +Z,fast,1787278713.1305244,-246.74430109827927,-187.00518408222467,1349.8793942709863,14.025388806165541,-18.505822582370605,2.964851687420189e-19
1787278736.0092123,twist +Z,fast,1787278713.1305244,-246.92606069237945,-187.44947414904266,1345.6717694140762,14.058710561176941,-18.51945455192817,2.9643686105459407e-19
1787278736.0202963,twist +Z,fast,1787278713.1305244,-246.75993819392852,-185.84547615848453,1345.4531868161566,13.9384107118852,-18.50699536454441,2.96132003234756e-19
1787278736.0314724,twist +Z,fast,1787278713.1305244,-245.18676652986824,-185.8912795863563,1342.9269195714742,13.941845968975588,-18.38900748974008,2.9564824829193696e-19
1787278736.042533,twist +Z,fast,1787278713.1305244,-244.51159802269876,-186.10071866613055,1343.4123405441578,13.957553899958516,-18.338369851702446,2.953956800257689e-19
1787278736.053401,twist +Z,fast,1787278713.1305244,-246.054440423482,-188.418352017722,1343.3763009627683,14.131376401328215,-18.454083031761066,2.954943179020604e-19
1787278736.0646784,twist +Z,fast,1787278713.1305244,-246.76101773379605,-188.0752399044453,1342.420771791797,14.105642992832092,-18.507076330034558,2.956186926526176e-19
1787278736.0759606,twist +Z,fast,1787278713.1305244,-248.1158534134306,-190.2069958351202,1348.5816464200261,14.265524687632823,-18.60868900600716,2.963959765179095e-19
1787278736.0869098,twist +Z,fast,1787278713.1305244,-247.966210220829,-188.91575968971586,1345.1558993514436,14.168681976727644,-18.59746576656203,2.9614932845569365e-19
1787278736.0980115,twist +Z,fast,1787278713.1305244,-247.5008872076928,-189.29528761163226,1347.2882334283686,14.197146570871258,-18.562566540576817,2.963539303871658e-19
1787278736.1092308,twist +Z,fast,1787278713.1305244,-244.91072213471625,-186.14370687527014,1337.9197125898581,13.960778015644028,-18.3683041601035,2.957712128863897e-19
1787278736.1200843,twist +Z,fast,1787278713.1305244,-244.33792786266122,-186.28596588216158,1339.7406549423458,13.971447441160837,-18.32534458969942,2.964586740975467e-19
1787278736.13136,twist +Z,fast,1787278713.1305244,-245.33236461590468,-186.6857216944635,1340.7708189911764,14.001429127083572,-18.399927346192577,2.9631282937345774e-19
1787278736.1423552,twist +Z,fast,1787278713.1305244,-247.0623064784072,-189.17034124636746,1344.751254643671,14.18777559347659,-18.529672985880445,2.9637378020710177e-19
1787278736.1534603,twist +Z,fast,1787278713.1305244,-246.48132373651288,-188.5453547853839,1342.433433344947,14.140901608902642,-18.486099280238285,2.9558814701076656e-19
1787278736.1645904,twist +Z,fast,1787278713.1305244,-246.06013771231073,-186.81189070223365,1341.2128022391762,14.010891802666382,-18.454510328423233,2.955969510295129e-19
1787278736.175578,twist +Z,fast,1787278713.1305244,-246.01319948941773,-184.2915002570761,1345.2987444553846,13.821862519279566,-18.450989961706156,2.960617777940812e-19
1787278736.1865683,twist +Z,fast,1787278713.1305244,-246.77337546545596,-185.2377528971507,1351.2393863697698,13.892831467285308,-18.50800315990905,2.9667623207950957e-19
1787278736.1990292,twist +Z,fast,1787278713.1305244,-246.17766328617972,-186.295235280062,1348.185643892707,13.972142646003537,-18.463324746463385,2.965067486337531e-19
1787278736.2090318,twist +Z,fast,1787278713.1305244,-247.60777284554342,-187.14142588709967,1348.313007613474,14.035606941531146,-18.570582963415553,2.9662884541715733e-19
1787278736.2201314,twist +Z,fast,1787278713.1305244,-247.65328953453763,-187.80727472016122,1344.1774996311915,14.085545604010765,-18.573996715090118,2.964659326407833e-19
1787278736.2320006,twist +Z,fast,1787278713.1305244,-249.07670373189785,-188.70110334209187,1347.5188441158434,14.152582750655657,-18.680752779892217,2.969583093942805e-19
1787278736.2422254,twist +Z,fast,1787278713.1305244,-247.65623262799136,-189.62101900533037,1343.043486523312,14.221576425398698,-18.574217447098945,2.9636275045139224e-19
1787278736.2531643,twist +Z,fast,1787278713.1305244,-248.56357236078156,-190.22188524317096,1347.4050792020016,14.266641393236501,-18.64226792705842,2.9647627971873893e-19
1787278736.2650023,twist +Z,fast,1787278713.1305244,-248.49714120750878,-189.6898358197974,1346.1227224681943,14.226737686483506,-18.637285590562875,2.9614097362105517e-19
1787278736.2754755,twist +Z,fast,1787278713.1305244,-248.26981975586796,-188.59099938795805,1350.066823809103,14.14432495409564,-18.620236481689723,2.962533782547942e-19
1787278736.286659,twist +Z,fast,1787278713.1305244,-246.5556632415769,-186.5202510114226,1343.9388671814531,13.989018825855513,-18.491674743118217,2.958119769976167e-19
1787278736.2985172,twist +Z,fast,1787278713.1305244,-246.00323253220313,-185.9636539108086,1345.9938342360028,13.947274043309566,-18.45024243991508,2.9611875263961006e-19
1787278736.3089523,twist +Z,fast,1787278713.1305244,-246.01172859053668,-186.60977666188217,1348.5990841088287,13.995733249640072,-18.450879644290367,2.9656481455387464e-19
1787278736.3198602,twist +Z,fast,1787278713.1305244,-246.4632714551758,-187.7258656736609,1354.0142324050676,14.079439925523108,-18.48474535913804,2.967052791334597e-19
1787278736.3310063,twist +Z,fast,1787278713.1305244,-245.71188814124844,-187.62114951711476,1353.0557669577256,14.071586213782286,-18.428391610593522,2.9636612424168857e-19
1787278736.3420618,twist +Z,fast,1787278713.1305244,-246.36573613816518,-188.7097000480975,1348.1212689877384,14.153227503606065,-18.477430210362336,2.9643429089766207e-19
1787278736.3531616,twist +Z,fast,1787278713.1305244,-245.88648402794888,-187.9180788539844,1343.1225732572138,14.09385591404774,-18.44148630209606,2.963373785390345e-19
1787278736.3643165,twist +Z,fast,1787278713.1305244,-246.67594643490838,-188.06248364323358,1342.8828531478075,14.104686273241345,-18.500695982618033,2.9670885104687304e-19
1787278736.375468,twist +Z,fast,1787278713.1305244,-246.29411257879246,-187.07551316689126,1345.2213993675368,14.030663487515884,-18.472058443409352,2.9632118606143113e-19
1787278736.3865397,twist +Z,fast,1787278713.1305244,-246.0893661165387,-186.64400585190936,1345.9728341669115,13.998300438891963,-18.456702458740054,2.9649327103035645e-19
1787278736.3980598,twist +Z,fast,1787278713.1305244,-245.7463253785868,-187.33750359752855,1343.6492091725622,14.050312769813633,-18.430974403393847,2.960554886598836e-19
1787278736.4087598,twist +Z,fast,1787278713.1305244,-245.8493158849774,-187.39962330814353,1342.5090009142123,14.054971748109626,-18.43869869137309,2.959461661307068e-19
1787278736.419847,twist +Z,fast,1787278713.1305244,-247.1551248069659,-188.58384519734875,1347.4964379447638,14.143788389800083,-18.53663436052222,2.96226037756213e-19
1787278736.4312668,twist +Z,fast,1787278713.1305244,-246.694960731214,-188.89357043780717,1350.4388500966024,14.167017782834353,-18.50212205484099,2.9621195850288952e-19
1787278736.4420698,twist +Z,fast,1787278713.1305244,-247.40873668124686,-189.9804794335979,1350.5937101067511,14.248535957518786,-18.5556552510933,2.9642882763058357e-19
1787278736.4531531,twist +Z,fast,1787278713.1305244,-247.11857538131835,-189.52314487538263,1347.8329927199147,14.214235865652558,-18.53389315359859,2.9620880857688845e-19
1787278736.4642832,twist +Z,fast,1787278713.1305244,-246.9060571437517,-187.17027201106328,1345.4742116199695,14.037770400828624,-18.51795428578123,2.9612659631367216e-19
1787278736.4752746,twist +Z,fast,1787278713.1305244,-246.7135581533489,-185.95381452217373,1344.328846303134,13.9465360891619,-18.50351686150104,2.9611327234433645e-19
1787278736.4864736,twist +Z,fast,1787278713.1305244,-247.06478143216873,-186.48905515633157,1346.9432964848775,13.986679136723811,-18.529858607412528,2.962861544527703e-19
1787278736.4971929,twist +Z,fast,1787278713.1305244,-248.00986587563557,-187.5771894880371,1346.943936650211,14.068289211601627,-18.600739940672703,2.9640531536638217e-19
1787278736.5081763,twist +Z,fast,1787278713.1305244,-245.44235301703839,-186.27056112609432,1345.7981071186487,13.970292084455895,-18.408176476277745,2.962816070768952e-19
1787278736.5196383,twist +Z,fast,1787278713.1305244,-245.38395965482277,-186.60238816816525,1343.698912875322,13.995179112611215,-18.40379697411128,2.9592574323775475e-19
1787278736.530945,twist +Z,fast,1787278713.1305244,-245.7436448884623,-188.03004405374634,1349.061221410856,14.102253304030004,-18.43077336663452,2.963648769636657e-19
1787278736.5420222,twist +Z,fast,1787278713.1305244,-247.5099387448049,-188.87868443715627,1351.310905635707,14.165901332785428,-18.56324540586023,2.966478256710024e-19
1787278736.553127,twist +Z,fast,1787278713.1305244,-247.44441580172725,-189.02288753360574,1349.384316017592,14.176716565019209,-18.558331185129177,2.965827113458674e-19
1787278736.5642626,twist +Z,fast,1787278713.1305244,-247.5301754378902,-188.2925807825444,1344.902928245786,14.121943558689512,-18.56476315784159,2.960484821516565e-19
1787278736.5754163,twist +Z,fast,1787278713.1305244,-248.23932371945511,-189.58984534250806,1342.9517434020518,14.219238400687036,-18.617949278958925,2.95917954602388e-19
1787278736.5863812,twist +Z,fast,1787278713.1305244,-248.30993284132774,-188.69182121879828,1344.687915105028,14.151886591408687,-18.623244963099346,2.9601155785925633e-19
1787278736.597585,twist +Z,fast,1787278713.1305244,-247.98078314548593,-188.01359427169848,1344.8204971357236,14.10101957037627,-18.598558735911404,2.9641935369770546e-19
1787278736.608483,twist +Z,fast,1787278713.1305244,-247.3232081632391,-187.15433155320022,1344.7844288240785,14.036574866488824,-18.54924061224299,2.9614377366601467e-19
1787278736.6196804,twist +Z,fast,1787278713.1305244,-245.95988345398519,-186.45739917833032,1343.105247634846,13.984304938373757,-18.44699125904902,2.9587355705160197e-19
1787278736.630738,twist +Z,fast,1787278713.1305244,-245.35809443525204,-186.5222223032705,1342.1824908139706,13.989166672744123,-18.401857082643616,2.9569165668135185e-19
1787278736.6417744,twist +Z,fast,1787278713.1305244,-244.89671676227454,-185.49667818458,1341.4962249218743,13.912250863842392,-18.367253757170417,2.956189250826862e-19
1787278736.6529942,twist +Z,fast,1787278713.1305244,-245.1198476931072,-185.63300169855904,1340.0932500588287,13.922475127390872,-18.383988576982922,2.955107824273956e-19
1787278736.6642635,twist +Z,fast,1787278713.1305244,-246.6724569478688,-185.9998543208327,1344.208979273043,13.94998907406124,-18.500434271089887,2.959104848712625e-19
1787278736.6751883,twist +Z,fast,1787278713.1305244,-247.25075033060466,-186.16521378214804,1343.9016423417388,13.962391033659802,-18.543806274795173,2.959296616607574e-19
1787278736.6862276,twist +Z,fast,1787278713.1305244,-248.11867517776273,-185.48709125920016,1346.6422800495993,13.91153184443893,-18.608900638332052,2.9631593287816616e-19
1787278736.6974025,twist +Z,fast,1787278713.1305244,-246.88254574835128,-184.959133366748,1344.405246298299,13.871935002505086,-18.516190931126275,2.9588685314074304e-19
1787278736.707885,twist +Z,fast,1787278713.1305244,-247.10013616417427,-185.31549028906682,1348.1393575680313,13.898661771678878,-18.532510212312857,2.963257444238778e-19
1787278736.7190592,twist +Z,fast,1787278713.1305244,-247.9434010304526,-188.04327816452917,1350.1553031485264,14.103245862338571,-18.595755077283762,2.967173573161934e-19
1787278736.7307498,twist +Z,fast,1787278713.1305244,-247.30000221956334,-189.55639753860362,1349.1747627490377,14.216729815394036,-18.547500166467117,2.9683100588015794e-19
1787278736.7417245,twist +Z,fast,1787278713.1305244,-246.81011903695298,-189.17756112171458,1349.0502042005473,14.18831708412748,-18.51075892777135,2.970542097495045e-19
1787278736.7528877,twist +Z,fast,1787278713.1305244,-245.244077656223,-186.5415116298417,1346.9015503613127,13.990613372236911,-18.39330582421662,2.96582443804139e-19
1787278736.7638867,twist +Z,fast,1787278713.1305244,-246.73452417553972,-185.7370750689314,1347.98854997941,13.93028063016887,-18.5050893131655,2.9665835042719834e-19
1787278736.7751024,twist +Z,fast,1787278713.1305244,-246.64482427002486,-186.91880866409667,1347.487766373718,14.018910649805978,-18.498361820251795,2.963620795917885e-19
1787278736.7863553,twist +Z,fast,1787278713.1305244,-247.75052453618855,-188.70317433380944,1346.1210141097408,14.152738075034538,-18.581289340213978,2.9635689450513774e-19
1787278736.7972183,twist +Z,fast,1787278713.1305244,-247.5566452758453,-187.5804852017401,1348.3255518280903,14.06853639012937,-18.56674839568833,2.9651446327303613e-19
1787278736.808234,twist +Z,fast,1787278713.1305244,-247.31099734554073,-187.12296524552005,1348.1792439046103,14.03422239341285,-18.54832480091529,2.9642102419109043e-19
1787278736.8194413,twist +Z,fast,1787278713.1305244,-246.80463031663248,-186.17026137848836,1350.7263751233213,13.9627696033853,-18.51034727374725,2.9672038827375993e-19
1787278736.8306499,twist +Z,fast,1787278713.1305244,-245.95422180039668,-188.7679688675056,1348.6093974583246,14.157597665061719,-18.446566635029434,2.9628103714834725e-19
1787278736.8416882,twist +Z,fast,1787278713.1305244,-246.76053999543774,-188.91359901363614,1349.6865381101024,14.168519926021705,-18.50704049965762,2.9662924401663197e-19
1787278736.852823,twist +Z,fast,1787278713.1305244,-246.2865425638015,-189.34810171258948,1346.034905976122,14.201107628442788,-18.47149069228508,2.96114408363764e-19
1787278736.8639493,twist +Z,fast,1787278713.1305244,-245.9871301715798,-187.5502949779276,1346.1001202871494,14.066272123343257,-18.44903476286826,2.963036941061307e-19
1787278736.8749738,twist +Z,fast,1787278713.1305244,-246.32340868783604,-187.6142034407559,1343.6336207080758,14.071065258055558,-18.474255651587512,2.9565562844890565e-19
1787278736.8861353,twist +Z,fast,1787278713.1305244,-247.13918813884766,-187.37893556212805,1348.0755788240976,14.053420167158269,-18.535439110413492,2.9616293937160977e-19
1787278736.897318,twist +Z,fast,1787278713.1305244,-247.13391325628663,-186.95063440830688,1343.7438536083273,14.021297580621965,-18.535043494221085,2.955935754826841e-19
1787278736.9081998,twist +Z,fast,1787278713.1305244,-246.39534466464966,-186.3029542529281,1344.9730403940857,13.972721568968442,-18.479650849848426,2.95873701833051e-19
1787278736.9194815,twist +Z,fast,1787278713.1305244,-246.4788823569611,-186.41265362904312,1342.7780045102472,13.98094902217699,-18.485916176772072,2.9543526392502076e-19
1787278736.9305227,twist +Z,fast,1787278713.1305244,-246.2160707367034,-187.94521520535739,1343.667953403704,14.095891140400997,-18.466205305252508,2.9582963215211512e-19
1787278736.9416015,twist +Z,fast,1787278713.1305244,-245.56128445762215,-187.28432012790006,1343.3362005707068,14.046324009591533,-18.41709633432162,2.9577400518709477e-19
1787278736.9526439,twist +Z,fast,1787278713.1305244,-245.43441743928133,-187.580907174971,1342.2579778482295,14.068568038121828,-18.40758130794604,2.957342137399568e-19
1787278736.9637144,twist +Z,fast,1787278713.1305244,-245.49796025451587,-186.43456406510575,1341.4435315759338,13.982592304881809,-18.41234701908852,2.956998074746524e-19
1787278736.974697,twist +Z,fast,1787278713.1305244,-245.96501172612125,-187.49147013704044,1340.6903106769632,14.06186026027682,-18.44737587945901,2.958070864951424e-19
1787278736.9860466,twist +Z,fast,1787278713.1305244,-244.39095799394772,-186.03950254662834,1339.2876536920367,13.952962690995836,-18.3293218495459,2.958380362628166e-19
1787278736.9970813,twist +Z,fast,1787278713.1305244,-244.46037714137992,-185.74109288574107,1340.2321334533344,13.930581966429347,-18.33452828560327,2.9557401375838185e-19
1787278737.0081906,twist +Z,fast,1787278713.1305244,-245.29837679142338,-184.93225579547027,1341.07126611472,13.869919184659185,-18.397378259356792,2.9547283314969064e-19
1787278737.019121,twist +Z,fast,1787278713.1305244,-246.9611225237909,-186.71167372617435,1344.591397925019,14.00337552946198,-18.522084189284143,2.9588675180889293e-19
1787278737.030376,twist +Z,fast,1787278713.1305244,-247.13957210383933,-186.63324164797325,1347.5849059836064,13.997493123596858,-18.535467907787798,2.9650211168408824e-19
1787278737.0414634,twist +Z,fast,1787278713.1305244,-246.57355535300076,-187.6736969205964,1346.27985068,14.075527269043636,-18.493016651474797,2.964984601938787e-19
1787278737.0525327,twist +Z,fast,1787278713.1305244,-245.98841206436873,-185.85039497482205,1345.3790997100505,13.938779623110268,-18.44913090482732,2.963422006407225e-19
1787278737.06345,twist +Z,fast,1787278713.1305244,-246.612913569194,-186.04565480908616,1343.165893282291,13.953424110680519,-18.495968517689512,2.962707981586095e-19
1787278737.074577,twist +Z,fast,1787278713.1305244,-246.52132737305465,-185.62951242855854,1344.9466583180174,13.922213432140968,-18.489099552979106,2.960645232883552e-19
1787278737.0858927,twist +Z,fast,1787278713.1305244,-246.40515880589146,-185.92878550444027,1345.8275713113153,13.944658912831986,-18.480386910441737,2.9593889641323734e-19
1787278737.0970047,twist +Z,fast,1787278713.1305244,-246.68106200668853,-186.57491703376706,1347.1022886163237,13.99311877753144,-18.501079650501374,2.9579557798071286e-19
1787278737.1079187,twist +Z,fast,1787278713.1305244,-245.89986747926605,-187.2880802027829,1342.691429370977,14.046606015207605,-18.442490060944614,2.9554776748363487e-19
1787278737.1189876,twist +Z,fast,1787278713.1305244,-245.85147088094664,-187.76567056690908,1340.5959208408904,14.082425292516891,-18.438860316070766,2.955438820610079e-19
1787278737.1301785,twist +Z,fast,1787278713.1305244,-245.90155453416492,-187.5055730655066,1342.1181086607075,14.062917979911806,-18.442616590061817,2.95545341065698e-19
1787278737.1413,twist +Z,fast,1787278713.1305244,-247.69086213376386,-186.78800481582005,1346.3824178200312,14.009100361185435,-18.576814660032085,2.9570464547092677e-19
1787278737.1523838,twist +Z,fast,1787278713.1305244,-249.1560816155611,-186.90124107424538,1350.1381373329396,14.017593080567071,-18.686706121166907,2.959486476308105e-19
1787278737.1635523,twist +Z,fast,1787278713.1305244,-248.59676633298886,-186.82815580013732,1350.2067319619646,14.012111685009277,-18.64475747497393,2.963535125718877e-19
1787278737.1745522,twist +Z,fast,1787278713.1305244,-247.482270666766,-186.85408227104006,1349.8554702173888,14.014056170326828,-18.56117030000734,2.967156981738449e-19
1787278737.185726,twist +Z,fast,1787278713.1305244,-246.72826655598192,-187.80657407213528,1347.5306519894557,14.085493055408978,-18.504619991698306,2.9682678148390506e-19
1787278737.1967602,twist +Z,fast,1787278713.1305244,-246.7194291033834,-188.8488453750864,1346.4135065427372,14.163663403130474,-18.503957182753553,2.9657913926478225e-19
1787278737.207755,twist +Z,fast,1787278713.1305244,-247.78381076427877,-189.45237279483615,1345.6095157532245,14.208927959611675,-18.583785807320673,2.963664171747052e-19
1787278737.2189906,twist +Z,fast,1787278713.1305244,-246.51938347991972,-188.05954311045332,1342.750864376746,14.104465733282655,-18.488953760993873,2.9583216890938284e-19
1787278737.229968,twist +Z,fast,1787278713.1305244,-246.34071935415022,-186.75609718816452,1345.3052581208076,14.006707289111322,-18.47555395156119,2.9571272492110767e-19
1787278737.2410386,twist +Z,fast,1787278713.1305244,-246.1865125602103,-187.6351153604852,1343.4869952299277,14.072633652035297,-18.46398844201555,2.9597256104777045e-19
1787278737.2522168,twist +Z,fast,1787278713.1305244,-247.44214031048296,-187.08245350966092,1347.2082672488805,14.031184013223626,-18.558160523285814,2.9630566228192794e-19
1787278737.26337,twist +Z,fast,1787278713.1305244,-246.58271778389872,-186.54311880317266,1343.42017274704,13.990733910236887,-18.493703833792274,2.9611633700269104e-19
1787278737.27449,twist +Z,fast,1787278713.1305244,-246.65390424486895,-186.14059327212237,1347.055739338527,13.960544495408133,-18.49904281836512,2.9570967249098824e-19
1787278737.2855322,twist +Z,fast,1787278713.1305244,-246.08689295034355,-187.33370866580833,1345.651615160049,14.05002814993458,-18.456516971275413,2.95634503073423e-19
1787278737.2966957,twist +Z,fast,1787278713.1305244,-247.54986975829206,-187.5878569127632,1348.3574122604105,14.069089268456086,-18.566240231871454,2.957829873464053e-19
1787278737.3076677,twist +Z,fast,1787278713.1305244,-247.2408422261101,-186.7252565500097,1346.8133285761605,14.00439424124976,-18.54306316695817,2.9596780989102593e-19
1787278737.318828,twist +Z,fast,1787278713.1305244,-247.29213114941604,-186.21677644507633,1343.23537557289,13.966258233379637,-18.54690983620614,2.956259915312606e-19
1787278737.3295565,twist +Z,fast,1787278713.1305244,-246.5907948388508,-186.23203207024642,1339.244471419658,13.96740240526714,-18.494309612913682,2.95391071464972e-19
1787278737.3410249,twist +Z,fast,1787278713.1305244,-247.8947956919951,-188.25162114176044,1342.49830622028,14.118871585630618,-18.59210967689927,2.9562397876005728e-19
1787278737.3521376,twist +Z,fast,1787278713.1305244,-247.99569491239026,-188.7745041542247,1347.7600062621832,14.15808781156564,-18.5996771184292,2.9596086370405017e-19
1787278737.3631654,twist +Z,fast,1787278713.1305244,-248.80074346580886,-189.21211218407382,1351.1825677853458,14.19090841380454,-18.66005575993536,2.9611494564659395e-19
1787278737.3743582,twist +Z,fast,1787278713.1305244,-248.0250398974863,-186.92836963308412,1350.1131276631068,14.019627722480099,-18.601877992311216,2.961952174343755e-19
1787278737.3854456,twist +Z,fast,1787278713.1305244,-246.99537571524297,-185.22284521757695,1343.5682673503625,13.891713391317257,-18.524653178642886,2.9556152682354733e-19
1787278737.3965688,twist +Z,fast,1787278713.1305244,-246.39291866410304,-185.1253772159556,1342.6678365010603,13.8844032911955,-18.479468899807593,2.9590637707860233e-19
1787278737.4077256,twist +Z,fast,1787278713.1305244,-245.64340586144272,-183.40495423420305,1344.0932846249898,13.7553715675641,-18.423255439607978,2.9576552698232945e-19
1787278737.4187398,twist +Z,fast,1787278713.1305244,-246.7252630001435,-184.35857554587267,1348.4866437935207,13.826893165939328,-18.504394725010755,2.9612749496732393e-19
1787278737.4298828,twist +Z,fast,1787278713.1305244,-246.67860073733345,-184.68007718745105,1347.8290432121294,13.85100578905774,-18.5008950552998,2.9591501910127333e-19
1787278737.4409528,twist +Z,fast,1787278713.1305244,-247.31757473726566,-186.90336344956143,1346.5551487920338,14.017752258715905,-18.548818105294664,2.959901929992182e-19
1787278737.4521048,twist +Z,fast,1787278713.1305244,-246.94701659611428,-186.91500727993855,1346.1359928724023,14.018625545994173,-18.52102624470843,2.962385499281872e-19
1787278737.463115,twist +Z,fast,1787278713.1305244,-246.27210725655777,-186.01679260834737,1344.8621289512748,13.951259445624874,-18.470408044241807,2.9590527325227245e-19
1787278737.474248,twist +Z,fast,1787278713.1305244,-246.29721390790792,-185.20922259602833,1344.6405243623585,13.89069169470108,-18.472291043092937,2.9561183751144215e-19
1787278737.4855037,twist +Z,fast,1787278713.1305244,-246.57650266151222,-186.88783974101045,1343.455749355905,14.016587980574617,-18.493237699613232,2.955546797731e-19
1787278737.4964836,twist +Z,fast,1787278713.1305244,-247.843968358447,-187.40553223293216,1343.7894930288358,14.055414917468756,-18.588297626883346,2.954557767300111e-19
1787278737.5075257,twist +Z,fast,1787278713.1305244,-248.52722130271968,-189.1892581262449,1344.7147796434083,14.189194359467326,-18.63954159770374,2.957906366465565e-19
1787278737.5188153,twist +Z,fast,1787278713.1305244,-249.2570041801132,-187.6984205505879,1351.4956560657347,14.077381541292926,-18.694275313508278,2.9609574920283917e-19
1787278737.5293214,twist +Z,fast,1787278713.1305244,-248.5291403278111,-186.85890224781167,1353.2068366210851,14.014417668584787,-18.639685524585694,2.9639583861332015e-19
1787278737.5404851,twist +Z,fast,1787278713.1305244,-249.37565607256556,-188.37409150407086,1356.080902085453,14.128056862804275,-18.703174205442302,2.968733125614381e-19
1787278737.551914,twist +Z,fast,1787278713.1305244,-248.54836709615074,-189.48000214761453,1352.412082059992,14.21100016107005,-18.64112753221132,2.969088017363336e-19
1787278737.5629516,twist +Z,fast,1787278713.1305244,-248.90952827568935,-191.12841439410533,1351.5797696582204,14.334631079556804,-18.668214620676395,2.967171286456897e-19
1787278737.57414,twist +Z,fast,1787278713.1305244,-246.22832157236144,-188.11613742756197,1347.1463575665139,14.10871030706625,-18.467124117926943,2.9579727418133485e-19
1787278737.5853198,twist +Z,fast,1787278713.1305244,-246.04234599298388,-187.45491347668064,1346.9570027433683,14.059118510749972,-18.45317594947371,2.956575749984964e-19
1787278737.5962968,twist +Z,fast,1787278713.1305244,-245.61753210871075,-185.7660794547602,1346.6740297170372,13.932455959105898,-18.42131490815315,2.9559298865535313e-19
1787278737.6075072,twist +Z,fast,1787278713.1305244,-246.38725492520962,-187.3710940636921,1347.8908503635985,14.052832054775767,-18.479044119390657,2.9612110324935417e-19
1787278737.618539,twist +Z,fast,1787278713.1305244,-247.0446090421342,-187.45404903763472,1350.3194503461718,14.059053677821513,-18.52834567816,2.9648579331458194e-19
1787278737.6295824,twist +Z,fast,1787278713.1305244,-248.2162576998885,-188.8362087643062,1351.5636918763803,14.16271565732183,-18.616219327491585,2.966902391492216e-19
1787278737.6407032,twist +Z,fast,1787278713.1305244,-248.06771763161169,-187.90607935566743,1350.5533033665806,14.092955951674089,-18.60507882237072,2.966765880168476e-19
1787278737.6518629,twist +Z,fast,1787278713.1305244,-247.3002204596728,-186.38405421775667,1346.8227902834815,13.978804066330472,-18.54751653447537,2.96281017913027e-19
1787278737.6628647,twist +Z,fast,1787278713.1305244,-245.7720102133485,-186.22627651237792,1347.2966147452416,13.966970738427339,-18.432900766000913,2.964113588852498e-19
1787278737.674109,twist +Z,fast,1787278713.1305244,-245.96811070225112,-186.4020679261406,1345.3191080311562,13.980155094459239,-18.447608302668534,2.962523430388246e-19
1787278737.6852636,twist +Z,fast,1787278713.1305244,-246.46276074782372,-188.49800325317585,1346.3149461621497,14.137350243987232,-18.484707056086577,2.960217424361033e-19
1787278737.6962483,twist +Z,fast,1787278713.1305244,-247.13380262373494,-189.0448721442416,1347.4785246686379,14.178365410817054,-18.53503519677998,2.960755651735203e-19
1787278737.707217,twist +Z,fast,1787278713.1305244,-246.73381450103489,-188.29597170432874,1351.6123590246834,14.122197877823414,-18.50503608757706,2.9610681237216096e-19
1787278737.7184863,twist +Z,fast,1787278713.1305244,-247.1123454091553,-187.9342772367621,1353.1030321505032,14.095070792756065,-18.53342590568642,2.9636109537195107e-19
1787278737.7294421,twist +Z,fast,1787278713.1305244,-247.75993605479334,-186.26346172014917,1353.9249028602544,13.969759629009946,-18.581995204109383,2.9630085754832474e-19
1787278737.7406602,twist +Z,fast,1787278713.1305244,-247.24481095635429,-186.77753734428404,1349.753122758465,14.00831530082026,-18.54336082172656,2.956371863193185e-19
1787278737.7518044,twist +Z,fast,1787278713.1305244,-246.4703142563726,-186.37462185295192,1346.7655120809768,13.978096638970005,-18.48527356922792,2.954770059697788e-19
1787278737.7627294,twist +Z,fast,1787278713.1305244,-246.47669688490487,-187.35593312754338,1344.6348590838597,14.05169498456458,-18.48575226636754,2.9528687794062475e-19
1787278737.7739584,twist +Z,fast,1787278713.1305244,-247.13472007828977,-187.77877614382862,1344.69988348067,14.083408210785752,-18.535104005871474,2.958321877390855e-19
1787278737.7851155,twist +Z,fast,1787278713.1305244,-246.40992759973733,-187.72346370565072,1344.0548998582208,14.07925977792262,-18.480744569979954,2.9572583069031e-19
1787278737.7960632,twist +Z,fast,1787278713.1305244,-247.2940161326037,-189.08224881300055,1348.5144604097632,14.181168660973999,-18.547051209945046,2.9615141890496143e-19
1787278737.8071444,twist +Z,fast,1787278713.1305244,-246.61390781708496,-188.70679839595903,1348.4916827216211,14.153009879695905,-18.496043086281006,2.9611207705197045e-19
1787278737.8184621,twist +Z,fast,1787278713.1305244,-248.17414186014912,-188.74513617867763,1349.7303067087096,14.155885213399646,-18.613060639510863,2.961867025437004e-19
1787278737.8293293,twist +Z,fast,1787278713.1305244,-246.58404478541115,-187.8331098529669,1347.5234396794503,14.087483238971362,-18.49380335890566,2.9584069709523747e-19
1787278737.8404331,twist +Z,fast,1787278713.1305244,-247.93214909822336,-188.57542022062432,1348.4442936683672,14.143156516545734,-18.59491118236658,2.9580468199655515e-19
1787278737.8517144,twist +Z,fast,1787278713.1305244,-247.3388928835525,-188.70512806818772,1352.0105893150549,14.152884605112877,-18.550416966266305,2.95973236463902e-19
1787278737.8627758,twist +Z,fast,1787278713.1305244,-248.72884439127165,-188.56482492250632,1355.3467273547622,14.142361869186718,-18.654663329345183,2.9640152166486843e-19
1787278737.8737667,twist +Z,fast,1787278713.1305244,-247.00409767931842,-186.77377152234578,1349.9221828431519,14.008032864174726,-18.52530732594888,2.9606591275558513e-19
1787278737.885036,twist +Z,fast,1787278713.1305244,-247.129103482966,-187.20965863034678,1349.0174664902343,14.040724397275017,-18.534682761222356,2.9652634343710294e-19
1787278737.8961415,twist +Z,fast,1787278713.1305244,-246.7922724860996,-186.07962039263055,1344.706715221212,13.955971529446206,-18.509420436457518,2.960289063605424e-19
1787278737.9071069,twist +Z,fast,1787278713.1305244,-247.85715608287637,-186.5375908633156,1349.8409209183928,13.990319314747612,-18.589286706215766,2.965372887036467e-19
1787278737.918299,twist +Z,fast,1787278713.1305244,-248.14194891671696,-185.41901342007702,1347.0718643223581,13.906426006504791,-18.61064616875342,2.960853410005319e-19
1787278737.9293401,twist +Z,fast,1787278713.1305244,-248.27543269748503,-185.96008347410805,1348.050031471611,13.947006260557234,-18.620657452311193,2.9643485288737327e-19
1787278737.940474,twist +Z,fast,1787278713.1305244,-248.034993816334,-186.15931354728752,1349.9923598102478,13.9619485160455,-18.602624536224937,2.963534174991206e-19
1787278737.9515328,twist +Z,fast,1787278713.1305244,-247.99054597074382,-186.68789625598845,1350.7902646838347,14.001592219197935,-18.599290947805486,2.962916129560108e-19
1787278737.9625976,twist +Z,fast,1787278713.1305244,-248.21632436107348,-186.58627238943916,1352.034247071494,13.993970429206929,-18.616224327080452,2.960535266562304e-19
1787278737.9736598,twist +Z,fast,1787278713.1305244,-248.55628043670595,-186.1256849087987,1352.1931914565184,13.959426368158635,-18.641721032753125,2.9601108370817982e-19
1787278737.9847155,twist +Z,fast,1787278713.1305244,-248.73553038859927,-187.2293117146388,1354.2195903632974,14.042198378596812,-18.655164779144698,2.9644131900318266e-19
1787278737.9957263,twist +Z,fast,1787278713.1305244,-248.03144988626946,-188.44408480963978,1351.4466959426218,14.133306360721637,-18.60235874147004,2.9668257365275434e-19
1787278738.0069778,twist +Z,fast,1787278713.1305244,-247.6841357312619,-189.78098043500734,1349.5927329126744,14.23357353262465,-18.57631017984435,2.9669459175178106e-19
1787278738.0178266,twist +Z,fast,1787278713.1305244,-246.9340108385145,-188.63476463546783,1345.610909421689,14.147607347658852,-18.520050812888414,2.961264397601304e-19
1787278738.029182,twist +Z,fast,1787278713.1305244,-245.96538862135958,-187.5176134738732,1344.131673015655,14.063821010539147,-18.447404146601677,2.9587617566159605e-19
1787278738.0403419,twist +Z,fast,1787278713.1305244,-246.77933305156648,-186.9561072865082,1344.978549496177,14.021708046486982,-18.50844997886751,2.964238959342816e-19
1787278738.0515678,twist +Z,fast,1787278713.1305244,-248.04906194136356,-188.85294578991932,1348.4567935322239,14.163970934242986,-18.60367964560224,2.966442838137425e-19
1787278738.0624957,twist +Z,fast,1787278713.1305244,-249.20115837176172,-190.19022103617192,1351.5755825052574,14.264266577711755,-18.69008687788201,2.9701801545129213e-19
1787278738.073514,twist +Z,fast,1787278713.1305244,-250.08902925181383,-190.53483963076735,1355.108574675397,14.290112972306193,-18.756677193885913,2.9706954213079914e-19
1787278738.084676,twist +Z,fast,1787278713.1305244,-249.11642204634472,-188.10645567223708,1351.8215518062616,14.10798417541665,-18.68373165347593,2.9663727619092213e-19
1787278738.0956857,twist +Z,fast,1787278713.1305244,-249.60068297820135,-187.13171994051402,1351.6829384458588,14.034878995537316,-18.720051223364784,2.9642818375071305e-19
1787278738.106751,twist +Z,fast,1787278713.1305244,-249.4485884894916,-186.69024782464464,1350.4160690592698,14.001768586847039,-18.70864413671184,2.95961654257926e-19
1787278738.1180348,twist +Z,fast,1787278713.1305244,-249.88680387229533,-187.70626129525465,1351.2552434325853,14.077969597142744,-18.741510290422077,2.9637735575297344e-19
1787278738.129268,twist +Z,fast,1787278713.1305244,-248.63125432426614,-187.6307490505843,1348.5171498336504,14.07230617879286,-18.64734407431969,2.959320088494319e-19
1787278738.1401222,twist +Z,fast,1787278713.1305244,-246.50174659243157,-186.68681947984226,1344.7717768998727,14.001511460987292,-18.4876309944323,2.957479514923884e-19
1787278738.1535532,twist +Z,fast,1787278713.1305244,-245.89241317781443,-186.8412167871021,1345.341625882179,14.013091259031459,-18.441930988335834,2.959456680488013e-19
1787278738.1624012,twist +Z,fast,1787278713.1305244,-244.79333064206048,-186.26911706809972,1341.6162383212932,13.970183780106272,-18.359499798154353,2.958819945221813e-19
1787278738.173547,twist +Z,fast,1787278713.1305244,-246.14254948949156,-187.18961857297256,1344.0494763036559,14.039221392971957,-18.46069121171174,2.961670843995443e-19
1787278738.186591,twist +Z,fast,1787278713.1305244,-246.6517887200439,-187.0348940202092,1345.9350492955482,14.027617051514529,-18.498884154003164,2.9570963630376954e-19
1787278738.1957657,twist +Z,fast,1787278713.1305244,-248.60804160472117,-187.41850535026322,1353.1585215449422,14.056387901268511,-18.64560312035394,2.9618117343995033e-19
1787278738.2068257,twist +Z,fast,1787278713.1305244,-247.19775324205102,-187.1246237159054,1350.0649828439955,14.034346778691745,-18.539831493153805,2.9585598002897046e-19
1787278738.2203948,twist +Z,fast,1787278713.1305244,-247.3111842573685,-187.55370454568867,1348.2153142470315,14.066527840925563,-18.54833881930263,2.9605108977183556e-19
1787278738.2290895,twist +Z,fast,1787278713.1305244,-245.62939363049145,-187.46043780683715,1345.5713144520769,14.05953283551155,-18.422204522286684,2.9615723171752325e-19
1787278738.2401447,twist +Z,fast,1787278713.1305244,-246.88367212941148,-188.54400711504616,1346.7185805633862,14.140800533627289,-18.51627540970565,2.961126400698804e-19
1787278738.252355,twist +Z,fast,1787278713.1305244,-244.84074177636057,-187.1133818151535,1345.4653925023877,14.033503636135183,-18.363055633226786,2.9592749772773504e-19
1787278738.2623055,twist +Z,fast,1787278713.1305244,-246.00626028180477,-186.43273576610693,1345.413899699609,13.98245518245692,-18.450469521135183,2.9591505518836255e-19
1787278738.2734177,twist +Z,fast,1787278713.1305244,-245.7638782932513,-184.69054241115452,1346.2258522411257,13.851790680835567,-18.43229087199383,2.9609839244640284e-19
1787278738.2847154,twist +Z,fast,1787278713.1305244,-248.15979449967062,-186.1242438960354,1352.711652950432,13.959318292201349,-18.61198458747524,2.961427286514724e-19
1787278738.2955685,twist +Z,fast,1787278713.1305244,-247.07658687470985,-186.68301315905444,1350.7229080945845,14.001225986928123,-18.530744015603126,2.9598638402604933e-19
1787278738.3067763,twist +Z,fast,1787278713.1305244,-245.5953064076134,-186.51501257815096,1348.858976153203,13.988625943360365,-18.419647980570815,2.9597029827191574e-19
1787278738.3197596,twist +Z,fast,1787278713.1305244,-244.67092690818345,-185.8479739711089,1344.3008090247613,13.938598047831864,-18.350319518113658,2.958681157367281e-19
1787278738.3290038,twist +Z,fast,1787278713.1305244,-245.14622106004072,-185.9078850349248,1347.2777206484961,13.94309137761832,-18.3859665795029,2.9604151581239017e-19
1787278738.3399732,twist +Z,fast,1787278713.1305244,-246.30835160653396,-189.21160330220835,1350.2183821453118,14.190870247664254,-18.473126370489865,2.965455379028649e-19
1787278738.3511505,twist +Z,fast,1787278713.1305244,-246.94684861343967,-189.74636211369727,1352.5536962215074,14.23097715852612,-18.52101364600786,2.972185109304716e-19
1787278738.3621464,twist +Z,fast,1787278713.1305244,-247.10809075042334,-189.72370249061817,1352.3036954774552,14.229277686795289,-18.53310680628163,2.9725769150622635e-19
1787278738.3733218,twist +Z,fast,1787278713.1305244,-246.02109215714927,-188.0537598751538,1347.6410130914855,14.10403199063531,-18.451581911785937,2.966815961536536e-19
1787278738.3848355,twist +Z,fast,1787278713.1305244,-245.84289410113115,-187.47284168305248,1342.607660028937,14.06046312622772,-18.43821705758466,2.9579499841329694e-19
1787278738.3955398,twist +Z,fast,1787278713.1305244,-244.9653082416794,-187.3463645511955,1342.5137517576923,14.050977341338541,-18.372398118125815,2.9593813339549164e-19
1787278738.4066179,twist +Z,fast,1787278713.1305244,-245.80551072779372,-186.4093843696047,1344.1350151478082,13.980703827719186,-18.435413304584245,2.9586067651881597e-19
1787278738.418696,twist +Z,fast,1787278713.1305244,-245.6572244634176,-186.86567103853042,1348.2168240357723,14.014925327888552,-18.424291834756062,2.963800074636539e-19
1787278738.428927,twist +Z,fast,1787278713.1305244,-246.29013240901486,-187.1977472134164,1347.3933556918428,14.03983104100509,-18.471759930676072,2.961249387202655e-19
1787278738.4399772,twist +Z,fast,1787278713.1305244,-246.34335604236958,-187.19803505879702,1348.2227614155518,14.039852629408717,-18.47575170317765,2.960488027283626e-19
1787278738.4506803,twist +Z,fast,1787278713.1305244,-246.58578494602216,-186.91195212347782,1345.8284432035061,14.018396409259513,-18.493933870951516,2.9593272356829603e-19
1787278738.4617581,twist +Z,fast,1787278713.1305244,-247.18843703983976,-188.0186160666284,1341.1724429903634,14.101396204995869,-18.539132777987852,2.9564744741995635e-19
1787278738.4729736,twist +Z,fast,1787278713.1305244,-248.33556354384973,-188.56914395997012,1343.3968493818656,14.14268579699662,-18.62516726578845,2.9597702874364764e-19
1787278738.4843247,twist +Z,fast,1787278713.1305244,-248.0499357477497,-189.5376604845261,1343.477096896032,14.215324536337992,-18.603745181081074,2.958091133597936e-19
1787278738.4953818,twist +Z,fast,1787278713.1305244,-248.3673680674924,-189.12460928417602,1346.346074277718,14.184345696311897,-18.627552605061844,2.963110887589732e-19
1787278738.5065444,twist +Z,fast,1787278713.1305244,-246.6612828099219,-187.69845558753616,1342.5884494197953,14.077384169064008,-18.499596210743768,2.9562483143691775e-19
1787278738.5175395,twist +Z,fast,1787278713.1305244,-246.69160336051073,-186.04318767242296,1341.833509129273,13.953239075430535,-18.501870252038252,2.9572844187691883e-19
1787278738.5287557,twist +Z,fast,1787278713.1305244,-245.0610453273589,-186.674197249568,1337.1176626653769,14.000564793716382,-18.37957839955189,2.952207355328777e-19
1787278738.5397336,twist +Z,fast,1787278713.1305244,-246.81806179832756,-189.24660965505302,1339.8876241095468,14.193495724127818,-18.51135463487423,2.9594396042381654e-19
1787278738.5507958,twist +Z,fast,1787278713.1305244,-248.4984430993759,-190.0824235036597,1343.1894004410615,14.256181762773029,-18.63738323245328,2.9613746212673777e-19
1787278738.5621061,twist +Z,fast,1787278713.1305244,-249.35887291079644,-189.4502012210702,1346.3288844550962,14.2087650915789,-18.701915468309657,2.963643674017783e-19
1787278738.5732043,twist +Z,fast,1787278713.1305244,-247.49605335671413,-187.02293190394278,1344.3817699530873,14.026719892794407,-18.562204001753237,2.959409243082909e-19
1787278738.584285,twist +Z,fast,1787278713.1305244,-245.4196221872885,-187.11798021920038,1342.7497411917602,14.033848516438841,-18.406471664046578,2.958356127895367e-19
1787278738.5953486,twist +Z,fast,1787278713.1305244,-244.89341246661252,-185.92747813118774,1343.632785777313,13.944560859837996,-18.367005934995767,2.960490596626609e-19
1787278738.6063857,twist +Z,fast,1787278713.1305244,-245.95015415252465,-188.08759241762584,1345.952687637303,14.106569431320796,-18.446261561439158,2.9647246962734335e-19
1787278738.617567,twist +Z,fast,1787278713.1305244,-246.5307573992718,-187.82868793687987,1346.9166170846447,14.087151595264832,-18.489806804945353,2.963707517703218e-19
1787278738.6287026,twist +Z,fast,1787278713.1305244,-246.97471202556198,-189.3139040958407,1348.593586222073,14.198542807187213,-18.523103401917027,2.964687336522725e-19
1787278738.6398702,twist +Z,fast,1787278713.1305244,-246.40897204327712,-188.84957348518594,1347.3508583621106,14.163718011388031,-18.48067290324552,2.964153718076714e-19
1787278738.6507807,twist +Z,fast,1787278713.1305244,-246.13361693532124,-188.81514984340754,1345.1827941499096,14.161136238254375,-18.460021270148886,2.9632109060225545e-19
1787278738.6620204,twist +Z,fast,1787278713.1305244,-246.0043082886782,-187.32429728388945,1340.2825174568015,14.049322296290544,-18.450323121650527,2.953325883452937e-19
1787278738.672907,twist +Z,fast,1787278713.1305244,-246.7405637046927,-187.7494309610123,1342.297421603781,14.081207322074778,-18.505542277851667,2.950850371084731e-19
1787278738.6837614,twist +Z,fast,1787278713.1305244,-246.12799748936914,-187.29081048011983,1342.2435930166475,14.04681078600753,-18.459599811702667,2.948935178769025e-19
1787278738.695078,twist +Z,fast,1787278713.1305244,-247.10359785319133,-188.60814362791655,1353.2361280359628,14.145610772092514,-18.532769838989218,2.9583805408067206e-19
1787278738.7062573,twist +Z,fast,1787278713.1305244,-246.5635522635307,-187.11596805303986,1351.7379283205273,14.033697603976979,-18.492266419764476,2.9589326080672873e-19
1787278738.7174573,twist +Z,fast,1787278713.1305244,-247.95647460024747,-188.27198818100567,1355.809342948388,14.120399113574184,-18.596735595018266,2.965493407995557e-19
1787278738.7284427,twist +Z,fast,1787278713.1305244,-246.9249160686254,-187.76650850506155,1346.2777425155555,14.082488137878418,-18.51936870514666,2.955390241847787e-19
1787278738.7395582,twist +Z,fast,1787278713.1305244,-247.2232574984505,-189.15847950435193,1343.7219303069114,14.186885962825361,-18.541744312383805,2.953743458134596e-19
1787278738.7505784,twist +Z,fast,1787278713.1305244,-247.47752523464032,-189.2180940168247,1342.4060227494674,14.191357051260926,-18.560814392597948,2.9531616185172473e-19
1787278738.761799,twist +Z,fast,1787278713.1305244,-250.3866940237217,-188.6178967067343,1349.1205547403088,14.146342253004011,-18.77900205177911,2.9592168884179944e-19
1787278738.7728932,twist +Z,fast,1787278713.1305244,-250.51514928957704,-187.98202694700615,1349.8568927623683,14.09865202102434,-18.78863619671823,2.960291270102549e-19
1787278738.7839122,twist +Z,fast,1787278713.1305244,-248.8719443090663,-187.36541667047948,1348.6313362055362,14.052406250284864,-18.66539582317985,2.9581473726008774e-19
1787278738.7950077,twist +Z,fast,1787278713.1305244,-247.16915434445536,-188.5108586941518,1344.8818577343545,14.138314402060363,-18.537686575833916,2.9577362394057133e-19
1787278738.8061564,twist +Z,fast,1787278713.1305244,-246.95276786671138,-187.8973824715598,1346.2491569106578,14.092303685365895,-18.521457590003287,2.958511371516699e-19
1787278738.817283,twist +Z,fast,1787278713.1305244,-247.37927305957828,-187.36238344135916,1345.6804689866449,14.05217875810084,-18.55344547946818,2.959123671621086e-19
1787278738.8282974,twist +Z,fast,1787278713.1305244,-245.67863514580813,-185.25236275202894,1344.6652734567842,13.893927206400978,-18.42589763593552,2.9581800013523983e-19
1787278738.8393838,twist +Z,fast,1787278713.1305244,-244.79194120325747,-185.03346610472738,1342.1794454101519,13.877509957853281,-18.359395590244105,2.955625384092469e-19
1787278738.8505237,twist +Z,fast,1787278713.1305244,-244.6800733493933,-184.6997128338279,1341.9691397655288,13.852478462536073,-18.35100550120427,2.9548260165858255e-19
1787278738.8617358,twist +Z,fast,1787278713.1305244,-245.37528337518552,-186.30689656847665,1342.2332689771456,13.973017242634729,-18.40314625313875,2.953853030325133e-19
1787278738.8728287,twist +Z,fast,1787278713.1305244,-245.96441422028283,-186.96121146853818,1344.025918655795,14.022090860139219,-18.447331066521066,2.9549450402165457e-19
1787278738.8839705,twist +Z,fast,1787278713.1305244,-245.99802305354797,-187.17701625678467,1345.8134512732022,14.038276219257643,-18.44985172901589,2.9551608568798857e-19
1787278738.895063,twist +Z,fast,1787278713.1305244,-245.64133653104773,-184.43839823047358,1345.740731965293,13.83287986728455,-18.423100239828365,2.956317331065723e-19
1787278738.90609,twist +Z,fast,1787278713.1305244,-246.5901333765828,-184.32332092174113,1345.0466125840985,13.824249069129497,-18.494260003243546,2.956356148035024e-19
1787278738.9172616,twist +Z,fast,1787278713.1305244,-247.3400055310135,-184.5028497800646,1347.215980183134,13.837713733503566,-18.55050041482597,2.9565376005668187e-19
1787278738.9282603,twist +Z,fast,1787278713.1305244,-246.6778793312419,-186.11737669403385,1346.0655828582449,13.958803252051315,-18.500840949843145,2.957107229213376e-19
1787278738.9394772,twist +Z,fast,1787278713.1305244,-246.29581198727055,-186.17172438351702,1349.3459915354024,13.962879328762728,-18.472185899045222,2.9609711164178647e-19
1787278738.9504964,twist +Z,fast,1787278713.1305244,-246.78068157755797,-186.60698741764998,1345.8836034087408,13.99552405632274,-18.50855111831664,2.957299459583369e-19
1787278738.9614701,twist +Z,fast,1787278713.1305244,-248.53472606904097,-187.12463163881864,1350.786030938897,14.03434737291035,-18.640104455177884,2.9557300992185343e-19
1787278738.9725127,twist +Z,fast,1787278713.1305244,-248.38292729040268,-186.70784518427934,1350.3825104585167,14.00308838881978,-18.628719546779735,2.9534848554623675e-19
1787278738.9836593,twist +Z,fast,1787278713.1305244,-247.034062234688,-184.87960666411698,1353.0676735942498,13.865970499807748,-18.5275546676014,2.9583579121776705e-19
1787278738.9946952,twist +Z,fast,1787278713.1305244,-246.5900849853001,-185.27226679356238,1350.3992238937963,13.895420009516119,-18.494256373897308,2.959956004042449e-19
1787278739.005977,twist +Z,fast,1787278713.1305244,-247.03994760843352,-186.5123445732262,1347.9267850913757,13.988425842990853,-18.527996070632028,2.9601820464265514e-19
1787278739.0171168,twist +Z,fast,1787278713.1305244,-247.8858695416643,-188.73548407695,1345.4670517117838,14.155161305770012,-18.59144021562488,2.958771636352535e-19
1787278739.0281053,twist +Z,fast,1787278713.1305244,-249.71377328565404,-190.25305984216845,1348.8763357404505,14.268979488161495,-18.728532996423795,2.9645991412294055e-19
1787278739.0392535,twist +Z,fast,1787278713.1305244,-250.1768701794913,-189.93175142809775,1350.8195005660136,14.24488135710617,-18.763265263461548,2.9672872186839924e-19
1787278739.0502253,twist +Z,fast,1787278713.1305244,-250.611527874908,-190.0995450265301,1350.5639608921565,14.257465876988679,-18.795864590618073,2.970053099875599e-19
1787278739.0612898,twist +Z,fast,1787278713.1305244,-249.8104102752818,-188.74310998552403,1352.1812308650815,14.155733248912927,-18.735780770646052,2.9688621298463634e-19
1787278739.0724993,twist +Z,fast,1787278713.1305244,-248.5432513768651,-187.75469589619354,1349.8632471094652,14.081602192213413,-18.640743853264738,2.9652514505354215e-19
1787278739.0835164,twist +Z,fast,1787278713.1305244,-248.0041461828855,-186.9692725491842,1355.2448732360363,14.022695441187754,-18.600310963716296,2.967603867541628e-19
1787278739.0945413,twist +Z,fast,1787278713.1305244,-248.05571401207953,-186.68573782860915,1353.264815288755,14.001430337144487,-18.604178550905786,2.9640909726982375e-19
1787278739.1056817,twist +Z,fast,1787278713.1305244,-248.89102671573482,-186.92353120057817,1357.5499552169413,14.019264840042243,-18.666827003679913,2.9684804553590616e-19
1787278739.1166701,twist +Z,fast,1787278713.1305244,-249.3760530975792,-187.0473822007383,1352.4394942707668,14.028553665054137,-18.70320398231835,2.9657051227337913e-19
1787278739.1277936,twist +Z,fast,1787278713.1305244,-248.9332497358032,-187.94910179483952,1351.8384840955996,14.09618263461208,-18.669993730185112,2.9656822514976687e-19
1787278739.1389568,twist +Z,fast,1787278713.1305244,-248.60264308705837,-188.9402122238156,1348.2723515019597,14.170515916785067,-18.64519823152905,2.962052693001368e-19
1787278739.1501083,twist +Z,fast,1787278713.1305244,-249.4066599137209,-189.36658763785874,1351.2087906200113,14.20249407283811,-18.70549949352896,2.961777863542337e-19
1787278739.16109,twist +Z,fast,1787278713.1305244,-248.83767257682166,-190.8924361810997,1349.182671762649,14.316932713581412,-18.662825443261305,2.9626513314966057e-19
1787278739.1723847,twist +Z,fast,1787278713.1305244,-247.83853837551442,-190.57044031225848,1347.1114561932527,14.292783023418384,-18.58789037816323,2.962893883550963e-19
1787278739.183439,twist +Z,fast,1787278713.1305244,-246.56069028327556,-189.32673675742956,1346.8810804972754,14.199505256806109,-18.49205177124543,2.9620702568414787e-19
1787278739.1945236,twist +Z,fast,1787278713.1305244,-245.85649763917309,-187.36028411511904,1347.2410008501492,14.052021308632892,-18.439237322937615,2.963101463975458e-19
1787278739.2057302,twist +Z,fast,1787278713.1305244,-246.41687998039606,-185.76075830880143,1347.5421663000316,13.93205687315903,-18.481265998529757,2.961229283662678e-19
1787278739.2167385,twist +Z,fast,1787278713.1305244,-246.40779931120824,-187.12704936893545,1346.4276848796972,14.034528702668954,-18.480584948340613,2.9650438285225934e-19
1787278739.2279165,twist +Z,fast,1787278713.1305244,-247.41094227396616,-187.37371289132022,1346.943556770114,14.053028466847994,-18.555820670547334,2.9659060850123145e-19
1787278739.2390635,twist +Z,fast,1787278713.1305244,-247.2392275366742,-188.87563404658215,1345.5486473577175,14.165672553492517,-18.54294206525033,2.966001131346075e-19
1787278739.2501066,twist +Z,fast,1787278713.1305244,-247.59748575665026,-187.98130210740112,1343.5036232252778,14.098597658053809,-18.569811431748334,2.95886495802644e-19
1787278739.2612019,twist +Z,fast,1787278713.1305244,-246.87999118903417,-188.18878582937452,1343.236759465247,14.114158937201939,-18.515999339177235,2.958472951535287e-19
1787278739.272335,twist +Z,fast,1787278713.1305244,-247.1406987898149,-187.1286481338724,1346.6819327920393,14.034648610039103,-18.535552409235848,2.960855604841878e-19
1787278739.283455,twist +Z,fast,1787278713.1305244,-246.3077026338865,-186.4593884171876,1349.6382557308398,13.984454131287922,-18.473077697541335,2.9692066801346754e-19
1787278739.2944818,twist +Z,fast,1787278713.1305244,-246.17903090615573,-186.30961851963536,1349.4886470908468,13.973221388971485,-18.463427317961354,2.9695371637181245e-19
1787278739.3056648,twist +Z,fast,1787278713.1305244,-246.55816745748825,-187.16086801043082,1350.0346387065865,14.037065100781394,-18.49186255931138,2.970452886137247e-19
1787278739.3166509,twist +Z,fast,1787278713.1305244,-247.45668469424118,-187.78082834955342,1349.8739052963256,14.083562126215572,-18.559251352067925,2.9684355478765807e-19
1787278739.3278658,twist +Z,fast,1787278713.1305244,-248.1484444790999,-185.84190907759182,1353.2663679728585,13.93814318081812,-18.611133335932195,2.970762201532982e-19
1787278739.3389647,twist +Z,fast,1787278713.1305244,-247.97120998808487,-185.05912296252075,1353.1463904624643,13.879434222188099,-18.597840749106027,2.9704592502766482e-19
1787278739.350029,twist +Z,fast,1787278713.1305244,-248.7427725204784,-186.16694953465787,1354.5057179557743,13.962521215098267,-18.6557079390356,2.968960388289694e-19
1787278739.3611193,twist +Z,fast,1787278713.1305244,-249.23486644477043,-187.52962637601365,1353.1475911222815,14.06472197819976,-18.692614983357707,2.9666591483715045e-19
1787278739.372267,twist +Z,fast,1787278713.1305244,-249.29614732004347,-187.02473831102623,1352.5112456467405,14.026855373325805,-18.697211049002973,2.965846803875329e-19
1787278739.3831701,twist +Z,fast,1787278713.1305244,-249.12070844934578,-185.6778896689176,1350.1235194032824,13.92584172516759,-18.68405313370073,2.961180468330428e-19
1787278739.3943906,twist +Z,fast,1787278713.1305244,-249.13442841556252,-184.7355005314331,1349.3648644293908,13.85516253985637,-18.685082131166993,2.9639336596024565e-19
1787278739.4056127,twist +Z,fast,1787278713.1305244,-250.5630045990506,-186.53814360919398,1351.2258028436308,13.990360770688529,-18.79222534492869,2.9682185210944953e-19
1787278739.4166148,twist +Z,fast,1787278713.1305244,-251.386056014087,-188.56333041772416,1352.9566216299181,14.142249781328093,-18.853954201056375,2.9779537246464786e-19
1787278739.4277008,twist +Z,fast,1787278713.1305244,-250.9820646354642,-189.14132934434394,1349.1329303350585,14.185599700824685,-18.823654847659576,2.9701658250086215e-19
1787278739.438776,twist +Z,fast,1787278713.1305244,-249.65744987602966,-187.3615152964104,1347.0204480853217,14.052113647229508,-18.724308740701957,2.9664683246244837e-19
1787278739.4499066,twist +Z,fast,1787278713.1305244,-247.85455942877297,-186.0781344562746,1349.726723374176,13.955860084219442,-18.589091957157642,2.964664157955074e-19
1787278739.460973,twist +Z,fast,1787278713.1305244,-247.64024782379647,-186.3031975677169,1353.2663092275734,13.972739817577438,-18.573018586784528,2.9702048362377767e-19
1787278739.4722204,twist +Z,fast,1787278713.1305244,-248.2655008970064,-187.630015652289,1358.542997719681,14.072251173920566,-18.61991256727522,2.9731527101859987e-19
1787278739.4832356,twist +Z,fast,1787278713.1305244,-248.7098710473615,-187.64611779403515,1353.8548749782249,14.073458834551563,-18.653240328551973,2.9688627095775213e-19
1787278739.4942844,twist +Z,fast,1787278713.1305244,-249.29305827379585,-187.06521792730098,1355.6025220375277,14.029891344546332,-18.696979370534613,2.966545625360261e-19
1787278739.5080094,twist +Z,fast,1787278713.1305244,-248.67966944634327,-186.75108395579457,1353.6846610601615,14.006331296683474,-18.65097520847572,2.965911070129359e-19
1787278739.5164971,twist +Z,fast,1787278713.1305244,-248.12565442472214,-186.8230825419986,1354.3181126584795,14.011731190648721,-18.609424081853994,2.964752774452032e-19
1787278739.527585,twist +Z,fast,1787278713.1305244,-246.4870456303729,-186.98208224174311,1347.7137769840056,14.023656168129566,-18.486528422277864,2.963192659175914e-19
1787278739.5406284,twist +Z,fast,1787278713.1305244,-247.52829659747886,-187.9762348242283,1347.0911967063375,14.098217611816143,-18.56462224481092,2.9628451222605016e-19
1787278739.5498197,twist +Z,fast,1787278713.1305244,-248.27214234295798,-188.04661236729305,1349.2528779742834,14.103495927545982,-18.62041067572182,2.970024774794696e-19
1787278739.5608952,twist +Z,fast,1787278713.1305244,-249.34034074181955,-189.13407277394901,1353.0929404799963,14.185055458045259,-18.700525555636382,2.974474125136637e-19
1787278739.5733266,twist +Z,fast,1787278713.1305244,-247.6570566568339,-187.47480702417022,1350.0048923924414,14.060610526811406,-18.57427924926244,2.973696643660164e-19
1787278739.5831366,twist +Z,fast,1787278713.1305244,-247.05616975061776,-187.3873131881552,1348.1276719845255,14.054048489110361,-18.529212731296255,2.971413909992928e-19
1787278739.5941708,twist +Z,fast,1787278713.1305244,-247.65529809250484,-186.44200399503677,1347.148119335353,13.983150299626391,-18.574147356937438,2.969863144336056e-19
1787278739.6069536,twist +Z,fast,1787278713.1305244,-248.5787038651074,-186.1252739084042,1349.026683580959,13.95939554312918,-18.64340278988268,2.9642617572550704e-19
1787278739.6164737,twist +Z,fast,1787278713.1305244,-248.6020797899214,-187.42967334908633,1348.4386194535737,14.057225501180273,-18.645155984243942,2.9626651011590553e-19
1787278739.6275327,twist +Z,fast,1787278713.1305244,-247.0162680629296,-187.99765925970257,1345.6172678641078,14.0998244444765,-18.526220104719314,2.9595457336354984e-19
1787278739.639285,twist +Z,fast,1787278713.1305244,-246.77367261364316,-188.55849685505234,1346.566721424796,14.141887264127607,-18.50802544602307,2.9654217230747885e-19
1787278739.6495376,twist +Z,fast,1787278713.1305244,-245.82070623530353,-187.26950616399097,1346.7760017913906,14.045212962298056,-18.436552967647557,2.964442873513973e-19
1787278739.6606393,twist +Z,fast,1787278713.1305244,-247.16969069700963,-186.58911890093134,1350.3144993633514,13.994183917568808,-18.53772680227557,2.9665175672826225e-19
1787278739.6734817,twist +Z,fast,1787278713.1305244,-248.56061463984543,-187.45215383674406,1354.934005944454,14.058911537754813,-18.642046097988292,2.9722240168928863e-19
1787278739.6829884,twist +Z,fast,1787278713.1305244,-249.3741590014365,-187.87100685198754,1353.2921796921883,14.090325513898012,-18.703061925107782,2.9735728701636807e-19
1787278739.6942816,twist +Z,fast,1787278713.1305244,-248.48790125977166,-189.08222471617285,1350.142156947989,14.181166853711705,-18.636592594482686,2.9757435944795513e-19
1787278739.707904,twist +Z,fast,1787278713.1305244,-247.5037604643444,-189.00552148049894,1346.7527206151508,14.175414111036421,-18.5627820348257,2.9700553532575144e-19
1787278739.7163343,twist +Z,fast,1787278713.1305244,-248.08552768833988,-188.27341705767356,1350.3215689052258,14.120506279324292,-18.60641457662539,2.9703451849609765e-19
1787278739.7274358,twist +Z,fast,1787278713.1305244,-247.96784547637844,-187.63077227295514,1353.0110549985848,14.072307920470369,-18.5975884107282,2.967929548954252e-19
1787278739.740606,twist +Z,fast,1787278713.1305244,-247.6133808488371,-187.64936729844055,1350.3939886967373,14.073702547381775,-18.571003563662586,2.967533398896472e-19
1787278739.749548,twist +Z,fast,1787278713.1305244,-246.8915704051592,-188.19700686857493,1350.5597545850587,14.114775515141975,-18.516867780386747,2.965034790962196e-19
1787278739.7607198,twist +Z,fast,1787278713.1305244,-246.3966555529919,-186.41885293442385,1351.0612225870382,13.981413970080713,-18.479749166474242,2.9642349191655916e-19
1787278739.7733111,twist +Z,fast,1787278713.1305244,-246.90091732783867,-185.44119695469806,1352.2552545620356,13.9080897716014,-18.517568799587757,2.9623197960716366e-19
1787278739.782981,twist +Z,fast,1787278713.1305244,-247.28580055215616,-186.22565777619172,1349.0204849766806,13.966924333213402,-18.546435041411407,2.969061179375895e-19
1787278739.7939913,twist +Z,fast,1787278713.1305244,-249.38156645204026,-188.3890293956971,1351.1349283306854,14.129177204676242,-18.703617483902896,2.9727465928518225e-19
1787278739.8075597,twist +Z,fast,1787278713.1305244,-249.01981680254312,-188.25047017807913,1349.2257562119403,14.11878526335494,-18.676486260190472,2.974573649653264e-19
1787278739.8163195,twist +Z,fast,1787278713.1305244,-249.05501184986633,-187.8517044269057,1352.7759947853547,14.088877832016767,-18.679125888739925,2.9702967041447947e-19
1787278739.827326,twist +Z,fast,1787278713.1305244,-248.25635491260027,-187.50687086230698,1351.1856555963795,14.06301531467189,-18.619226618444806,2.9690128846005495e-19
1787278739.8404217,twist +Z,fast,1787278713.1305244,-248.05352639664534,-187.79601909471955,1351.4465114287386,14.084701432102722,-18.604014479748322,2.969705309485608e-19
1787278739.8495638,twist +Z,fast,1787278713.1305244,-248.33559723848566,-187.3710555217816,1348.3449062875688,14.052829164132664,-18.62516979288629,2.967693677958246e-19
1787278739.86055,twist +Z,fast,1787278713.1305244,-247.8938542888186,-187.69872804132922,1346.3989094267645,14.07740460309866,-18.59203907166127,2.9650443494199927e-19
1787278739.8740876,twist +Z,fast,1787278713.1305244,-247.56929030897254,-188.28741147151675,1348.9645839342493,14.121555860362722,-18.567696773172706,2.9672157440208075e-19
1787278739.882775,twist +Z,fast,1787278713.1305244,-247.12852209274251,-188.21488553383494,1350.529423907702,14.116116415036661,-18.534639156955485,2.9683233862600944e-19
1787278739.8937974,twist +Z,fast,1787278713.1305244,-246.79970644285504,-187.6015634680315,1350.7391686878027,14.070117260101018,-18.509977983213908,2.969814303152372e-19
1787278739.906878,twist +Z,fast,1787278713.1305244,-246.61434054830397,-187.4034156348613,1347.8469577510486,14.055256172613472,-18.496075541122742,2.964809901813805e-19
1787278739.9161863,twist +Z,fast,1787278713.1305244,-246.44468401135555,-187.00523796291907,1347.5893844730208,14.025392847217947,-18.483351300851652,2.964688616099294e-19
1787278739.9272692,twist +Z,fast,1787278713.1305244,-246.84298555123542,-186.693550279865,1349.1977782869262,14.00201627098875,-18.513223916342398,2.965066841288178e-19
1787278739.940368,twist +Z,fast,1787278713.1305244,-247.81252006310524,-187.70942992861853,1349.9882507637967,14.078207244645444,-18.58593900473248,2.9666520517198715e-19
1787278739.949495,twist +Z,fast,1787278713.1305244,-248.46031861408164,-188.0566766536491,1352.3634556918978,14.104250749022672,-18.63452389605581,2.969636355406008e-19
1787278739.960599,twist +Z,fast,1787278713.1305244,-248.57182030966715,-187.34660727718244,1354.4885365815253,14.05099554578732,-18.642886523224753,2.973063058326956e-19
1787278739.9719734,resting,fast,1787278739.9715214,-249.31242237847664,-186.44086901369212,1357.9658570163529,13.983065176025821,-18.69843167838566,2.9768811815532912e-19
1787278739.9827735,resting,fast,1787278739.9715214,-247.04515294739622,-184.74760576809706,1349.8300570799938,13.856070432606007,-18.528386471054354,2.971330123978649e-19
1787278739.9938123,resting,fast,1787278739.9715214,-246.58439003600733,-185.98648697863894,1344.845903840077,13.948986523396801,-18.493829252700273,2.9665928067305304e-19
1787278740.0066822,resting,fast,1787278739.9715214,-245.1907578293135,-186.99780401769374,1343.0545930783237,14.02483530132594,-18.389306837198326,2.9636685894501716e-19
1787278740.0161464,resting,fast,1787278739.9715214,-247.90547445292168,-187.99606405708266,1349.1053728834804,14.099704804279956,-18.592910583969186,2.972965176432011e-19
1787278740.0272462,resting,fast,1787278739.9715214,-247.62677349399155,-186.9167168847158,1347.2868100924106,14.018753766352535,-18.572008012049118,2.971931702972825e-19
1787278740.0396771,resting,fast,1787278739.9715214,-248.76172031814303,-186.0149454692861,1347.902196571108,13.951120910195105,-18.657129023860826,2.9728678514662996e-19
1787278740.0493488,resting,fast,1787278739.9715214,-248.7819417094447,-186.68747199041093,1348.4231653971865,14.001560399279558,-18.658645628208106,2.966203977557331e-19
1787278740.060452,resting,fast,1787278739.9715214,-249.3956985476293,-187.3120874708469,1351.9768486728035,14.04840656031232,-18.70467739107194,2.9701764018882215e-19
1787278740.0730615,resting,fast,1787278739.9715214,-249.2527013369986,-186.91344623166503,1353.1998590768499,14.018508467373895,-18.693952600274706,2.970061078723034e-19
1787278740.0826879,resting,fast,1787278739.9715214,-247.39074867263798,-186.2288022810859,1351.8798183049666,13.967160171080312,-18.554306150447722,2.9696546375424663e-19
1787278740.0937629,resting,fast,1787278739.9715214,-246.86233647480776,-186.59650365660252,1349.0373371017968,13.994737774244118,-18.51467523561051,2.9674851432717576e-19
1787278740.1058228,resting,fast,1787278739.9715214,-246.96104199401316,-187.7822691831717,1348.753283791556,14.083670188736523,-18.522078149550715,2.9697914921259156e-19
1787278740.1160686,resting,fast,1787278739.9715214,-246.646012292234,-187.46596626227313,1345.116794213679,14.059947469669314,-18.498450921917325,2.9689847958930057e-19
1787278740.127102,resting,fast,1787278739.9715214,-247.5120111417441,-188.04427620517788,1350.831384221733,14.103320715387259,-18.56340083563041,2.971027253166628e-19
1787278740.1390784,resting,fast,1787278739.9715214,-247.92025116802733,-188.11891439099725,1350.9585058124694,14.108918579323703,-18.594018837601887,2.97141343436665e-19
1787278740.1493194,resting,fast,1787278739.9715214,-248.87755990235064,-189.60566620249222,1351.9913894404717,14.220424965185547,-18.665816992676035,2.9745802530012436e-19
1787278740.1603491,resting,fast,1787278739.9715214,-248.5073985607828,-190.01133907996075,1348.4376284606014,14.250850430995772,-18.638054892058577,2.974263898435181e-19
1787278740.1720986,resting,fast,1787278739.9715214,-248.53831526179556,-190.46966024699088,1350.1250518064708,14.285224518523297,-18.64037364463443,2.97556242641327e-19
1787278740.1825435,resting,fast,1787278739.9715214,-248.19735669609372,-190.78028610911963,1346.6236353727409,14.308521458182884,-18.614801752206837,2.970694509564917e-19
1787278740.1935654,resting,fast,1787278739.9715214,-247.92374916892322,-190.79750706041057,1348.4816840056255,14.309813029529455,-18.594281187669118,2.970705316309722e-19
1787278740.2054317,resting,fast,1787278739.9715214,-245.74293271248052,-188.33221220759253,1340.9586879093958,14.124915915568085,-18.430719953435805,2.9596498377439415e-19
1787278740.21592,resting,fast,1787278739.9715214,-244.8451851113373,-187.0248508019555,1344.0069596587791,14.026863810145588,-18.363388883350176,2.9621997838727374e-19
1787278740.226962,resting,fast,1787278739.9715214,-244.27589083825978,-185.58325905988443,1342.0243912192245,13.91874442949015,-18.320691812869384,2.9603402423880284e-19
1787278740.2381582,resting,fast,1787278739.9715214,-245.61341453072555,-188.05272328433773,1343.9535894871215,14.103954246324239,-18.421006089804322,2.966564272760995e-19
1787278740.249245,resting,fast,1787278739.9715214,-245.91082875409256,-187.56086286012453,1342.0791798149212,14.067064714508266,-18.4433121565568,2.9639442755372907e-19
1787278740.2603378,resting,fast,1787278739.9715214,-246.07913996669822,-186.42314132693457,1341.0494504417284,13.981735599518775,-18.455935497502075,2.9640667871012e-19
1787278740.2713115,resting,fast,1787278739.9715214,-244.1154225029136,-183.29552408366033,1340.7088328172222,13.747164306273323,-18.308656687718297,2.9611435093889153e-19
1787278740.2825272,resting,fast,1787278739.9715214,-244.35440978528777,-183.6039611690852,1340.3340251874824,13.770297087680266,-18.32658073389625,2.9635179784266157e-19
1787278740.293583,resting,fast,1787278739.9715214,-244.77494730860644,-185.22638309625256,1340.4434469512662,13.891978732217954,-18.358121048145463,2.9621625688558394e-19
1787278740.3046923,resting,fast,1787278739.9715214,-246.3893880354176,-187.34698937505584,1343.2816842164148,14.051024203128154,-18.47920410265621,2.96695254199433e-19
1787278740.3158588,resting,fast,1787278739.9715214,-246.01857560902818,-186.83031719477265,1342.75141893622,14.01227378960667,-18.451393170677,2.9609133533857805e-19
1787278740.3268187,resting,fast,1787278739.9715214,-247.05980950489584,-188.3750749217769,1347.5956497958841,14.128130619132282,-18.529485712866908,2.966699645524905e-19
1787278740.337899,resting,fast,1787278739.9715214,-247.5825405155715,-188.29881724023323,1347.0159482178306,14.122411293016444,-18.568690538667447,2.9675650833619756e-19
1787278740.3491209,resting,fast,1787278739.9715214,-248.06523725369107,-189.78393147784402,1347.7098756341156,14.233794860837268,-18.604892794026618,2.972554466096745e-19
1787278740.360172,resting,fast,1787278739.9715214,-247.1088857125501,-187.31945987191864,1341.9812283282654,14.048959490392935,-18.533166428441227,2.966220845889995e-19
1787278740.3712754,resting,fast,1787278739.9715214,-246.7490737953426,-187.478618045379,1341.6376820505584,14.060896353402118,-18.506180534650547,2.9634699695337228e-19
1787278740.3821507,resting,fast,1787278739.9715214,-246.99732956333037,-186.3227009979247,1344.1555778389165,13.974202574843108,-18.524799717249707,2.9655345841630286e-19
1787278740.3934143,resting,fast,1787278739.9715214,-247.18852244125128,-186.9797602939317,1345.7799151264198,14.023482022043613,-18.53913918309346,2.9656998322947797e-19
1787278740.4045181,resting,fast,1787278739.9715214,-247.35715557415142,-186.61729840576925,1347.1121006758103,13.99629738043139,-18.55178666806121,2.9651685117107967e-19
1787278740.41548,resting,fast,1787278739.9715214,-246.1219556091014,-185.73511731600217,1346.61991846611,13.93013379869905,-18.459146670682394,2.961249571152569e-19
1787278740.4267044,resting,fast,1787278739.9715214,-246.16757779234786,-185.9127814219329,1347.5157064293098,13.94345860664382,-18.46256833442591,2.9657231898030895e-19
1787278740.4378214,resting,fast,1787278739.9715214,-245.3113951653072,-185.16075656527812,1346.2213189668464,13.887056742394552,-18.3983546373979,2.965729246144887e-19
1787278740.4489346,resting,fast,1787278739.9715214,-246.73349825641208,-186.68417447831382,1343.9471570013457,14.001313085872173,-18.50501236923074,2.9655889678819884e-19
1787278740.4599864,resting,fast,1787278739.9715214,-247.79464888717257,-187.69929943429736,1346.1297400690737,14.077447457570901,-18.58459866653787,2.9653883578314213e-19
1787278740.471464,resting,fast,1787278739.9715214,-248.01134877773666,-189.38951996581966,1346.2144368896816,14.204213997435179,-18.600851158330144,2.965564248588478e-19
1787278740.482332,resting,fast,1787278739.9715214,-247.29528063689804,-188.67747169763072,1348.3280910767562,14.150810377321168,-18.54714604776722,2.9646269350172323e-19
1787278740.4934,resting,fast,1787278739.9715214,-246.61070998707555,-187.3919702610109,1345.4132944178864,14.054397769574681,-18.495803249030374,2.962088313723355e-19
1787278740.5044615,resting,fast,1787278739.9715214,-246.8896697538671,-185.71020332734258,1345.3388317002564,13.92826524954933,-18.51672523153971,2.9598481323015645e-19
1787278740.5155256,resting,fast,1787278739.9715214,-247.24429590069713,-185.8859231363923,1345.9017539917522,13.941444235228193,-18.543322192552218,2.9611687943665133e-19
1787278740.5265691,resting,fast,1787278739.9715214,-246.72270665231326,-185.7261358501388,1346.697738609032,13.929460188759368,-18.504202998923247,2.9607656410782437e-19
1787278740.5377874,resting,fast,1787278739.9715214,-247.18033640076783,-187.38432947934882,1346.7675944340435,14.053824710950028,-18.538525230057573,2.9637974407859346e-19
1787278740.5489862,resting,fast,1787278739.9715214,-247.10817622384866,-186.53695000464984,1343.7548409879282,13.990271250347579,-18.533113216788365,2.9639422365311825e-19
1787278740.560008,resting,fast,1787278739.9715214,-247.22936624872136,-186.36754319345562,1343.1938252870177,13.977565739508012,-18.542202468653763,2.9635132577179934e-19
1787278740.5711632,resting,fast,1787278739.9715214,-246.00082975597752,-185.07729186245467,1341.2005273921468,13.880796889682731,-18.450062231698176,2.9616873689224064e-19
1787278740.5821755,resting,fast,1787278739.9715214,-245.5934212671914,-185.6194977813401,1345.4409117438472,13.921462333599326,-18.419506595039003,2.9657133877237696e-19
1787278740.5932195,resting,fast,1787278739.9715214,-246.56227460168748,-187.04871930950856,1348.1518870992213,14.028653948211943,-18.492170595126154,2.967985449877527e-19
1787278740.6043677,resting,fast,1787278739.9715214,-247.43097109083055,-186.99522716976992,1347.7340238638417,14.024642037731656,-18.5573228318123,2.967751035575737e-19
1787278740.615698,resting,fast,1787278739.9715214,-246.75038309833917,-187.4957792587794,1341.7363874081284,14.062183444407385,-18.506278732375442,2.9600596556680713e-19
1787278740.6266818,resting,fast,1787278739.9715214,-246.1167348370568,-186.0455930746483,1346.0017122381878,13.95341948059755,-18.458755112779208,2.965353224934114e-19
1787278740.6382449,resting,fast,1787278739.9715214,-245.3233417868637,-185.12178644859466,1347.910043700148,13.88413398364344,-18.399250634014706,2.969218713250605e-19
1787278740.6484032,resting,fast,1787278739.9715214,-247.11953116047107,-184.25488781699994,1354.1969958423333,13.819116586273996,-18.53396483703515,2.9757055210667676e-19
1787278740.6593995,resting,fast,1787278739.9715214,-247.69943994969117,-186.0235959206442,1353.4850207659501,13.951769694047062,-18.57745799622652,2.971136595982235e-19
1787278740.6706276,resting,fast,1787278739.9715214,-248.96114263266236,-188.76806429571263,1356.861424991429,14.15760482217738,-18.672085697449482,2.970966512117614e-19
1787278740.6820915,resting,fast,1787278739.9715214,-247.47441301940444,-190.11481814815772,1351.400669096599,14.258611361110571,-18.560580976455093,2.9685110128416426e-19
1787278740.6932385,resting,fast,1787278739.9715214,-247.26185437439244,-188.40281180007457,1346.9993409229255,14.130210885004477,-18.544639078079364,2.970054574462274e-19
1787278740.7043226,resting,fast,1787278739.9715214,-247.24476010406352,-187.3087145361111,1343.6508534542054,14.048153590207097,-18.54335700780485,2.9684873339464754e-19
1787278740.715485,resting,fast,1787278739.9715214,-247.9240967274677,-187.2718427941312,1344.3795502490875,14.045388209558585,-18.594307254559865,2.96941126738351e-19
1787278740.7265408,resting,fast,1787278739.9715214,-247.83205361323462,-187.9195070659556,1344.6137737711952,14.093963029945304,-18.587404020992217,2.968115262697844e-19
1787278740.737622,resting,fast,1787278739.9715214,-247.11754889578197,-186.5797828727667,1344.9623892686768,13.993483715456197,-18.53381616718346,2.9684194127895426e-19
1787278740.748634,resting,fast,1787278739.9715214,-245.8867601778761,-186.05857031891458,1346.0072371468896,13.954392773917352,-18.441507013340505,2.965483654936647e-19
1787278740.7598534,resting,fast,1787278739.9715214,-244.83952743721557,-186.3687847398677,1341.1554052761867,13.977658855488958,-18.362964557791067,2.963594834021514e-19
1787278740.770891,resting,fast,1787278739.9715214,-244.32710110858216,-186.03977218422563,1340.229181245969,13.952982913815749,-18.324532583143572,2.9617388589165793e-19
1787278740.7819226,resting,fast,1787278739.9715214,-245.78347614974746,-185.50449856700732,1340.6790669385418,13.912837392524128,-18.433760711231017,2.9651692924918076e-19
1787278740.7930312,resting,fast,1787278739.9715214,-245.58126281598334,-183.42404243111025,1345.6948154971078,13.756803182332039,-18.41859471119858,2.967174793620564e-19
1787278740.804269,resting,fast,1787278739.9715214,-245.13043226657874,-183.70671115554512,1342.2862494596893,13.778003336664558,-18.384782419993122,2.968462043066871e-19
1787278740.8152769,resting,fast,1787278739.9715214,-245.48516823574255,-184.65932938927438,1341.0220112977086,13.849449704194374,-18.41138761768068,2.9662506858794296e-19
1787278740.826366,resting,fast,1787278739.9715214,-246.39933595832144,-186.28904440599638,1338.997451858454,13.971678330448643,-18.479950196873965,2.963928233530982e-19
1787278740.8375535,resting,fast,1787278739.9715214,-247.81288486023323,-186.88270108895756,1344.652536917064,14.016202581670687,-18.585966364517375,2.964487803293904e-19
1787278740.8485792,resting,fast,1787278739.9715214,-247.13310066080294,-186.92299947153526,1344.5681501620156,14.019224960363974,-18.534982549559963,2.9653036476573396e-19
1787278740.8596015,resting,fast,1787278739.9715214,-246.5940957989419,-186.94918283813388,1343.3153232366703,14.021188712858805,-18.49455718492051,2.966224716451245e-19
1787278740.8708508,resting,fast,1787278739.9715214,-246.46743101134916,-188.57731200647038,1341.7513550853773,14.143298400484216,-18.485057325850974,2.9675125958547076e-19
1787278740.88191,resting,fast,1787278739.9715214,-246.8176219586453,-188.56390142852717,1343.0183826806124,14.14229260713832,-18.511321646898182,2.970771489043884e-19
1787278740.893037,resting,fast,1787278739.9715214,-247.55199924708404,-189.46176217226764,1346.9696524721285,14.209632162918727,-18.566399943531174,2.9752764023329827e-19
1787278740.9041631,resting,fast,1787278739.9715214,-247.48044784491003,-187.848665755375,1348.2691384695272,14.088649931651819,-18.561033588368275,2.9741618357490715e-19
1787278740.9151978,resting,fast,1787278739.9715214,-248.72639674486845,-188.25426623013539,1349.8739864151748,14.119069967259296,-18.654479755865168,2.974458478215243e-19
1787278740.9263508,resting,fast,1787278739.9715214,-248.4361182313237,-186.75444378896634,1346.1493442612418,14.006583284171516,-18.632708867348853,2.965954004991911e-19
1787278740.9373791,resting,fast,1787278739.9715214,-248.58673538549874,-187.7755246675398,1346.165184674247,14.08316435006417,-18.644005153912374,2.965149032322442e-19
1787278740.9485052,resting,fast,1787278739.9715214,-246.61436330154766,-186.7980013187697,1344.2056895264877,14.009850098906487,-18.49607724761581,2.95852496838877e-19
1787278740.9596393,resting,fast,1787278739.9715214,-246.21894049401226,-186.7668841311446,1345.8038753166848,14.00751630983449,-18.466420537050745,2.9600002206270734e-19
1787278740.9707708,resting,fast,1787278739.9715214,-245.56097178109894,-184.8081119036509,1344.298053406027,13.860608392772878,-18.417072883582343,2.959951247937713e-19
1787278740.9817708,resting,fast,1787278739.9715214,-246.18459387328357,-184.8812361983363,1347.3677544285483,13.866092714874018,-18.46384454049616,2.96586312055673e-19
1787278740.9929702,resting,fast,1787278739.9715214,-246.30524016689515,-185.5478622781426,1345.7354765680348,13.916089670859709,-18.472893012516877,2.966162092187385e-19
1787278741.0039487,resting,fast,1787278739.9715214,-247.77078733295411,-186.46061674481223,1350.9907819641603,13.984546255859815,-18.58280904997134,2.9686179981048863e-19
1787278741.0150921,resting,fast,1787278739.9715214,-248.43065962459195,-187.48714631481528,1348.5798407876619,14.061535973609839,-18.63229947184432,2.9670380649315864e-19
1787278741.0262043,resting,fast,1787278739.9715214,-248.7135576995247,-186.91728868099915,1349.7612769815596,14.018796651073774,-18.653516827464117,2.971189370707944e-19
1787278741.0374424,resting,fast,1787278739.9715214,-247.80308208539418,-187.65917512224348,1345.8006248139,14.074438134167014,-18.58523115640451,2.9718664385597584e-19
1787278741.0484009,resting,fast,1787278739.9715214,-245.83728699270932,-186.67530357161115,1344.614280702387,14.000647767869754,-18.437796524453013,2.967636577415641e-19
1787278741.0595038,resting,fast,1787278739.9715214,-244.9785481001586,-187.26130346557431,1342.8725129701606,14.044597759916915,-18.373391107511914,2.9635149029137175e-19
1787278741.070605,resting,fast,1787278739.9715214,-244.94270958727475,-186.97314319763393,1341.644336384762,14.022985739821525,-18.370703219045403,2.9600794400853164e-19
1787278741.0817196,resting,fast,1787278739.9715214,-244.7247398978402,-185.35707473751347,1343.993507282482,13.901780605312485,-18.354355492337902,2.9618040267787854e-19
1787278741.09287,resting,fast,1787278739.9715214,-245.64831445679602,-184.73832032752046,1346.7362299971037,13.855374024562881,-18.42362358425953,2.9646237015535423e-19
1787278741.1038961,resting,fast,1787278739.9715214,-246.08055385620492,-184.5264308377831,1347.4077419692376,13.83948231283279,-18.45604153921522,2.9647027621976916e-19
1787278741.114973,resting,fast,1787278739.9715214,-247.17134745023895,-186.1244816224713,1346.04979784037,13.959336121684064,-18.53785105876794,2.9653671559322504e-19
1787278741.1261063,resting,fast,1787278739.9715214,-246.35237812325386,-185.5892312610339,1345.3155089245129,13.919192344576292,-18.47642835924394,2.96359804566815e-19
1787278741.1372306,resting,fast,1787278739.9715214,-246.081363405488,-186.6263020907321,1343.4615513111503,13.996972656803894,-18.45610225541158,2.963659431840259e-19
1787278741.1483667,resting,fast,1787278739.9715214,-246.64568812257176,-187.4575365532063,1343.6652665098545,14.059315241489148,-18.498426609192784,2.965576132762384e-19
1787278741.1594725,resting,fast,1787278739.9715214,-246.55400101511668,-187.56849309424445,1342.6300376161826,14.067636982067217,-18.491550076133755,2.964786725184591e-19
1787278741.1705036,resting,fast,1787278739.9715214,-246.12524740870094,-186.38077920964872,1345.1757601707932,13.978558440722626,-18.459393555652234,2.965298827920061e-19
1787278741.181091,resting,fast,1787278739.9715214,-247.61978932722423,-186.099420156189,1349.157099750094,13.957456511712966,-18.571484199541494,2.9687379459949277e-19
1787278741.1922345,resting,fast,1787278739.9715214,-248.56145651845463,-186.5264605798119,1348.957934967063,13.989484543484824,-18.64210923888409,2.9708271923671375e-19
1787278741.2034574,resting,fast,1787278739.9715214,-249.13566989983747,-187.91114489209906,1348.5321315462652,14.093335866906376,-18.685175242487546,2.9706296897369856e-19
1787278741.2148473,resting,fast,1787278739.9715214,-248.340938331105,-186.9479013986346,1348.379699733422,14.021092604896527,-18.62557037483264,2.964217770136394e-19
1787278741.2260778,resting,fast,1787278739.9715214,-248.16205679490167,-187.89245396860304,1352.198226330679,14.09193404764395,-18.61215425961742,2.965556311760763e-19
1787278741.237271,resting,fast,1787278739.9715214,-247.75940704418326,-186.8264456095111,1350.5232561454513,14.011983420712202,-18.581955528313394,2.966248676596406e-19
1787278741.2482922,resting,fast,1787278739.9715214,-247.43276169607498,-185.96524135923994,1346.415616789257,13.947393101941802,-18.557457127205474,2.967549700513266e-19
1787278741.2594445,resting,fast,1787278739.9715214,-247.90319290653906,-185.02847066836705,1343.3619312428937,13.8771353001266,-18.592739467990228,2.9646065196551396e-19
1787278741.2705693,resting,fast,1787278739.9715214,-247.86730253334235,-184.49224495916962,1342.6555340918867,13.83691837193631,-18.590047690000382,2.9643762514047304e-19
1787278741.281554,resting,fast,1787278739.9715214,-248.9786198719571,-186.40865998807192,1349.5514167539686,13.98064949910452,-18.673396490396627,2.970224048049102e-19
1787278741.2927296,resting,fast,1787278739.9715214,-249.31553152837432,-186.70322703941326,1352.2839095505724,14.002742027954572,-18.698664864627773,2.971272466497144e-19
1787278741.3039,resting,fast,1787278739.9715214,-250.0251773002724,-187.20276217097455,1352.389422068206,14.040207162821975,-18.75188829752023,2.968702164053145e-19
1787278741.3149056,resting,fast,1787278739.9715214,-249.55557927422296,-187.52838449555804,1348.487557500458,14.064628837165646,-18.716668445566604,2.9656542536116347e-19
1787278741.326026,resting,fast,1787278739.9715214,-249.24999717177843,-187.9765640791303,1346.7644890186139,14.098242305933528,-18.693749787883227,2.9682510052454896e-19
1787278741.3370407,resting,fast,1787278739.9715214,-248.11780543386476,-187.62639271474688,1346.850949201641,14.071979453604872,-18.608835407539935,2.971450952584785e-19
1787278741.348071,resting,fast,1787278739.9715214,-247.84659928693281,-186.85025360651332,1348.9992583862904,14.013769020487448,-18.58849494651988,2.9728100416587813e-19
1787278741.3592334,resting,fast,1787278739.9715214,-247.8191334980561,-187.1631026133358,1348.746270071283,14.037232695999098,-18.58643501235428,2.9701133025117266e-19
1787278741.3703053,resting,fast,1787278739.9715214,-248.41199505745362,-188.49993285627977,1350.0774726447971,14.137494964219915,-18.63089962930878,2.9688858024709896e-19
1787278741.381623,resting,fast,1787278739.9715214,-249.6429980087064,-190.8408613697692,1350.9549610457734,14.31306460273139,-18.723224850652777,2.969959372149167e-19
1787278741.3926098,resting,fast,1787278739.9715214,-249.3309709661312,-190.5215613181623,1350.2528605005054,14.289117098860945,-18.699822822459517,2.9720594822675257e-19
1787278741.4036903,resting,fast,1787278739.9715214,-249.6774216448489,-189.20415435474308,1351.9058353534465,14.190311576604575,-18.725806623363333,2.972586387808137e-19
1787278741.414928,resting,fast,1787278739.9715214,-248.67926051055065,-187.87571837477515,1351.6074140765768,14.090678878106846,-18.65094453829124,2.966685283975151e-19
1787278741.425921,resting,fast,1787278739.9715214,-249.37066013518006,-188.5197728592708,1353.0661288032434,14.138982964444143,-18.702799510138384,2.9684650002374735e-19
1787278741.436985,resting,fast,1787278739.9715214,-249.2547929525249,-188.5686453842535,1350.623744238147,14.14264840381789,-18.694109471439198,2.9648178803663547e-19
1787278741.447965,resting,fast,1787278739.9715214,-248.7712036146063,-189.1694222932955,1348.0247215184909,14.187706671996015,-18.657840271095345,2.9657615456235204e-19
1787278741.4592137,resting,fast,1787278739.9715214,-247.53440641411316,-187.66329455861467,1346.8095833656726,14.074747091894952,-18.565080481058388,2.9618739448012023e-19
1787278741.470238,resting,fast,1787278739.9715214,-248.53759846479488,-188.29072406580315,1353.060236102593,14.12180430493412,-18.64031988485946,2.970433086064801e-19
1787278741.481387,resting,fast,1787278739.9715214,-249.38091587682766,-187.13043688465484,1354.839679754411,14.034782766347906,-18.703568690761813,2.9742587381415557e-19
1787278741.4925096,resting,fast,1787278739.9715214,-249.9301333981216,-187.735431842009,1356.1086982023216,14.08015738814952,-18.744760004859025,2.97353103419934e-19
1787278741.5035238,resting,fast,1787278739.9715214,-249.30458775170382,-187.01067393791584,1353.700929534164,14.025800545342396,-18.697844081377575,2.9678470283251e-19
1787278741.5146224,resting,fast,1787278739.9715214,-248.53841040703583,-186.44347125644197,1348.5572294486856,13.983260344232054,-18.64038078052755,2.9618380488132574e-19
1787278741.525781,resting,fast,1787278739.9715214,-249.06421917006764,-187.07493522571133,1348.8498101787745,14.030620141927347,-18.679816437754923,2.965252745721054e-19
1787278741.5368092,resting,fast,1787278739.9715214,-248.21849285689723,-186.62750721787017,1348.2826209237091,13.99706304133925,-18.6163869642672,2.9646422839366453e-19
1787278741.547905,resting,fast,1787278739.9715214,-248.72999978187136,-186.90169457242916,1354.5828345546224,14.017627092930955,-18.654749983640308,2.970642765938967e-19
1787278741.559065,resting,fast,1787278739.9715214,-249.0284804288899,-186.3147168452034,1354.7067139980818,13.973603763389097,-18.677136032166416,2.970640272956895e-19
1787278741.570113,resting,fast,1787278739.9715214,-249.1469452772285,-187.24074606801503,1350.5341897878852,14.043055955099891,-18.686020895792197,2.969394389249226e-19
1787278741.5815568,resting,fast,1787278739.9715214,-248.16935808677454,-187.40114934571432,1346.1896600621521,14.055086200927509,-18.612701856507933,2.9662111488874753e-19
1787278741.592415,resting,fast,1787278739.9715214,-247.68093531223485,-186.83062348044712,1346.3661081216005,14.01229676103225,-18.576070148417408,2.9672687835507194e-19
1787278741.6035695,resting,fast,1787278739.9715214,-248.32292420442946,-187.18379676878897,1349.6781411604961,14.03878475765811,-18.624219315332248,2.9714865670576586e-19
1787278741.6143038,resting,fast,1787278739.9715214,-250.78434649657402,-186.30387693450405,1355.6453959516084,13.972790770086707,-18.808825987242855,2.973614007455099e-19
1787278741.625355,resting,fast,1787278739.9715214,-250.47923019842847,-185.86482078321058,1355.9695107703474,13.939861558739725,-18.785942264881974,2.9699703167026526e-19
1787278741.6365964,resting,fast,1787278739.9715214,-250.12187558481173,-184.57994686522545,1357.7455964296778,13.843496014890693,-18.759140668860567,2.9723278843880707e-19
1787278741.6477778,resting,fast,1787278739.9715214,-247.41011707414373,-184.8523381276815,1350.323721059497,13.863925359574939,-18.555758780560573,2.9680743843527026e-19
1787278741.659009,resting,fast,1787278739.9715214,-247.2593112464251,-185.12926707292024,1349.8339675156012,13.884695030468098,-18.54444834348184,2.967688631678179e-19
1787278741.6701853,resting,fast,1787278739.9715214,-245.84766611154055,-185.73241839340005,1346.2270051343012,13.929931379504058,-18.438574958365578,2.963772048204229e-19
1787278741.6807559,resting,fast,1787278739.9715214,-246.4454227701749,-187.23202565261965,1351.4322414694807,14.042401923945395,-18.483406707763173,2.9701421867405575e-19
1787278741.692341,resting,fast,1787278739.9715214,-245.9437667920397,-187.12465530440716,1349.2248060934953,14.034349147829236,-18.445782509402818,2.968865084827796e-19
1787278741.7033756,resting,fast,1787278739.9715214,-247.28883036439902,-187.85039337119258,1348.4366434781268,14.088779502838069,-18.546662277329794,2.966220426805981e-19
1787278741.7144127,resting,fast,1787278739.9715214,-246.15856611961635,-186.34191582509322,1343.916061097906,13.975643686880591,-18.461892458971143,2.9631556682748247e-19
1787278741.7256238,resting,fast,1787278739.9715214,-246.6195719548764,-186.27581388488932,1344.8846184599452,13.970686041365713,-18.49646789661557,2.965261098341894e-19
1787278741.7366197,resting,fast,1787278739.9715214,-247.32944270949383,-187.13258041775237,1349.4076668568896,14.034943531330516,-18.549708203211722,2.969127077383592e-19
1787278741.747857,resting,fast,1787278739.9715214,-248.4744997214143,-186.78610534060851,1353.7533268053403,14.008957900544704,-18.635587479106036,2.970975487466077e-19
1787278741.7589025,resting,fast,1787278739.9715214,-247.98536015524542,-186.716407094979,1352.5480049058397,14.003730532122407,-18.598902011643432,2.9676957094314125e-19
1787278741.7699513,resting,fast,1787278739.9715214,-246.07821667539656,-183.98567716438572,1347.315679991615,13.798925787327892,-18.455866250654474,2.9612532875693815e-19
1787278741.7811604,resting,fast,1787278739.9715214,-246.54571242280826,-186.31370954458941,1345.9280401257975,13.973528215842979,-18.490928431710486,2.9602611339791564e-19
1787278741.792241,resting,fast,1787278739.9715214,-246.03053706534638,-186.8549491621169,1342.7289068558794,14.01412118715766,-18.452290279900737,2.9568044931569183e-19
1787278741.8031993,resting,fast,1787278739.9715214,-247.86753626371183,-188.44164042300702,1347.0446385031655,14.133123031724427,-18.590065219778204,2.958282397847074e-19
1787278741.8144128,resting,fast,1787278739.9715214,-247.7974887616133,-186.74442050135156,1340.427584135753,14.005831537600304,-18.584811657120603,2.955078388108364e-19
1787278741.8254883,resting,fast,1787278739.9715214,-249.0702375929227,-186.39886987902912,1347.108714289333,13.979915240926136,-18.680267819468916,2.9623637943246726e-19
1787278741.836582,resting,fast,1787278739.9715214,-249.406318208858,-185.3458558645658,1347.8310842496585,13.900939189841484,-18.70547386566414,2.966102698414097e-19
1787278741.8477037,resting,fast,1787278739.9715214,-248.8001223835713,-185.95380261778644,1352.6450192321854,13.946535196332608,-18.6600091787677,2.967027109137983e-19
1787278741.8588886,resting,fast,1787278739.9715214,-249.0844743919165,-185.88510365203513,1353.1949256524267,13.941382773901598,-18.681335579393284,2.96971083757165e-19
1787278741.869817,resting,fast,1787278739.9715214,-249.19158121374176,-186.999710568777,1354.978695912624,14.024978292657085,-18.689368591030714,2.973250336122119e-19
1787278741.8809266,resting,fast,1787278739.9715214,-250.12829831766112,-186.96958762783095,1360.8037380810028,14.022719072086122,-18.759622373824392,2.978138335116886e-19
1787278741.8920484,resting,fast,1787278739.9715214,-249.5304407247554,-187.99649103247486,1356.6091434122309,14.099736827434459,-18.714783054356573,2.9731052018271297e-19
1787278741.903167,resting,fast,1787278739.9715214,-248.40087605741383,-188.05345397440726,1352.8890385533714,14.104009048079394,-18.630065704305963,2.967824284295897e-19
1787278741.9142857,resting,fast,1787278739.9715214,-247.7402569920646,-188.65822050840677,1346.842807180351,14.149366538129375,-18.580519274404587,2.961808599288728e-19
1787278741.927231,resting,fast,1787278739.9715214,-247.59231023994607,-188.16206146125967,1352.5228395478707,14.112154609593222,-18.569423267995774,2.9660896212837843e-19
1787278741.9365215,resting,fast,1787278739.9715214,-247.0206725186731,-187.3291034568423,1352.5393300299374,14.04968275926203,-18.526550438900422,2.965420088802679e-19
1787278741.9476326,resting,fast,1787278739.9715214,-247.38149896043478,-186.0379347817194,1355.4281976625562,13.952845108627773,-18.553612422032472,2.9712785882887877e-19
1787278741.9609423,resting,fast,1787278739.9715214,-247.63764129019773,-186.9742109749469,1350.583063222538,14.023065823119754,-18.57282309676473,2.967495023854224e-19
1787278741.9698613,resting,fast,1787278739.9715214,-248.61201631887843,-187.23658941090764,1350.5763004381379,14.042744205816891,-18.645901223915743,2.9708486115519684e-19
1787278741.980874,resting,fast,1787278739.9715214,-248.3347961042714,-188.08560106615948,1350.7867391414957,14.106420079961001,-18.625109707820194,2.970390567885195e-19
1787278741.99207,resting,fast,1787278739.9715214,-247.70920122277357,-187.09950073776747,1349.4764560774574,14.03246255533141,-18.578190091707846,2.9707740730838656e-19
1787278742.0024822,resting,fast,1787278739.9715214,-246.9937231484605,-187.83015356379462,1346.4168973543137,14.087261517283412,-18.524529236134477,2.969577907543232e-19
1787278742.0137408,resting,fast,1787278739.9715214,-246.82904898316292,-187.8641197786045,1345.2775885979,14.089808983394125,-18.512178673736926,2.965416278309306e-19
1787278742.0253255,resting,fast,1787278739.9715214,-247.66417660762772,-189.43315929094422,1347.0187990286367,14.207486946819603,-18.57481324557215,2.968603855585017e-19
1787278742.0364182,resting,fast,1787278739.9715214,-246.65201483085684,-187.37497682760466,1343.3306751940008,14.05312326206921,-18.49890111231427,2.96756037335055e-19
1787278742.0474117,resting,fast,1787278739.9715214,-246.21795197348865,-186.80023921254622,1341.3732738525441,14.010017940939907,-18.466346398011396,2.968373402126239e-19
1787278742.0587058,resting,fast,1787278739.9715214,-245.3392576220981,-184.3672332236887,1337.5916789296016,13.827542491775194,-18.40044432165722,2.960692453729274e-19
1787278742.069757,resting,fast,1787278739.9715214,-244.7298337692887,-185.35338458436684,1337.0695670053165,13.901503843826337,-18.35473753269661,2.9580046524426815e-19
1787278742.080821,resting,fast,1787278739.9715214,-245.0262252025418,-185.1538204242844,1335.8898984442703,13.886536531820102,-18.376966890190147,2.956291543679407e-19
1787278742.0918822,resting,fast,1787278739.9715214,-245.90948845766843,-185.77244045817326,1341.315270189064,13.93293303436187,-18.443211634325095,2.9612186606220615e-19
1787278742.1029956,resting,fast,1787278739.9715214,-247.28548132044352,-185.3345798154902,1344.6531118123212,13.900093486160774,-18.546411099033108,2.9635699884310237e-19
1787278742.1141405,resting,fast,1787278739.9715214,-247.93010962345897,-183.64832596408007,1347.9566124785024,13.773624447304929,-18.594758221759356,2.9661468685170933e-19
1787278742.1252325,resting,fast,1787278739.9715214,-248.18664868532187,-185.29374886519543,1348.738505489372,13.897031164888464,-18.613998651399136,2.9695895970400238e-19
1787278742.136294,resting,fast,1787278739.9715214,-248.85651584128527,-187.42851505163287,1351.1073383731118,14.057138628871545,-18.66423868809631,2.9739643188877476e-19
1787278742.1473994,resting,fast,1787278739.9715214,-248.2330823313373,-188.98236344585814,1350.7247882655383,14.173677258438222,-18.617481174850006,2.974356772828658e-19
1787278742.1585886,resting,fast,1787278739.9715214,-248.38828083825,-187.84060927412168,1348.6681263189248,14.08804569555787,-18.629121062868556,2.968717179892217e-19
1787278742.1696239,resting,fast,1787278739.9715214,-247.3856572361551,-187.90579851101177,1342.7735938532942,14.092934888324866,-18.553924292711656,2.963724255653248e-19
1787278742.1802025,resting,fast,1787278739.9715214,-247.27919400338624,-187.0746708564178,1343.0424733530099,14.030600314230032,-18.545939550253784,2.961025952944652e-19
1787278742.1914039,resting,fast,1787278739.9715214,-246.10160429725192,-186.72469341514386,1339.5712346995397,14.004352006134514,-18.457620322293828,2.9580660351705674e-19
1787278742.2024016,resting,fast,1787278739.9715214,-246.0420783177483,-183.90833766785943,1344.8214218363073,13.793125325088386,-18.45315587383093,2.9560178282416937e-19
1787278742.2135565,resting,fast,1787278739.9715214,-246.4555272351804,-184.59622746091293,1347.2475617876235,13.844717059567177,-18.48416454263822,2.959538077864374e-19
1787278742.2252078,resting,fast,1787278739.9715214,-247.03614846157916,-184.56254217253024,1352.69484788721,13.842190662938695,-18.527711134618286,2.9658841958125583e-19
1787278742.2361887,resting,fast,1787278739.9715214,-246.90645279155842,-185.0694933357414,1350.9775166522732,13.880212000179288,-18.51798395936681,2.9683565803099775e-19
1787278742.2473733,resting,fast,1787278739.9715214,-247.31747879656405,-185.68819840495587,1349.1820194531274,13.926614880370696,-18.548810909742116,2.9690440631501376e-19
1787278742.2584798,resting,fast,1787278739.9715214,-248.0733125045922,-186.53637984883392,1347.9412395193658,13.99022848866176,-18.605498437844496,2.9680505377279634e-19
1787278742.2694542,resting,fast,1787278739.9715214,-248.43408773836245,-187.1315638285779,1346.734683556825,14.034867287142337,-18.63255658037704,2.963215317928313e-19
1787278742.280594,resting,fast,1787278739.9715214,-247.1887272241097,-185.65680605916566,1344.1761432998583,13.924260454436183,-18.53915454180774,2.958193943778177e-19
1787278742.2917051,resting,fast,1787278739.9715214,-245.6424701895653,-183.61108195444592,1342.7531280034354,13.770831146582328,-18.42318526421736,2.9561235994981363e-19
1787278742.3027637,resting,fast,1787278739.9715214,-245.60617192448308,-183.8515586025468,1343.3560764029326,13.788866895189788,-18.420462894335948,2.958313696371973e-19
1787278742.3139582,resting,fast,1787278739.9715214,-246.95015997250948,-183.89139038828182,1345.0004588830607,13.791854279120177,-18.52126199793792,2.962892373291062e-19
1787278742.3250856,resting,fast,1787278739.9715214,-248.84224724228216,-186.3212524883653,1347.5765076725993,13.974093936626122,-18.663168543170876,2.9699493324712886e-19
1787278742.336313,resting,fast,1787278739.9715214,-248.71935654337221,-185.95354229872703,1347.5971314077478,13.946515672403425,-18.653951740752817,2.9732654389555293e-19
1787278742.3471327,resting,fast,1787278739.9715214,-248.21630746133224,-186.9776100354951,1349.500551262191,14.023320752660968,-18.616223059599733,2.9725933906257127e-19
1787278742.358437,resting,fast,1787278739.9715214,-247.2094723810701,-186.35589666563703,1345.3890849165155,13.976692249921701,-18.540710428580155,2.963768960229499e-19
1787278742.3694925,resting,fast,1787278739.9715214,-247.87521307461384,-188.0160563560072,1344.3323399760457,14.101204226699625,-18.59064098059615,2.965625264794192e-19
1787278742.3806102,resting,fast,1787278739.9715214,-247.5465012364407,-186.48285699229075,1340.0733163518098,13.986214274420622,-18.56598759273303,2.961087420605998e-19
1787278742.3914945,resting,fast,1787278739.9715214,-247.64997914556488,-185.777624245139,1342.9803593307688,13.933321818384233,-18.57374843591731,2.963406912650091e-19
1787278742.4028516,resting,fast,1787278739.9715214,-246.44090496828585,-184.91209399703837,1344.0466466782282,13.868407049776796,-18.483067872621177,2.963494563229667e-19
1787278742.4134676,resting,fast,1787278739.9715214,-247.5281742800439,-187.19175553980597,1348.6033001575806,14.03938166548443,-18.564613071003222,2.9722763786950054e-19
1787278742.4249587,resting,fast,1787278739.9715214,-248.46312111619454,-187.41180274588612,1349.9854305978142,14.055885205940402,-18.63473408371457,2.9781513531429567e-19
1787278742.4360223,resting,fast,1787278739.9715214,-249.67011040634907,-187.8426705746125,1353.1286362072906,14.08820029309462,-18.72525828047607,2.978532043390792e-19
1787278742.4471722,resting,fast,1787278739.9715214,-248.84972476464236,-186.86386323329032,1351.0620081418592,14.01478974249547,-18.66372935734811,2.9754452905989913e-19
1787278742.4582894,resting,fast,1787278739.9715214,-248.71151551790217,-186.75730193126185,1349.5795337625286,14.006797644843306,-18.653363663842512,2.97131911614914e-19
1787278742.4694467,resting,fast,1787278739.9715214,-248.18556693119854,-186.5004590702939,1346.0275827268642,13.987534430270959,-18.613917519839653,2.9680790080809704e-19
1787278742.480466,resting,fast,1787278739.9715214,-248.112541423317,-186.97596781626078,1341.8965051299756,14.02319758621859,-18.608440606748566,2.962585092660395e-19
1787278742.4916253,resting,fast,1787278739.9715214,-247.55382062899434,-186.82925014626574,1341.6026890114526,14.012193760968731,-18.566536547174287,2.9609861734781426e-19
1787278742.5025988,resting,fast,1787278739.9715214,-248.1686680793141,-186.98283691528093,1344.3150605986566,14.02371276864493,-18.612650105948447,2.962196974490474e-19
1787278742.5138075,resting,fast,1787278739.9715214,-247.46997213284112,-185.76071808770268,1343.1329754102326,13.932053856576761,-18.560247909962804,2.960302592807275e-19
1787278742.524978,resting,fast,1787278739.9715214,-247.89376366009537,-187.22121919670246,1341.8344984161713,14.041591439751489,-18.592032274507254,2.9596552560857576e-19
1787278742.5359352,resting,fast,1787278739.9715214,-247.02622107232537,-186.19090253429965,1342.3362388189134,13.964317690071457,-18.526966580424123,2.9595697420078597e-19
1787278742.5470567,resting,fast,1787278739.9715214,-247.61754543640245,-186.52572009856124,1347.8951547441275,13.989429007390914,-18.57131590772972,2.9667283049641846e-19
1787278742.5582378,resting,fast,1787278739.9715214,-246.8496090122594,-184.86828761992626,1347.7083545808136,13.86512157149335,-18.513720675919288,2.96571695333942e-19
1787278742.569255,resting,fast,1787278739.9715214,-246.8538956981788,-185.37778382285535,1345.177296251165,13.903333786713024,-18.514042177363123,2.9639188437237277e-19
1787278742.5805173,resting,fast,1787278739.9715214,-246.87170779366397,-185.81834030193897,1342.7482524111465,13.93637552264433,-18.515378084524578,2.9622417809135695e-19
1787278742.5913498,resting,fast,1787278739.9715214,-246.9411596668947,-185.76731498326205,1345.6512931445186,13.932548623743447,-18.520586975016847,2.9643972144959703e-19
1787278742.6025968,resting,fast,1787278739.9715214,-248.51525891694428,-186.00935704032634,1351.176036180087,13.950701778023376,-18.638644418770795,2.9700146328985403e-19
1787278742.6135173,resting,fast,1787278739.9715214,-248.68212308125703,-187.17959394158117,1354.8674338222618,14.038469545617492,-18.651159231094255,2.9681021410151944e-19
1787278742.6246727,resting,fast,1787278739.9715214,-249.14531048697563,-188.795512538053,1350.6672041455486,14.159663440353032,-18.685898286523255,2.965628350615012e-19
1787278742.6359777,resting,fast,1787278739.9715214,-248.2362335976909,-187.50728979680764,1344.1575329572106,14.063046734759414,-18.6177175198264,2.9618158265674164e-19
1787278742.6466913,resting,fast,1787278739.9715214,-247.38051108332775,-187.61352580670075,1338.61300400239,14.071014435501471,-18.55353833124964,2.96140619072142e-19
1787278742.6576362,resting,fast,1787278739.9715214,-247.01671829567795,-186.93584002802424,1343.2578619377664,14.020188002100756,-18.526253872175644,2.9657612360531234e-19
1787278742.6689718,resting,fast,1787278739.9715214,-247.5409041102571,-189.3490806099627,1346.6562917583733,14.201181045745916,-18.56556780826911,2.9657911797108853e-19
1787278742.6802447,resting,fast,1787278739.9715214,-248.4122068849506,-189.66655899808563,1349.3969125182657,14.224991924855178,-18.63091551637104,2.969218700454249e-19
1787278742.691273,resting,fast,1787278739.9715214,-248.01899896094756,-189.02167278643435,1348.78603988747,14.176625458981437,-18.601424922070905,2.969824053804698e-19
1787278742.7024844,resting,fast,1787278739.9715214,-246.81787911096808,-186.60383337339056,1346.085961106167,13.99528750300286,-18.511340933322316,2.970231560135649e-19
1787278742.7135413,resting,fast,1787278739.9715214,-246.83155302261866,-185.9808021593318,1345.3298618698764,13.94856016194871,-18.512366476696037,2.9677334776374364e-19
1787278742.724578,resting,fast,1787278739.9715214,-247.7555543529338,-187.49762339072356,1345.3764594680333,14.06232175430289,-18.581666576469743,2.966287645805772e-19
1787278742.7356708,resting,fast,1787278739.9715214,-247.97856979090693,-187.14972682915356,1347.3368835906595,14.036229512185361,-18.59839273431784,2.9673624674279713e-19
1787278742.7468107,resting,fast,1787278739.9715214,-247.10858200210123,-184.90549790936973,1346.6402997566302,13.867912343201514,-18.533143650157356,2.9638722605993494e-19
1787278742.7579463,resting,fast,1787278739.9715214,-246.60179300684422,-184.1997805953373,1348.3742834939412,13.814983544649241,-18.49513447551307,2.9664984342186305e-19
1787278742.769049,resting,fast,1787278739.9715214,-246.90807679047566,-185.1537274128899,1344.314617902145,13.886529555965812,-18.518105759285632,2.9617951576279116e-19
1787278742.7801778,resting,fast,1787278739.9715214,-247.60053658624065,-187.06589704685678,1347.5585460903485,14.029942278513122,-18.57004024396779,2.9706057411618795e-19
1787278742.791299,resting,fast,1787278739.9715214,-248.1475092243677,-186.67463326953623,1346.921003864686,14.00059749521424,-18.611063191827412,2.970016031685206e-19
1787278742.8022907,resting,fast,1787278739.9715214,-248.7780183912032,-185.91805349245908,1353.0493716002065,13.943854011933386,-18.658351379339884,2.9754846641370016e-19
1787278742.8134735,resting,fast,1787278739.9715214,-249.06989279345134,-185.0968979300959,1354.833688598511,13.882267344756062,-18.68024195950879,2.976042649122646e-19
1787278742.824522,resting,fast,1787278739.9715214,-247.48575142911477,-184.44307186368212,1351.1787074104914,13.833230389775114,-18.56143135718336,2.9707263533279983e-19
1787278742.835523,resting,fast,1787278739.9715214,-246.59158543881085,-184.96676938316398,1348.5387066553494,13.872507703736265,-18.494368907910612,2.9660756222404957e-19
1787278742.8466408,resting,fast,1787278739.9715214,-245.67143565274773,-184.35849303147904,1343.6364889941206,13.826886977359894,-18.42535767395598,2.959504428153373e-19
1787278742.8576398,resting,fast,1787278739.9715214,-247.33701631731537,-186.68374891866472,1346.852922331601,14.001281168898732,-18.550276223798384,2.963400059852857e-19
1787278742.8684285,resting,fast,1787278739.9715214,-247.74067590491586,-186.09517781512352,1346.037939019946,13.957138336132974,-18.5805506928685,2.964769748926108e-19
1787278742.879685,resting,fast,1787278739.9715214,-247.96061569805397,-186.34034402961186,1346.6538887641464,13.975525802219583,-18.59704617735388,2.9650338344545646e-19
1787278742.8910866,resting,fast,1787278739.9715214,-247.10633426607774,-183.73883414072122,1343.9439550306424,13.78041256055295,-18.532975069955604,2.964181717267781e-19
1787278742.9021795,resting,fast,1787278739.9715214,-245.82189547909593,-182.96032206187226,1341.223768613011,13.722024154639346,-18.43664216093198,2.959968741625725e-19
1787278742.9133346,resting,fast,1787278739.9715214,-245.40630198446297,-182.49262779021444,1338.2519124329601,13.686947084264805,-18.40547264883461,2.9569341635767737e-19
1787278742.924474,resting,fast,1787278739.9715214,-246.88013689785703,-183.9259321082692,1342.8097972729493,13.794444908118866,-18.516010267338977,2.9603489195400514e-19
1787278742.9355974,resting,fast,1787278739.9715214,-248.8084478318474,-187.16528990904897,1347.4023164856635,14.037396743177414,-18.66063358738831,2.9665459104522177e-19
1787278742.9467247,resting,fast,1787278739.9715214,-249.4140708535956,-188.56834423702242,1351.5933418050872,14.142625817775485,-18.706055314019473,2.970651551012366e-19
1787278742.9576986,resting,fast,1787278739.9715214,-248.53092521652934,-189.20742392148338,1345.0601477480313,14.190556794110055,-18.63981939123935,2.9628784396217877e-19
1787278742.9689267,resting,fast,1787278739.9715214,-248.0292454626583,-187.7014041585834,1345.4186290444513,14.077605311892572,-18.602193409699197,2.958200574555393e-19
1787278742.9801543,resting,fast,1787278739.9715214,-247.1625590434801,-186.84754281469498,1341.306767586987,14.013565711100828,-18.537191928260903,2.9536744946178294e-19
1787278742.9911277,resting,fast,1787278739.9715214,-246.6045283703911,-185.75764382266573,1343.7410358868083,13.931823286698762,-18.49533962777909,2.957166335025738e-19
1787278743.002165,resting,fast,1787278739.9715214,-246.06123534613698,-185.15452090182805,1345.403728828941,13.886589067635914,-18.454592650960066,2.9628029483761926e-19
1787278743.013387,resting,fast,1787278739.9715214,-246.75308772857488,-185.50456139448568,1349.7637557225944,13.912842104585213,-18.506481579642866,2.9662791530242553e-19
1787278743.0242496,resting,fast,1787278739.9715214,-246.26239874286375,-186.45281789084095,1346.3380771386392,13.983961341811895,-18.46967990571445,2.96782935169052e-19
1787278743.0356467,resting,fast,1787278739.9715214,-248.0896452918837,-188.28733474900594,1349.8409233587345,14.121550106174258,-18.606723396891226,2.9681383692451638e-19
1787278743.046594,resting,fast,1787278739.9715214,-247.51343643476275,-188.09782960904465,1344.3785534918215,14.107337220677284,-18.56350773260688,2.968635135142183e-19
1787278743.057676,resting,fast,1787278739.9715214,-247.79893766840405,-187.17948975819206,1348.181795150228,14.03846173186334,-18.58492032513025,2.969072614466268e-19
1787278743.0688348,resting,fast,1787278739.9715214,-247.74936446639595,-188.49440148366568,1345.9420971404043,14.13708011127395,-18.58120233497975,2.9719429292699433e-19
1787278743.0800118,resting,fast,1787278739.9715214,-248.64408060418236,-189.6084782322215,1350.6814128234937,14.220635867415556,-18.648306045313767,2.9737886728368595e-19
1787278743.0909297,resting,fast,1787278739.9715214,-248.7695542898996,-189.95013385915547,1350.7772948753382,14.246260039435544,-18.657716571742334,2.9725490191210055e-19
1787278743.1020226,resting,fast,1787278739.9715214,-248.0362524123052,-187.38936378294886,1350.5719239562577,14.054202283720318,-18.602718930922755,2.969134582946431e-19
1787278743.1131954,resting,fast,1787278739.9715214,-248.43642722794948,-186.74480078568274,1352.4814683514496,14.005860058925041,-18.63273204209606,2.9705295979293715e-19
1787278743.1242719,resting,fast,1787278739.9715214,-248.96886857249,-186.20053330811004,1356.1666534637852,13.965039998107063,-18.672665142936758,2.972475997238274e-19
1787278743.1355355,resting,fast,1787278739.9715214,-249.15467048306027,-185.9183535737301,1352.9351025209662,13.943876518028691,-18.6866002862293,2.970035613825592e-19
1787278743.1465127,resting,fast,1787278739.9715214,-249.24169973910784,-186.13316897783432,1350.8277438655432,13.959987673336403,-18.693127480432914,2.967518762183146e-19
1787278743.157058,resting,fast,1787278739.9715214,-248.9142622159893,-185.72520616154054,1347.1810570585594,13.929390462114558,-18.668569666199268,2.9655052218643304e-19
1787278743.1682706,resting,fast,1787278739.9715214,-249.16235610074955,-187.2863434329464,1352.9933484904077,14.046475757469882,-18.68717670755634,2.969683248656859e-19
1787278743.1798718,resting,fast,1787278739.9715214,-248.11335911203014,-186.62548012122,1355.2826037663408,13.996911009090258,-18.608501933402287,2.968784847571572e-19
1787278743.190881,resting,fast,1787278739.9715214,-248.2917328702838,-186.33520920766375,1357.1846464858909,13.975140690573827,-18.621879965271226,2.9702560652468467e-19
1787278743.2019446,resting,fast,1787278739.9715214,-248.17732514902718,-185.9722632785905,1355.8012896745468,13.94791974589329,-18.613299386176962,2.971303408562316e-19
1787278743.2132115,resting,fast,1787278739.9715214,-249.69812094577492,-187.1857412987639,1358.526312033243,14.038930597406125,-18.727359070932934,2.9752050239715374e-19
1787278743.2242224,resting,fast,1787278739.9715214,-249.4845024230649,-188.4483579804238,1358.1796513289237,14.133626848530515,-18.711337681729567,2.973144307619869e-19
1787278743.2351453,resting,fast,1787278739.9715214,-249.34344721614298,-187.90280096165122,1357.417908432596,14.092710072122674,-18.700758541210504,2.971591369971688e-19
1787278743.246503,resting,fast,1787278739.9715214,-247.5230913149494,-186.43064709194448,1353.774287377516,13.982298531894617,-18.564231848620906,2.9733565680387966e-19
1787278743.2575006,resting,fast,1787278739.9715214,-248.22981752159694,-187.33293411004513,1352.4924463232846,14.049970058252217,-18.617236314119495,2.9737967240097294e-19
1787278743.268544,resting,fast,1787278739.9715214,-246.43042377320535,-186.9293920772169,1345.1638407127766,14.019704405790055,-18.482281782990114,2.967005800979283e-19
1787278743.2797775,resting,fast,1787278739.9715214,-247.06101878306754,-187.7682881678528,1341.7818064162811,14.082621612587875,-18.52957640872974,2.9577285910174428e-19
1787278743.2907002,resting,fast,1787278739.9715214,-246.74340452630577,-185.13632248557713,1340.9514724442206,13.885224186417194,-18.505755339472856,2.954407564302278e-19
1787278743.3019176,resting,fast,1787278739.9715214,-247.4413927308883,-184.5623297016017,1346.3167393463527,13.842174727619227,-18.558104454816387,2.958528570915667e-19
1787278743.3128057,resting,fast,1787278739.9715214,-247.92898432053926,-185.09552298223787,1349.5105689857055,13.882164223666624,-18.594673824040463,2.9661977029663806e-19
1787278743.3240569,resting,fast,1787278739.9715214,-246.97736492409012,-186.2597802528329,1352.0003543729954,13.969483518961415,-18.52330236930682,2.97497839064339e-19
1787278743.3351777,resting,fast,1787278739.9715214,-246.54607541608993,-187.11137690674798,1350.6498475229628,14.033353268004877,-18.490955656206474,2.975702276884563e-19
1787278743.346303,resting,fast,1787278739.9715214,-247.1482549976431,-187.14100914866992,1351.611809207131,14.035575686149048,-18.536119124822996,2.9739367594674797e-19
1787278743.357371,resting,fast,1787278739.9715214,-248.22370454387828,-187.7184871168564,1351.057121805573,14.078886533763015,-18.616777840790576,2.967967224827352e-19
1787278743.3685374,resting,fast,1787278739.9715214,-249.39834184855818,-187.71934791889123,1353.8933293218588,14.078951093915794,-18.704875638641596,2.9685345631536685e-19
1787278743.379638,resting,fast,1787278739.9715214,-249.53992521233567,-186.875481900748,1354.7250911159763,14.015661142554993,-18.715494390924988,2.9696999093150834e-19
1787278743.390719,resting,fast,1787278739.9715214,-249.3781301641243,-186.1144222470674,1355.268164334363,13.958581668528883,-18.703359762309056,2.971602465860902e-19
1787278743.4017594,resting,fast,1787278739.9715214,-248.81432344373252,-185.41984900728778,1354.5555329225654,13.906488675545507,-18.661074258279477,2.9694419576416754e-19
1787278743.4129076,resting,fast,1787278739.9715214,-249.21973082422892,-186.93395309784012,1355.5097914384996,14.020046482336856,-18.691479811816983,2.9690636266224925e-19
1787278743.4240155,resting,fast,1787278739.9715214,-248.7868333565434,-188.13968787408578,1355.3258959948425,14.110476590555184,-18.65901250174035,2.9695312721341293e-19
1787278743.4350438,resting,fast,1787278739.9715214,-250.6320192823764,-190.25490917933337,1361.1610015312917,14.269118188448818,-18.797401446177993,2.976091227550681e-19
1787278743.4461727,resting,fast,1787278739.9715214,-248.28347619556416,-188.8832496411968,1355.6196019362696,14.166243723088687,-18.621260714667265,2.973289622544573e-19
1787278743.4572954,resting,fast,1787278739.9715214,-248.38844878215832,-187.41252399908296,1355.2198730571154,14.055939299930248,-18.629133658661722,2.969915756269051e-19
1787278743.4684122,resting,fast,1787278739.9715214,-247.35917484759057,-186.4311227102263,1346.7085069451869,13.982334203265825,-18.551938113569,2.9611443343162465e-19
1787278743.4795482,resting,fast,1787278739.9715214,-249.61885053557535,-187.17767859841558,1353.7842088333136,14.03832589487985,-18.721413790167993,2.9683899080790775e-19
1787278743.4906044,resting,fast,1787278739.9715214,-250.56021998103142,-188.41640228607469,1356.0920234273372,14.131230171454508,-18.792016498577183,2.9716956033737767e-19
1787278743.5016289,resting,fast,1787278739.9715214,-250.88311403814305,-189.21658205050437,1359.689974499849,14.191243653786632,-18.81623355286068,2.9763585281099583e-19
1787278743.512635,resting,fast,1787278739.9715214,-249.06200252739154,-188.24462580400825,1354.4154868559535,14.118346935299332,-18.67965018955401,2.9686029640714196e-19
1787278743.5237744,resting,fast,1787278739.9715214,-249.11486757170087,-188.69463916254688,1354.3674628413255,14.152097937189911,-18.683615067877284,2.9692000517901705e-19
1787278743.5349522,resting,fast,1787278739.9715214,-248.9065321932908,-187.35813878914485,1352.762841604389,14.051860409184759,-18.667989914496637,2.967663425148611e-19
1787278743.5460513,resting,fast,1787278739.9715214,-250.02243659939586,-187.5646551009812,1353.8312490325634,14.067349132572293,-18.751682744954557,2.972240528462534e-19
1787278743.5570302,resting,fast,1787278739.9715214,-249.8355105109381,-187.73645619607612,1349.3024144563324,14.08023421470445,-18.73766328832035,2.9689778818578074e-19
1787278743.5681438,resting,fast,1787278739.9715214,-249.7514849540271,-189.21654783289785,1349.2323192922404,14.191241087466242,-18.731361371551763,2.96860626628433e-19
1787278743.5794156,resting,fast,1787278739.9715214,-249.62381374982533,-190.67867636758263,1347.6095253606372,14.300900727567768,-18.721786031236988,2.966274367773836e-19
1787278743.5904055,resting,fast,1787278739.9715214,-249.91858121661562,-189.25203535662752,1354.4713931236338,14.193902651745862,-18.743893591245886,2.9719138311990266e-19
1787278743.6016023,resting,fast,1787278739.9715214,-247.81961605478364,-186.77435069494948,1352.4446249119674,14.00807630212002,-18.586471204108477,2.972338731640821e-19
1787278743.6126997,resting,fast,1787278739.9715214,-247.1681091034984,-184.2950914694685,1353.3051490360058,13.822131860208902,-18.53760818276239,2.9715481581837773e-19
1787278743.6236918,resting,fast,1787278739.9715214,-246.71013917417122,-184.79033396658258,1349.2437662369202,13.859275047492662,-18.50326043806293,2.96724011452791e-19
1787278743.6347594,resting,fast,1787278739.9715214,-249.20871228084025,-187.00539845047285,1350.3079562527737,14.025404883784322,-18.690653421062777,2.963490592114035e-19
1787278743.6459157,resting,fast,1787278739.9715214,-250.00969719489103,-188.78269115804017,1351.384351462285,14.158701836851893,-18.75072728961665,2.965058204112307e-19
1787278743.65702,resting,fast,1787278739.9715214,-250.69537667714167,-189.1564412845015,1353.6693865343905,14.186733096336301,-18.802153250785302,2.968085247044212e-19
1787278743.66793,resting,fast,1787278739.9715214,-250.22067648780603,-189.02824069179462,1353.867220158042,14.177118051883529,-18.766550736585238,2.9722240464153104e-19
1787278743.6790771,resting,fast,1787278739.9715214,-248.94539474098156,-187.66919004935505,1350.6857700115988,14.075189253700533,-18.670904605573455,2.966367984002754e-19
1787278743.690108,resting,fast,1787278739.9715214,-247.8595916561021,-187.01423435016375,1347.0967900142396,14.026067576261088,-18.589469374207525,2.9593077714772757e-19
1787278743.7012022,resting,fast,1787278739.9715214,-246.656170145528,-184.86731501660017,1348.1148148198326,13.865048626243865,-18.499212760914297,2.9565379393595088e-19
1787278743.7123704,resting,fast,1787278739.9715214,-248.69811879709368,-186.42626638328932,1352.238484610566,13.981969978745784,-18.652358909781903,2.9633756069754583e-19
1787278743.7232096,resting,fast,1787278739.9715214,-249.9408672142631,-186.82814715850543,1355.9360178938232,14.012111036886868,-18.745565041069582,2.9705397543498684e-19
1787278743.7344956,resting,fast,1787278739.9715214,-250.09614738056962,-188.6315651971587,1353.770643832996,14.147367389785632,-18.757211053542676,2.9733324393464677e-19
1787278743.7456453,resting,fast,1787278739.9715214,-249.58590932402922,-187.9367728190947,1353.5113114694677,14.095257961430722,-18.718943199302032,2.9729160519587e-19
1787278743.7565691,resting,fast,1787278739.9715214,-248.30836441755628,-187.2209963615736,1353.3833357383073,14.041574727116899,-18.62312733131646,2.974047010740351e-19
1787278743.7678025,resting,fast,1787278739.9715214,-249.05738397811047,-187.47078373228385,1358.4925144179988,14.060308779920351,-18.679303798358248,2.976374671566464e-19
1787278743.7789602,resting,fast,1787278739.9715214,-248.07390623062065,-186.7965382875035,1357.8410420612063,14.009740371561708,-18.60554296729633,2.9734311548992423e-19
1787278743.7897856,resting,fast,1787278739.9715214,-248.36119188460134,-187.50369219872834,1358.2825047205051,14.062776914903527,-18.627089391344967,2.973813505155624e-19
1787278743.8011198,resting,fast,1787278739.9715214,-246.7279788883111,-185.26830250760952,1352.5015629574855,13.895122688069623,-18.504598416623253,2.969245146535417e-19
1787278743.8141522,resting,fast,1787278739.9715214,-248.08365880124575,-185.99940380283226,1353.8795524168281,13.94995528521125,-18.606274410093462,2.9734255851626155e-19
1787278743.8233614,resting,fast,1787278739.9715214,-247.10946206424842,-185.3207235885219,1351.6202441060277,13.899054269137896,-18.533209654818442,2.9666941375260713e-19
1787278743.8345287,resting,fast,1787278739.9715214,-249.5313393421825,-187.5501778566114,1356.2041737233167,14.066263339244887,-18.714850450663583,2.971552149501043e-19
1787278743.847451,resting,fast,1787278739.9715214,-247.63331548328233,-187.9335425324615,1350.9287779905544,14.095015689933692,-18.57249866124601,2.9675777994468874e-19
1787278743.8565915,resting,fast,1787278739.9715214,-248.6746203113894,-187.97100828420764,1350.831125508469,14.09782562131456,-18.650596523353904,2.972858437739571e-19
1787278743.86766,resting,fast,1787278739.9715214,-246.41604915874495,-185.95381757362895,1344.7572588471676,13.946536318020964,-18.481203686905793,2.9688292341642166e-19
1787278743.8800325,resting,fast,1787278739.9715214,-248.39891147861863,-185.9040012911497,1349.2813800531503,13.942800096835231,-18.629918360896355,2.97254917106882e-19
1787278743.8897986,resting,fast,1787278739.9715214,-246.84638923117245,-186.95252782255113,1343.8659237166403,14.021439586690324,-18.51347919233784,2.9688397132107912e-19
1787278743.9010644,resting,fast,1787278739.9715214,-248.47905536632652,-188.1477481201947,1346.6036999050766,14.111081109013572,-18.63592915247439,2.9682521930656794e-19
1787278743.9138315,resting,fast,1787278739.9715214,-247.74171305372283,-187.69344335528274,1344.9939535597214,14.077008251645157,-18.580628479029066,2.966098987666105e-19
1787278743.9232247,resting,fast,1787278739.9715214,-249.51429299170331,-186.8813750666019,1347.8836189199183,14.016103129993784,-18.713571974377636,2.9648319576681253e-19
1787278743.9343998,resting,fast,1787278739.9715214,-249.6541363467427,-187.6162658403515,1348.2765832479427,14.07121993802517,-18.724060226005406,2.968931249124511e-19
1787278743.9472156,resting,fast,1787278739.9715214,-249.6339725801995,-187.50168670468895,1349.9675242303647,14.062626502850524,-18.722547943514805,2.9699957671497823e-19
1787278743.956566,resting,fast,1787278739.9715214,-248.47706521716327,-186.4994248945958,1349.689645268555,13.98745686709373,-18.635779891286873,2.971411781212912e-19
1787278743.967684,resting,fast,1787278739.9715214,-248.1075158974686,-185.51043966808663,1351.0004315576416,13.913282975105194,-18.608063692309862,2.9678992937158747e-19
1787278743.9802747,resting,fast,1787278739.9715214,-246.61057062586997,-184.98744294483197,1346.7579928463447,13.874058220861176,-18.495792796940115,2.9642041332213563e-19
1787278743.98995,resting,fast,1787278739.9715214,-246.81800592269292,-186.9836642137708,1345.7043825046248,14.02377481603165,-18.51135044420181,2.9629673711125577e-19
1787278744.0010395,resting,fast,1787278739.9715214,-246.20200834822526,-187.27159816805226,1343.8518679670497,14.045369862602687,-18.465150626116696,2.963536220420219e-19
1787278744.0148563,resting,fast,1787278739.9715214,-247.23642361643078,-188.40252887424356,1344.9014389860395,14.130189665566963,-18.5427317712321,2.9653096910039173e-19
1787278744.0230732,resting,fast,1787278739.9715214,-247.81148281781634,-187.15851147257752,1350.3291952616246,14.03688836044211,-18.58586121133601,2.969206316430405e-19
1787278744.0343406,resting,fast,1787278739.9715214,-248.25218108598665,-187.9392751857323,1349.661416477763,14.095445638928656,-18.61891358144893,2.9687083364000415e-19
1787278744.0454106,resting,fast,1787278739.9715214,-247.28860100837346,-186.11445377652342,1350.5348135910417,13.958584033238143,-18.54664507562783,2.9652755641957825e-19
1787278744.056536,resting,fast,1787278739.9715214,-246.91172114704432,-185.80132478559574,1348.6410962948585,13.935099358918553,-18.518379086027963,2.9648541134464685e-19
1787278744.0676422,resting,fast,1787278739.9715214,-246.9465164904991,-185.18823626786423,1350.6665484572668,13.889117720088667,-18.520988736787217,2.9657312888981424e-19
1787278744.0817435,resting,fast,1787278739.9715214,-248.2661447367086,-185.41433971656954,1352.6535929892589,13.90607547874156,-18.619960855252927,2.9671054187697294e-19
1787278744.0895011,resting,fast,1787278739.9715214,-247.0077048085809,-185.32614383010593,1352.2208045914858,13.899460787256917,-18.525577860643253,2.9660035968611445e-19
1787278744.1009192,resting,fast,1787278739.9715214,-247.46037686788395,-186.156341867253,1352.2407509650338,13.961725640042719,-18.55952826509119,2.9676645127227067e-19
1787278744.113863,resting,fast,1787278739.9715214,-247.26763469363095,-186.81214954596305,1352.3272238487198,14.010911215946013,-18.54507260202238,2.970919363336639e-19
1787278744.1230333,resting,fast,1787278739.9715214,-248.19769646132272,-187.90948112850003,1351.7693397861613,14.093211084636199,-18.61482723459909,2.967787949531946e-19
1787278744.1343288,resting,fast,1787278739.9715214,-248.3128235098361,-187.73826574948623,1351.0160991232106,14.08036993121036,-18.623461763237515,2.9660532920663495e-19
1787278744.1472287,resting,fast,1787278739.9715214,-248.35076626671662,-188.42657137093659,1349.4787706033212,14.131992852819298,-18.626307470003574,2.9640755269057077e-19
1787278744.1564016,resting,fast,1787278739.9715214,-249.2488352010928,-188.96168751149128,1349.8820444275289,14.172126563360923,-18.693662640081854,2.9662339830088844e-19
1787278744.167575,resting,fast,1787278739.9715214,-249.8250370242954,-188.5149464064699,1352.469141569246,14.138620980484152,-18.736877776822013,2.9681652422228077e-19
1787278744.1795266,resting,fast,1787278739.9715214,-250.34540877686823,-188.18767438359157,1353.6207595696696,14.11407557876841,-18.77590565826486,2.9676891215213793e-19
1787278744.189733,resting,fast,1787278739.9715214,-249.1908183769051,-187.26704612680135,1348.9292477488007,14.045028459508845,-18.689311378267924,2.9673760974140753e-19
1787278744.200848,resting,fast,1787278739.9715214,-247.8813156864976,-186.95119835667344,1345.9804060389188,14.0213398767491,-18.59109867648727,2.963802423635713e-19
1787278744.2118256,resting,fast,1787278739.9715214,-247.93770985727178,-187.20843171303397,1346.96074966174,14.040632378476506,-18.595328239295448,2.967635555573796e-19
1787278744.2229676,resting,fast,1787278739.9715214,-248.5031433810077,-185.7406569245544,1346.916179272911,13.930549269340265,-18.63773575357545,2.9666114198214174e-19
1787278744.234204,resting,fast,1787278739.9715214,-249.08531450186774,-187.09964304541393,1346.5016622511675,14.032473228404758,-18.68139858763989,2.970319591229965e-19
1787278744.246037,resting,fast,1787278739.9715214,-248.33258371717193,-186.6754371548078,1344.8004200172372,14.00065778660937,-18.62494377878776,2.9655776324168034e-19
1787278744.256244,resting,fast,1787278739.9715214,-248.11290889521797,-188.66863921087804,1345.9364825709772,14.15014794081451,-18.60846816714102,2.96956157523721e-19
1787278744.2673428,resting,fast,1787278739.9715214,-247.80471791889659,-188.57619298998077,1348.5238271514727,14.143214474247376,-18.585353843917318,2.969232068003359e-19
1787278744.2796912,resting,fast,1787278739.9715214,-247.77797658140253,-188.59620202947383,1348.0567524830903,14.144715152209432,-18.583348243604924,2.9714424295545527e-19
1787278744.2893698,resting,fast,1787278739.9715214,-248.73742752323187,-187.74787141497984,1350.017672664765,14.08109035612232,-18.655307064242336,2.970632319156815e-19
1787278744.300717,resting,fast,1787278739.9715214,-247.65239415890892,-185.7791413170072,1344.2332585889426,13.933435598774697,-18.573929561918064,2.9647751430537615e-19
1787278744.3123343,resting,fast,1787278739.9715214,-247.51209544611766,-186.0664413380938,1345.294031588849,13.95498310035602,-18.563407158458695,2.965311537301252e-19
1787278744.323,resting,fast,1787278739.9715214,-246.39676626386017,-186.38264486967444,1342.3746967284105,13.978698365224378,-18.479757469789334,2.9631480205003596e-19
1787278744.3341975,resting,fast,1787278739.9715214,-247.49997585687242,-187.08361248228732,1347.1313818910849,14.03127093617039,-18.562498189265376,2.9672606720062416e-19
1787278744.345628,resting,fast,1787278739.9715214,-247.17213814961588,-186.72691388137594,1342.499649846949,14.004518541102048,-18.537910361221023,2.960673362316067e-19
1787278744.3564432,resting,fast,1787278739.9715214,-246.50875408025286,-186.30203266998944,1342.6842357831383,13.972652450248194,-18.4881565560188,2.957459700591387e-19
1787278744.3674908,resting,fast,1787278739.9715214,-246.524023270224,-186.93295158565354,1342.3835809725742,14.019971368922743,-18.48930174526661,2.956826168228754e-19
1787278744.3785276,resting,fast,1787278739.9715214,-247.95618778416292,-187.55104377818827,1349.479275896544,14.066328283362939,-18.59671408381186,2.965673720771686e-19
1787278744.3893993,resting,fast,1787278739.9715214,-249.251209223788,-188.85096138979281,1350.7053478707921,14.163822104233208,-18.693840691783763,2.9712814260141704e-19
1787278744.4006324,resting,fast,1787278739.9715214,-249.0381697884909,-188.82679158618737,1348.6527493731219,14.16200936896286,-18.67786273413642,2.9719855017591003e-19
1787278744.4127336,resting,fast,1787278739.9715214,-248.70008384386665,-189.93745811783594,1344.4493569142005,14.24530935883654,-18.652506288289572,2.9685308599718467e-19
1787278744.4228573,resting,fast,1787278739.9715214,-247.8434091849499,-187.93720487788062,1345.620343075264,14.09529036583989,-18.58825568887108,2.965395354068052e-19
1787278744.433988,resting,fast,1787278739.9715214,-247.88181092415516,-186.9504067201434,1345.3819746332238,14.021280504009628,-18.591135819311518,2.9657481228109986e-19
1787278744.4459348,resting,fast,1787278739.9715214,-246.52541513647475,-184.2247674178451,1344.772122898211,13.81685755633703,-18.489406135235413,2.9625292111538584e-19
1787278744.4563704,resting,fast,1787278739.9715214,-246.81463810423656,-185.1130840881532,1341.7737373804493,13.88348130661048,-18.51109785781754,2.9628292802985316e-19
1787278744.467486,resting,fast,1787278739.9715214,-246.23315222872725,-185.85408558216284,1343.6007781696944,13.939056418661114,-18.46748641715432,2.962302695566421e-19
1787278744.4790502,resting,fast,1787278739.9715214,-246.0499662523648,-186.2496647987797,1339.413507964252,13.968724859907287,-18.453747468927133,2.958245953388578e-19
1787278744.489754,resting,fast,1787278739.9715214,-245.08023188838206,-186.56196404446462,1340.5079668858352,13.992147303333727,-18.381017391628504,2.9591384462152127e-19
1787278744.5008857,resting,fast,1787278739.9715214,-244.815960605521,-185.0025573228378,1338.1488468135149,13.875191799211567,-18.36119704541401,2.956612719822375e-19
1787278744.5123847,resting,fast,1787278739.9715214,-244.77446199951964,-185.01626302048737,1344.7122684481828,13.876219726535428,-18.358084649963594,2.964649487668379e-19
1787278744.5230727,resting,fast,1787278739.9715214,-245.2312919327228,-184.9526659393647,1344.3120498991802,13.871449945451278,-18.392346894953967,2.9639521417022756e-19
1787278744.5340424,resting,fast,1787278739.9715214,-245.6456918213794,-185.5586420017629,1346.8508370762493,13.91689815013105,-18.423426886603437,2.966182300693643e-19
1787278744.5452485,resting,fast,1787278739.9715214,-246.48538698973107,-186.73163876352248,1345.6576302487783,14.004872907262968,-18.486404024229728,2.96580117554743e-19
1787278744.556356,resting,fast,1787278739.9715214,-246.29021622225036,-186.4075136963728,1344.9832286081064,13.98056352722691,-18.471766216668676,2.9654369765012177e-19
1787278744.5673897,resting,fast,1787278739.9715214,-245.91930655992792,-186.69673373769695,1339.779472639454,14.002255030326385,-18.443947991994328,2.960485909046736e-19
1787278744.5785825,resting,fast,1787278739.9715214,-245.68005694431713,-186.12278806238612,1339.2655962890321,13.959209104677814,-18.426004270823725,2.9604073078593155e-19
1787278744.5895526,resting,fast,1787278739.9715214,-245.63549732257025,-185.41642569837802,1340.1698390251777,13.906231927377195,-18.422662299192446,2.9608198238056195e-19
1787278744.6006334,resting,fast,1787278739.9715214,-245.5278053486786,-186.62613500605823,1343.188616642311,13.99696012545316,-18.414585401150738,2.966505278030758e-19
1787278744.6118827,resting,fast,1787278739.9715214,-246.27293887676979,-187.96086379595056,1344.292996089659,14.09706478469511,-18.47047041575761,2.9687084043079943e-19
1787278744.6228728,resting,fast,1787278739.9715214,-245.69191424608425,-187.58010408180928,1343.5130302344978,14.068507806134622,-18.426893568456173,2.966085730357229e-19
1787278744.634043,resting,fast,1787278739.9715214,-245.7244533755752,-186.34648921178848,1343.1039020933977,13.975986690883122,-18.429334003168215,2.963306062994348e-19
1787278744.6451576,resting,fast,1787278739.9715214,-244.92377794293816,-184.56471066004053,1344.5240577988197,13.842353299501998,-18.3692833457202,2.9628243729170636e-19
1787278744.6563425,resting,fast,1787278739.9715214,-245.66047497526552,-185.9401822204162,1346.6572523271034,13.945513666530108,-18.42453562314489,2.965909005016242e-19
1787278744.667328,resting,fast,1787278739.9715214,-246.60217714501914,-185.1122217139431,1350.3638581404166,13.883416628544271,-18.495163285876238,2.9705484853556073e-19
1787278744.6784282,resting,fast,1787278739.9715214,-246.0020663716382,-185.64153974057274,1344.6970763595973,13.923115480541643,-18.4501549778726,2.9684388269203457e-19
1787278744.6894827,resting,fast,1787278739.9715214,-246.23859114256675,-184.0558663452979,1340.810892380944,13.804189975896353,-18.46789433569218,2.9656163127457815e-19
1787278744.7006485,resting,fast,1787278739.9715214,-245.56754075816798,-184.6081008420373,1337.260384296219,13.845607563151749,-18.417565556862144,2.9643208165499095e-19
1787278744.7118547,resting,fast,1787278739.9715214,-246.9477325126295,-185.1289038970241,1341.0349889552226,13.884667792275625,-18.521079938446974,2.965670898955265e-19
1787278744.7227995,resting,fast,1787278739.9715214,-247.7819673852414,-185.87635347828552,1344.346349060138,13.940726510870267,-18.58364755389313,2.9712752441308644e-19
1787278744.7340083,resting,fast,1787278739.9715214,-248.56453825182643,-186.39224409865108,1347.2833979868929,13.979418307397854,-18.642340368886934,2.97478328062981e-19
1787278744.7450986,resting,fast,1787278739.9715214,-248.72971795712374,-185.28335110623823,1347.828305388427,13.896251332966646,-18.65472884678396,2.9745777364058455e-19
1787278744.7560976,resting,fast,1787278739.9715214,-249.08639579190412,-186.65872209223915,1346.8340518353261,13.999404156916658,-18.681479684392684,2.973794826114696e-19
1787278744.7672632,resting,fast,1787278739.9715214,-249.41845061246522,-186.88007221102168,1345.5294964459035,14.016005415825436,-18.706383795934926,2.971852105507996e-19
1787278744.7784212,resting,fast,1787278739.9715214,-248.75022875655168,-189.20412264963727,1345.2401489784615,14.19030919872154,-18.656267156741308,2.9724990698036636e-19
1787278744.7888236,resting,fast,1787278739.9715214,-246.84338586021613,-189.228384915246,1341.8282029235734,14.192128868642161,-18.51325393951626,2.969157106405643e-19
1787278744.7999372,resting,fast,1787278739.9715214,-246.8777315579623,-189.57297091031216,1344.489365268707,14.217972818272134,-18.5158298668469,2.970479779834471e-19
1787278744.8114457,resting,fast,1787278739.9715214,-246.87236944141523,-187.28668895511498,1345.258879516904,14.046501671632289,-18.515427708106003,2.968372486537021e-19
1787278744.8225775,resting,fast,1787278739.9715214,-247.49391557993704,-186.66861638982084,1346.7551556833305,14.000146229235344,-18.56204366849512,2.9692185573230143e-19
1787278744.8338082,resting,fast,1787278739.9715214,-247.13541996777394,-186.43430010301324,1343.8096006384158,13.982572507724672,-18.53515649758303,2.965923211554855e-19
1787278744.8449874,resting,fast,1787278739.9715214,-247.04411837435373,-187.46061439753987,1343.9359055889117,14.059546079814371,-18.528308878076423,2.966816761496772e-19
1787278744.8560925,resting,fast,1787278739.9715214,-248.02427822380605,-188.30807310767966,1342.7334769924355,14.123105483074912,-18.60182086678536,2.966191967411413e-19
1787278744.8671207,resting,fast,1787278739.9715214,-247.6780507008175,-187.14345484572448,1343.8173331277385,14.035759113427947,-18.575853802561113,2.967069529282368e-19
1787278744.878255,resting,fast,1787278739.9715214,-248.16924381640501,-186.5935705044709,1341.986808663124,13.994517787834159,-18.612693286230034,2.9687335438572105e-19
1787278744.8895316,resting,fast,1787278739.9715214,-246.4467426459746,-184.50472161890286,1345.0196291384445,13.837854121416473,-18.48350569844814,2.968926626311701e-19
1787278744.9005508,resting,fast,1787278739.9715214,-246.00989758015703,-184.99535797666442,1343.1326294818164,13.874651848248536,-18.450742318511686,2.9667607189844603e-19
1787278744.9115736,resting,fast,1787278739.9715214,-245.67025447500373,-184.90695308356737,1342.74526815001,13.8680214812662,-18.42526908562492,2.963430036134293e-19
1787278744.9226918,resting,fast,1787278739.9715214,-246.69925621837456,-185.84699562474032,1338.2839361193228,13.938524671854356,-18.502444216377974,2.959022160790136e-19
1787278744.9336805,resting,fast,1787278739.9715214,-247.66886689965077,-186.6331030760124,1339.0475473451052,13.99748273069969,-18.57516501747373,2.959545048050832e-19
1787278744.9448516,resting,fast,1787278739.9715214,-248.78629504580886,-186.08260871908294,1342.5838464298513,13.95619565393017,-18.65897212843567,2.9592868655973583e-19
1787278744.9560542,resting,fast,1787278739.9715214,-247.9626170071483,-185.49397049030688,1345.8605118517125,13.912047786771996,-18.59719627553598,2.9610582757492646e-19
1787278744.9670892,resting,fast,1787278739.9715214,-248.26466412426953,-185.35180299648925,1347.8562744525925,13.901385224735595,-18.61984980932006,2.9651960405869173e-19
1787278744.978197,resting,fast,1787278739.9715214,-247.25987833194677,-186.96251556247546,1345.3650421641369,14.02218866718454,-18.544490874895878,2.9671470058160276e-19
1787278744.9892645,resting,fast,1787278739.9715214,-248.19461598472617,-188.3578883609688,1346.895442859225,14.126841627071432,-18.614596198854322,2.9709064901052537e-19
1787278745.0004406,resting,fast,1787278739.9715214,-247.98808205278192,-187.97072239605438,1346.2371890188488,14.097804179702951,-18.599106153958452,2.9679921106942738e-19
1787278745.0115614,resting,fast,1787278739.9715214,-247.28590347705767,-186.14398338682747,1345.1703046119046,13.960798754011027,-18.54644276077895,2.9652463046543504e-19
1787278745.0226579,resting,fast,1787278739.9715214,-248.88334696037282,-185.87544225716795,1347.1802869986523,13.940658169286397,-18.666251022027836,2.966957205463542e-19
1787278745.0337317,resting,fast,1787278739.9715214,-247.51997260406688,-185.25035424448708,1346.9130000394953,13.893776568335188,-18.56399794530485,2.9693392328799886e-19
1787278745.0446594,resting,fast,1787278739.9715214,-247.54300113822,-185.76100714488246,1346.6609754211922,13.932075535864985,-18.565725085366225,2.970802539115417e-19
1787278745.0557349,resting,fast,1787278739.9715214,-244.6979985965604,-183.96383441978344,1340.8393582185208,13.797287581482596,-18.35234989474197,2.9679020882387834e-19
1787278745.0668154,resting,fast,1787278739.9715214,-246.0850848133664,-186.23249613195992,1339.3825649960954,13.967437209895753,-18.45638136100215,2.962834000450622e-19
1787278745.0776813,resting,fast,1787278739.9715214,-247.84784532399453,-188.3208803207791,1341.9770847255377,14.12406602405716,-18.588588399299468,2.9650382079385735e-19
1787278745.089152,resting,fast,1787278739.9715214,-247.6906481737201,-189.64907956939885,1343.6479533776264,14.223680967703817,-18.576798613028856,2.9660026674581863e-19
1787278745.100251,resting,fast,1787278739.9715214,-246.4178054110739,-187.55125851711875,1344.207709477495,14.066344388782486,-18.481335405830414,2.9677946120922718e-19
1787278745.111531,resting,fast,1787278739.9715214,-245.06045113328173,-185.733525574684,1344.144648880997,13.930014418100203,-18.379533834995996,2.968449707556648e-19
1787278745.122522,resting,fast,1787278739.9715214,-244.93067549457965,-184.00494909494353,1344.152265421434,13.800371182119779,-18.369800662093354,2.9686143659726905e-19
1787278745.1336148,resting,fast,1787278739.9715214,-245.59840547819795,-185.76582819179123,1345.4378805157403,13.932437114383465,-18.41988041086482,2.9715302844915504e-19
1787278745.1446598,resting,fast,1787278739.9715214,-246.61264253325453,-186.75185372942985,1347.676745306294,14.006389029706131,-18.495948189993783,2.974104981070471e-19
1787278745.1558237,resting,fast,1787278739.9715214,-245.9255660655349,-186.65692682236852,1349.8096002112443,13.999269511676449,-18.44441745491509,2.973684245390124e-19
1787278745.16692,resting,fast,1787278739.9715214,-245.13806663048808,-185.01933055069424,1345.9953355833868,13.87644979130079,-18.385354997286356,2.970690942647525e-19
1787278745.1775289,resting,fast,1787278739.9715214,-245.32286364708898,-183.71279987821242,1345.9108185611467,13.778459990864807,-18.399214773531412,2.9682277742879584e-19
1787278745.188696,resting,fast,1787278739.9715214,-247.74783122956478,-186.62828337933922,1345.5568577905442,13.997121253449041,-18.581087342217145,2.9650929030909246e-19
1787278745.200214,resting,fast,1787278739.9715214,-248.62146890427584,-186.17471913686416,1349.0475646519071,13.963103935263735,-18.64661016782034,2.9678770433722277e-19
1787278745.210887,resting,fast,1787278739.9715214,-246.24704977496322,-186.44441148881708,1343.8934586682562,13.983330861660182,-18.46852873312197,2.9637484903780294e-19
1787278745.2221541,resting,fast,1787278739.9715214,-245.86095650638208,-185.3290947561435,1344.687297271038,13.89968210670975,-18.43957173797856,2.968892271897331e-19
1787278745.2335672,resting,fast,1787278739.9715214,-245.4796509041521,-185.418937221929,1342.120539075272,13.906420291643403,-18.410973817811318,2.967974324646799e-19
1787278745.2445807,resting,fast,1787278739.9715214,-247.50346970463625,-186.177883079239,1346.6203002078446,13.963341230941683,-18.562760227847676,2.9753879564117654e-19
1787278745.2556636,resting,fast,1787278739.9715214,-246.74228599719618,-186.3924365483532,1345.0358180866197,13.979432741125269,-18.505671449789318,2.9731959732067293e-19
1787278745.266793,resting,fast,1787278739.9715214,-247.13818169316846,-188.10935045579106,1346.6212536448375,14.108201284183426,-18.535363626987525,2.9739983399067306e-19
1787278745.2780025,resting,fast,1787278739.9715214,-245.83021535442504,-186.51090569120868,1340.0075041940154,13.988317926839532,-18.437266151581767,2.9672636460388116e-19
1787278745.288978,resting,fast,1787278739.9715214,-245.65739413026176,-185.99730147140474,1336.4216745339663,13.949797610354299,-18.42430455976961,2.9621778396246225e-19
1787278745.3001547,resting,fast,1787278739.9715214,-245.47587729329598,-183.99171571904378,1335.173842282219,13.799378678927102,-18.410690796997017,2.9610049913266983e-19
1787278745.311291,resting,fast,1787278739.9715214,-246.58345919428984,-185.85612894428402,1338.27136217514,13.939209670819995,-18.49375943957159,2.9625872075788134e-19
1787278745.322275,resting,fast,1787278739.9715214,-248.40012063245422,-186.65122331167765,1343.1989485980366,13.998841748374705,-18.630009047433802,2.9657430322574747e-19
1787278745.3334537,resting,fast,1787278739.9715214,-247.60327539109176,-186.87732438882438,1342.140769621502,14.015799329160547,-18.570245654331565,2.962885086548674e-19
1787278745.3445938,resting,fast,1787278739.9715214,-247.53195880463636,-185.5489908971664,1344.1283812753436,13.916174317286508,-18.564896910347443,2.9637467778695978e-19
1787278745.3557284,resting,fast,1787278739.9715214,-246.21230111407976,-185.4062055977373,1343.20199351674,13.905465419829188,-18.465922583555596,2.965683517110173e-19
1787278745.3667614,resting,fast,1787278739.9715214,-246.5671535475317,-186.27943706659346,1344.7618013897018,13.970957779993231,-18.49253651606469,2.9693899668482973e-19
1787278745.377958,resting,fast,1787278739.9715214,-247.20087101709623,-187.49634696467967,1346.6429418015223,14.06222602234961,-18.540065326281933,2.9714922604632814e-19
1787278745.388898,resting,fast,1787278739.9715214,-248.05449110391737,-187.44380633417438,1348.2155659152895,14.058285475061982,-18.604086832793683,2.973663981720188e-19
1787278745.4001193,resting,fast,1787278739.9715214,-248.02651417805873,-188.46884879990887,1346.2035630293221,14.135163659991893,-18.60198856335404,2.9715383521087806e-19
1787278745.4110622,resting,fast,1787278739.9715214,-246.9767130693358,-187.86895686732112,1343.8932605823293,14.090171765048016,-18.523253480199976,2.970218293072242e-19
1787278745.4223235,resting,fast,1787278739.9715214,-246.4889183212931,-186.53837524477842,1346.124275691648,13.990378143356981,-18.48666887409678,2.966408278128664e-19
1787278745.433374,resting,fast,1787278739.9715214,-246.4538913469737,-184.13881762024232,1347.1843666327668,13.810411321517012,-18.48404185102269,2.967581875231631e-19
1787278745.4444864,resting,fast,1787278739.9715214,-246.9533796272176,-183.62129171270396,1347.7124056023504,13.771596878451593,-18.521503472041275,2.9683252228021893e-19
1787278745.455634,resting,fast,1787278739.9715214,-248.32642910855566,-185.00889728216077,1344.7186859191215,13.875667296160945,-18.624482183141346,2.9713830639822255e-19
1787278745.4666116,resting,fast,1787278739.9715214,-249.92416949633616,-186.89775697136236,1349.6439442629317,14.01733177285104,-18.74431271222509,2.9742513380025985e-19
1787278745.477884,resting,fast,1787278739.9715214,-247.34655490994965,-186.3701769484968,1341.502471665638,13.977763271135988,-18.55099161824593,2.9695983333058317e-19
1787278745.4888084,resting,fast,1787278739.9715214,-246.67125484832877,-185.5701243857485,1340.1988176042132,13.917759328929836,-18.500344113624216,2.9657175066020084e-19
1787278745.5000625,resting,fast,1787278739.9715214,-244.9268820799939,-185.2587370329146,1336.7433184267657,13.894405277467232,-18.369516155999328,2.959321000332948e-19
1787278745.5111678,resting,fast,1787278739.9715214,-247.80640610911132,-186.14037867016907,1346.08724073334,13.960528400261612,-18.58548045818302,2.9637427618572514e-19
1787278745.522203,resting,fast,1787278739.9715214,-248.05152838668846,-187.0700631765393,1347.961168184681,14.030254738239382,-18.603864629001592,2.967051123907802e-19
1787278745.5333006,resting,fast,1787278739.9715214,-249.5041150003749,-186.3272982894665,1348.0523979023574,13.974547371708969,-18.712808625028124,2.971664250604306e-19
1787278745.54433,resting,fast,1787278739.9715214,-247.7710656821223,-186.58205291416414,1342.6491015437705,13.99365396856118,-18.582829926159057,2.965293235919948e-19
1787278745.5553586,resting,fast,1787278739.9715214,-248.42305567831454,-186.53002437972157,1347.3130050048048,13.989751828477882,-18.631729175873275,2.967559954014674e-19
1787278745.5664713,resting,fast,1787278739.9715214,-247.55490605677778,-187.49812789057603,1347.401456796736,14.062359591792134,-18.56661795425824,2.9662326305432433e-19
1787278745.5776415,resting,fast,1787278739.9715214,-249.8082656622496,-187.79089798523967,1352.8398651391444,14.08431734889189,-18.735619924668732,2.973047867190846e-19
1787278745.588547,resting,fast,1787278739.9715214,-247.90051401431128,-185.69930154195788,1348.2253040770674,13.927447615645494,-18.592538551073062,2.967838139306614e-19
1787278745.5997288,resting,fast,1787278739.9715214,-248.56046152551926,-185.11524389277963,1350.0052176366562,13.883643291957117,-18.642034614413532,2.9693242787294334e-19
1787278745.6107314,resting,fast,1787278739.9715214,-246.36243041115858,-184.53595425520018,1347.8184985362868,13.840196569138957,-18.477182280836857,2.96831873431791e-19
1787278745.6219099,resting,fast,1787278739.9715214,-247.4565397711208,-186.03974321559792,1354.3556526322855,13.952980741168677,-18.559240482833886,2.9720097095740047e-19
1787278745.6331494,resting,fast,1787278739.9715214,-246.57141378500592,-186.25724685334455,1354.02993980044,13.969293513999734,-18.492856033875363,2.9681904455841746e-19
1787278745.644265,resting,fast,1787278739.9715214,-248.30920192723943,-186.63595549225954,1355.7935225764368,13.997696661918358,-18.623190144542598,2.970551002578591e-19
1787278745.6553502,resting,fast,1787278739.9715214,-247.5742800729472,-186.22783697275588,1353.2968575880013,13.967087772955441,-18.568071005470912,2.9735000676048057e-19
1787278745.6665184,resting,fast,1787278739.9715214,-248.76387423451843,-186.01963768298322,1354.2559826869701,13.951472826222417,-18.657290567588646,2.976948016620876e-19
1787278745.6774156,resting,fast,1787278739.9715214,-247.67036135597527,-185.03462389229264,1356.1549568481469,13.877596791920784,-18.575277101698056,2.970362945637593e-19
1787278745.6884751,resting,fast,1787278739.9715214,-249.01880540948378,-184.52293298767324,1356.8753350321504,13.839219974074314,-18.676410405711174,2.964739980004634e-19
1787278745.6997125,resting,fast,1787278739.9715214,-248.09503789027394,-183.80715982454205,1357.3513015844374,13.785536986839336,-18.60712784177028,2.964927760402592e-19
1787278745.7106543,resting,fast,1787278739.9715214,-248.56891283948198,-184.05598776053182,1357.6025993702924,13.804199082038753,-18.642668462960977,2.971055322348913e-19
1787278745.721696,resting,fast,1787278739.9715214,-248.25042167658603,-185.439732944934,1358.9372089435174,13.907979970868897,-18.61878162574407,2.9749754441540004e-19
1787278745.7328715,resting,fast,1787278739.9715214,-249.4828743759267,-186.0561449167186,1358.6937194615957,13.954210868752629,-18.71121557819437,2.974196383707119e-19
1787278745.7439399,resting,fast,1787278739.9715214,-249.06504151275158,-186.88376334881661,1353.4030494716271,14.016282251160039,-18.679878113456006,2.9698489596256156e-19
1787278745.7552633,resting,fast,1787278739.9715214,-247.2614668076235,-185.25874950743548,1346.1139511466017,13.894406213056516,-18.544610010571404,2.9650153447014254e-19
1787278745.7663577,resting,fast,1787278739.9715214,-245.86779097786302,-184.84170870684295,1342.8926791766653,13.863128153011932,-18.44008432333952,2.9641881289589953e-19
1787278745.777476,resting,fast,1787278739.9715214,-246.47334255017404,-185.08357062032758,1343.701026399126,13.881267796523293,-18.485500691262686,2.965876747226691e-19
1787278745.7884243,resting,fast,1787278739.9715214,-248.01735679473086,-188.13239545973613,1346.1750159213889,14.109929659479224,-18.601301759604816,2.968658284626235e-19
1787278745.7995546,resting,fast,1787278739.9715214,-247.52392782108063,-187.84839422199764,1342.6931713021704,14.088629566648681,-18.564294586580985,2.962043371443058e-19
1787278745.810624,resting,fast,1787278739.9715214,-246.7777406208602,-188.2146730793196,1345.4929954220615,14.116100480947939,-18.5083305465644,2.9632173403853674e-19
1787278745.8217692,resting,fast,1787278739.9715214,-246.93837885450512,-187.58760885131767,1349.6136576979034,14.069070663847686,-18.520378414087823,2.96524275827921e-19
1787278745.8328524,resting,fast,1787278739.9715214,-248.08055436794575,-188.30450774367307,1355.874428328193,14.122838080774347,-18.606041577595676,2.9734668478923317e-19
1787278745.84399,resting,fast,1787278739.9715214,-248.73813832387214,-187.05578172958337,1356.8505256590952,14.029183629717554,-18.655360374290296,2.973702311450227e-19
1787278745.85515,resting,fast,1787278739.9715214,-248.65779615828842,-185.80612694566173,1354.285987907274,13.935459520923377,-18.64933471187136,2.9706309634664256e-19
1787278745.8662117,resting,fast,1787278739.9715214,-249.027621436127,-186.79012392487846,1354.6341192198042,14.009259294364814,-18.677071607709266,2.97050905610491e-19
1787278745.8774078,resting,fast,1787278739.9715214,-248.51516659602066,-187.95830398110013,1349.3470247942523,14.096872798581135,-18.638637494701186,2.9725460574035346e-19
1787278745.8884144,resting,fast,1787278739.9715214,-248.91151341965133,-190.42348742814136,1349.378116629986,14.281761557109238,-18.668363506473526,2.9764366072838664e-19
1787278745.8996372,resting,fast,1787278739.9715214,-248.8433589333049,-189.8033366822807,1350.731129860581,14.235250251169777,-18.663251919997784,2.9792692577425153e-19
1787278745.9106932,resting,fast,1787278739.9715214,-249.3110801919306,-188.66292570403118,1355.590652238233,14.14971942780102,-18.69833101439454,2.977160045467345e-19
1787278745.921706,resting,fast,1787278739.9715214,-247.8089612825711,-186.1975723480533,1354.2707139555305,13.964817926102828,-18.585672096192702,2.9779456825612594e-19
1787278745.932968,resting,fast,1787278739.9715214,-247.20744250062717,-185.0943566154748,1349.0062946512362,13.882076746159488,-18.540558187546857,2.973230096964846e-19
1787278745.9439862,resting,fast,1787278739.9715214,-247.5039771953666,-184.88563687377666,1348.8936794251886,13.866422765532167,-18.562798289652136,2.9734817594471406e-19
1787278745.9551778,resting,fast,1787278739.9715214,-249.85722076351476,-187.3564693249001,1354.3877418656384,14.051735199366252,-18.739291557263208,2.976596478628885e-19
1787278745.9661727,resting,fast,1787278739.9715214,-249.2879902864629,-187.129058485698,1355.6428933707493,14.034679386426266,-18.696599271484487,2.9774294437270575e-19
1787278745.976908,resting,fast,1787278739.9715214,-248.93668474796368,-187.20619756842746,1354.6096253618625,14.040464817630937,-18.67025135609707,2.9767765567927025e-19
1787278745.9882846,resting,fast,1787278739.9715214,-247.4361589643645,-184.67936908807712,1348.4776344810552,13.850952681604642,-18.557711922327144,2.9692376839996385e-19
1787278745.999529,resting,fast,1787278739.9715214,-247.61557042453342,-184.31703971492277,1348.8266702571937,13.8237779786181,-18.571167781839968,2.9688253386817026e-19
1787278746.01047,resting,fast,1787278739.9715214,-247.54638197198028,-184.4191148748979,1350.495597183647,13.831433615616138,-18.56597864789849,2.970232385214385e-19
1787278746.021569,resting,fast,1787278739.9715214,-247.78133483283682,-185.61679403336746,1352.4056075524268,13.921259552501457,-18.58360011246245,2.9743892703491944e-19
1787278746.032801,resting,fast,1787278739.9715214,-248.15090617189298,-187.1534775421818,1351.634646100244,14.036510815662556,-18.611317962891846,2.972162418942277e-19
1787278746.0437686,resting,fast,1787278739.9715214,-248.86880506127318,-188.6459455515659,1351.496217511146,14.148445916366317,-18.665160379595243,2.9724384597843226e-19
1787278746.0547822,resting,fast,1787278739.9715214,-247.36442436239713,-187.51504238669315,1344.5687174053537,14.063628179000947,-18.55233182717963,2.9646667599690916e-19
1787278746.0660098,resting,fast,1787278739.9715214,-247.10952186590248,-187.89511397523427,1344.556841300734,14.092133548141636,-18.533214139942615,2.9654056762684406e-19
1787278746.0770469,resting,fast,1787278739.9715214,-247.35077871504427,-187.40720735868956,1348.1258842129,14.055540551900425,-18.551308403628006,2.966896701813414e-19
1787278746.088092,resting,fast,1787278739.9715214,-248.81335982675546,-188.5219272128585,1357.7517549290433,14.139144540963219,-18.661001987006394,2.9761264960733116e-19
1787278746.0993276,resting,fast,1787278739.9715214,-248.5416216315375,-188.5972449913578,1359.4148863407127,14.144793374350574,-18.64062162236523,2.979218895075065e-19
1787278746.1103146,resting,fast,1787278739.9715214,-248.28451127887865,-188.21648004216456,1356.7218551549677,14.116236003161024,-18.621338345915646,2.9777499035736945e-19
1787278746.1214461,resting,fast,1787278739.9715214,-247.61280377362664,-187.35191786464577,1354.369545357912,14.051393839847297,-18.570960283021734,2.9738282034753057e-19
1787278746.132583,resting,fast,1787278739.9715214,-248.21044245186977,-187.47423120415044,1353.0974938688205,14.060567340310147,-18.615783183889796,2.9727772526491737e-19
1787278746.1436555,resting,fast,1787278739.9715214,-247.22496965899654,-186.8323493990905,1351.6273964425736,14.012426204930694,-18.541872724424742,2.9721452933799696e-19
1787278746.1546922,resting,fast,1787278739.9715214,-246.78279408861226,-186.88585559695923,1349.1294082788581,14.016439169770837,-18.50870955664579,2.972956283995735e-19
1787278746.1658132,resting,fast,1787278739.9715214,-245.98603646304264,-185.82785236645066,1350.2677982935447,13.937088927482623,-18.448952734728223,2.973738249551001e-19
1787278746.177001,resting,fast,1787278739.9715214,-246.531113589072,-186.20489047390686,1350.8902468371116,13.965366785541978,-18.489833519180195,2.9720412244110177e-19
1787278746.188079,resting,fast,1787278739.9715214,-247.80549558850043,-186.15596632788322,1351.6967455860713,13.961697474590043,-18.5854121691375,2.9715591851728074e-19
1787278746.1993432,resting,fast,1787278739.9715214,-248.47510445764647,-187.43731950115568,1350.0755393513218,14.057798962585384,-18.635632834323367,2.973135646913011e-19
1787278746.2102976,resting,fast,1787278739.9715214,-248.762926550246,-188.42653787744655,1348.8513757652372,14.13199034080738,-18.657219491268258,2.974382901014657e-19
1787278746.2214692,resting,fast,1787278739.9715214,-247.43776429687887,-188.67557050269545,1342.0402407279298,14.150667787701128,-18.557832322265625,2.9674259403357805e-19
1787278746.2326272,resting,fast,1787278739.9715214,-246.9954779006198,-187.61566852451335,1340.8163467559434,14.071175139337317,-18.524660842546176,2.9647169817876344e-19
1787278746.2435994,resting,fast,1787278739.9715214,-247.31130826662093,-186.82173255843588,1344.532305897067,14.011629941881626,-18.548348119996405,2.9682574338118485e-19
1787278746.2548027,resting,fast,1787278739.9715214,-248.50236644108872,-187.90183245529772,1351.4668130552027,14.092637434146244,-18.637677483081447,2.9744441074870233e-19
1787278746.2658937,resting,fast,1787278739.9715214,-248.95695067174393,-187.18144774423592,1355.8512709223533,14.038608580816518,-18.671771300380676,2.9770869077650474e-19
1787278746.2768064,resting,fast,1787278739.9715214,-247.92514077335954,-186.68501373804122,1350.5538736685912,14.001376030351839,-18.59438555800174,2.97370041617806e-19
1787278746.2878942,resting,fast,1787278739.9715214,-250.4689091886562,-186.66329761307418,1359.9880419339888,13.99974732097957,-18.785168189149218,2.9806837329500793e-19
1787278746.2992063,resting,fast,1787278739.9715214,-250.88774548588344,-188.55114881320253,1360.0384268961889,14.141336160988903,-18.816580911441207,2.979975182401298e-19
1787278746.309802,resting,fast,1787278739.9715214,-251.94358897927714,-190.1994067808729,1362.8044218665536,14.26495550856426,-18.89576917344545,2.979862615597378e-19
1787278746.3210275,resting,fast,1787278739.9715214,-249.51932362916295,-190.55672487437153,1354.3533754454666,14.291754365576711,-18.713949272186973,2.9748207469960597e-19
1787278746.3325028,resting,fast,1787278739.9715214,-248.8782680554109,-189.30678653893926,1351.8099101110156,14.198008990419272,-18.66587010415558,2.9735710165511115e-19
1787278746.343436,resting,fast,1787278739.9715214,-248.88719142109085,-188.22381508971387,1350.6736809006989,14.116786131727512,-18.666539356581687,2.9719942545620714e-19
1787278746.3546047,resting,fast,1787278739.9715214,-248.28619976960044,-186.7202952270269,1353.594279005455,14.00402214202612,-18.621464982719978,2.9745285726730188e-19
1787278746.3656764,resting,fast,1787278739.9715214,-248.76954417110892,-186.87342086918864,1353.952160729471,14.015506565187838,-18.657715812833096,2.973619155727919e-19
1787278746.3769,resting,fast,1787278739.9715214,-247.40482767056665,-186.78137769466332,1353.0396743599058,14.008603327098758,-18.555362075292386,2.973719101071136e-19
1787278746.388003,resting,fast,1787278739.9715214,-247.15474468677212,-186.44802382184832,1345.6520443143972,13.983601786637383,-18.53660585150753,2.9681454776746807e-19
1787278746.3989708,resting,fast,1787278739.9715214,-246.62476547843062,-186.98643554752732,1346.9821506390317,14.023982666063564,-18.496857410881958,2.9713356240694333e-19
1787278746.4101617,resting,fast,1787278739.9715214,-248.2598431735728,-188.41416803401933,1350.538161685784,14.131062602550347,-18.619488238017823,2.9733101206512607e-19
1787278746.4211838,resting,fast,1787278739.9715214,-247.9029104625065,-188.44460389649169,1353.6333511592647,14.133345292235777,-18.592718284687997,2.975468752508146e-19
1787278746.4323587,resting,fast,1787278739.9715214,-248.138291140795,-187.54972371502242,1353.8334686893895,14.066229278625702,-18.610371835559413,2.9746258306839662e-19
1787278746.4435174,resting,fast,1787278739.9715214,-247.0453713315478,-185.90585989722183,1351.1072783821282,13.942939492290552,-18.5284028498659,2.9752425765424963e-19
1787278746.4545176,resting,fast,1787278739.9715214,-246.89130444531156,-186.42065683916178,1349.645918790934,13.981549262936102,-18.516847833398387,2.975894377896359e-19
1787278746.4657667,resting,fast,1787278739.9715214,-246.1355022028324,-186.89103764191384,1350.0094156599362,14.016827823142382,-18.4601626652123,2.9766217240297744e-19
1787278746.4768028,resting,fast,1787278739.9715214,-247.75227774642417,-188.45662017102302,1354.1852654562927,14.134246512825502,-18.58142083098157,2.978406669170333e-19
1787278746.4879897,resting,fast,1787278739.9715214,-250.2238826492062,-188.59220969093406,1362.0341288915015,14.144415726818895,-18.76679119869022,2.9809585765502665e-19
1787278746.498976,resting,fast,1787278739.9715214,-249.43184820598754,-188.20838965607902,1355.2280977081818,14.115629224204941,-18.707388615448814,2.978333507156945e-19
1787278746.5100887,resting,fast,1787278739.9715214,-249.3377292678456,-187.51579463994028,1355.1082736196813,14.063684597994357,-18.700329695088456,2.978909045741003e-19
1787278746.5210085,resting,fast,1787278739.9715214,-247.3114279721708,-187.04804904865966,1347.681466205845,14.028603678648413,-18.548357097912486,2.9742770836197237e-19
1787278746.53216,resting,fast,1787278739.9715214,-247.87817445035716,-186.49574176552017,1353.702316200336,13.987180632412919,-18.59086308377657,2.9766591090427077e-19
1787278746.5432513,resting,fast,1787278739.9715214,-246.0588508426922,-186.5407333885786,1347.0836895819566,13.990555004142141,-18.454413813201768,2.9723951327461795e-19
1787278746.5544899,resting,fast,1787278739.9715214,-244.35388177033155,-185.42433634079964,1340.4545377903714,13.906825225558794,-18.32654113277468,2.970053956012315e-19
1787278746.5655446,resting,fast,1787278739.9715214,-246.23204351534832,-185.71870660077946,1342.0369316414499,13.928902995057303,-18.46740326365086,2.9699880681457694e-19
1787278746.5765526,resting,fast,1787278739.9715214,-247.62865731668307,-184.5486841156993,1349.041050052484,13.841151308676391,-18.57214929875107,2.9771777867142555e-19
1787278746.5875862,resting,fast,1787278739.9715214,-249.39241864395945,-186.39015710200454,1356.6158263660827,13.97926178264915,-18.7044313982967,2.9815380402681766e-19
1787278746.6009037,resting,fast,1787278739.9715214,-248.36399166960518,-186.26750676581753,1355.0950115271362,13.97006300743529,-18.62729937522034,2.9794950552170016e-19
1787278746.60983,resting,fast,1787278739.9715214,-246.8607463709218,-186.93805714692087,1351.246492368994,14.02035428601788,-18.5145559778188,2.972551849281892e-19
1787278746.6209805,resting,fast,1787278739.9715214,-246.97645564973982,-185.69371359063518,1349.2977593374935,13.927028519296375,-18.523234173730152,2.9710880614521405e-19
1787278746.6340132,resting,fast,1787278739.9715214,-247.09939949642148,-185.97778250105887,1348.5856758055152,13.948333687578202,-18.53245496223127,2.973213900990324e-19
1787278746.6431425,resting,fast,1787278739.9715214,-247.42036493662954,-185.37787713829164,1347.82236456002,13.903340785370762,-18.55652737024711,2.974415807969439e-19
1787278746.654211,resting,fast,1787278739.9715214,-247.73826655337734,-186.80097450552523,1349.4530442458245,14.010073087913273,-18.580369991503048,2.975561900105034e-19
1787278746.6677594,resting,fast,1787278739.9715214,-247.0912403182142,-187.09131731776222,1347.8677723571554,14.03184879883094,-18.531843023866116,2.9734861485887576e-19
1787278746.676398,resting,fast,1787278739.9715214,-247.7837410747502,-187.7772880683625,1350.8856043259575,14.083296605126126,-18.583780580606195,2.9742675043574386e-19
1787278746.6876593,resting,fast,1787278739.9715214,-248.15996520029375,-188.30190541672744,1353.021068679901,14.122642906253223,-18.611997390021948,2.9773528545616294e-19
1787278746.7000592,resting,fast,1787278739.9715214,-248.84218889871727,-188.19458044777627,1356.610087732589,14.11459353358217,-18.66316416740365,2.973540583535083e-19
1787278746.709642,resting,fast,1787278739.9715214,-247.4116539691272,-186.21956477934248,1351.4107753019498,13.966467358449624,-18.555874047684398,2.9697249480909493e-19
1787278746.7208726,resting,fast,1787278739.9715214,-247.4547974062084,-185.72767728020392,1353.387473065709,13.929575796014067,-18.55910980546558,2.9707572453023577e-19
1787278746.7334473,resting,fast,1787278739.9715214,-247.9968790138587,-186.20276426641237,1351.2840482827696,13.965207319979545,-18.599765926039154,2.974681424665211e-19
1787278746.743021,resting,fast,1787278739.9715214,-249.26350205831523,-187.73158747254854,1353.2061183358082,14.079869060439936,-18.694762654373662,2.98263089101184e-19
1787278746.7541869,resting,fast,1787278739.9715214,-248.08204950653226,-186.01003682939142,1348.6766781766737,13.950752762203297,-18.6061537129898,2.9776178720559505e-19
1787278746.7654662,resting,fast,1787278739.9715214,-247.7292995301873,-187.24401215188516,1349.1801213671306,14.04330091139045,-18.57969746476411,2.9788054902238146e-19
1787278746.7763674,resting,fast,1787278739.9715214,-246.62289823392666,-187.98605132905925,1346.3372798563296,14.098953849678328,-18.496717367544086,2.9708498816132534e-19
1787278746.787573,resting,fast,1787278739.9715214,-248.0293360328983,-189.3629913187009,1347.7501439374073,14.202224348901186,-18.602200202467095,2.9735777712003747e-19
1787278746.799624,resting,fast,1787278739.9715214,-248.62233889901336,-188.0357897075147,1347.9767793271449,14.102684228062362,-18.646675417425946,2.9740581640626067e-19
1787278746.8093336,resting,fast,1787278739.9715214,-249.25077144446595,-187.1647320924218,1349.986571470111,14.037354906930648,-18.693807858334765,2.979865633078107e-19
1787278746.8207316,resting,fast,1787278739.9715214,-247.9202778213962,-186.24085746707158,1349.5306575389013,13.968064310029337,-18.594020836604727,2.978904796118169e-19
1787278746.83385,resting,fast,1787278739.9715214,-247.28899144634715,-186.97779382337478,1350.3486520777342,14.023334536751936,-18.546674358475997,2.980052002100032e-19
1787278746.8430216,resting,fast,1787278739.9715214,-247.46035145091673,-187.60340743926315,1353.4302581251914,14.070255557943643,-18.559526358818687,2.9801616051518153e-19
1787278746.8541317,resting,fast,1787278739.9715214,-249.1452277581443,-188.80370969946796,1355.4363168196405,14.160278227458793,-18.68589208186058,2.9783988411901487e-19
1787278746.8667219,resting,fast,1787278739.9715214,-247.80475932444233,-187.37991559482418,1351.3439154290127,14.053493669610535,-18.58535694933292,2.974007334410256e-19
1787278746.876397,resting,fast,1787278739.9715214,-247.20429934072536,-186.4421372365881,1347.3682333238294,13.983160292742927,-18.540322450554214,2.9685405566974176e-19
1787278746.8875308,resting,fast,1787278739.9715214,-246.1210475433868,-184.87274745171374,1343.596117627124,13.865456058877346,-18.459078565753785,2.9672851373029843e-19
1787278746.8996003,resting,fast,1787278739.9715214,-247.10761732034507,-185.23382964089467,1345.2817925057507,13.892537223065862,-18.533071299025494,2.9708810031649833e-19
1787278746.9096122,resting,fast,1787278739.9715214,-245.92459766974707,-186.69366738627934,1346.195152968291,14.002025053969934,-18.44434482523082,2.969930382228261e-19
1787278746.9207695,resting,fast,1787278739.9715214,-244.98489746181667,-187.30587871363844,1347.33529101148,14.047940903521653,-18.373867309635898,2.969355540025323e-19
1787278746.9340966,resting,fast,1787278739.9715214,-245.02521146195386,-187.72797267982799,1345.6732375914426,14.079597950985946,-18.376890859646416,2.9659588809088857e-19
1787278746.9429376,resting,fast,1787278739.9715214,-246.94958086217002,-186.79960781910256,1349.5887199459949,14.009970586431539,-18.521218564662583,2.971511320697187e-19
1787278746.9540691,resting,fast,1787278739.9715214,-247.90058343205374,-186.73450761158585,1353.4352503816453,14.005088070867846,-18.59254375740369,2.9772073694667685e-19
1787278746.9664307,resting,fast,1787278739.9715214,-248.10271183691975,-186.3953573278219,1356.7336173591657,13.979651799585458,-18.607703387768794,2.97686189114349e-19
1787278746.976287,resting,fast,1787278739.9715214,-248.7065880044952,-186.82714570655583,1353.1343553387314,14.012035927990457,-18.652994100336713,2.9778694935057165e-19
1787278746.9873345,resting,fast,1787278739.9715214,-248.4657177969334,-187.41789554734748,1349.613711994968,14.05634216604982,-18.634928834769745,2.9762548669799335e-19
1787278746.9989178,resting,fast,1787278739.9715214,-248.51392775087652,-187.95234374157906,1348.6882715995953,14.096425780617128,-18.63854458131552,2.9770317957960545e-19
1787278747.009565,resting,fast,1787278739.9715214,-247.09211532775635,-186.46890621874593,1346.630434667176,13.985167966404735,-18.53190864958158,2.971151266143706e-19
1787278747.0206616,resting,fast,1787278739.9715214,-247.1054465577431,-186.3766790892356,1346.0253161786795,13.978250931691637,-18.53290849183046,2.9696528211252415e-19
1787278747.0321338,resting,fast,1787278739.9715214,-246.6346174781179,-186.3303889628395,1347.1208315711801,13.974779172211772,-18.497596310858697,2.973386225703623e-19
1787278747.042821,resting,fast,1787278739.9715214,-245.96998080713684,-187.13332025945522,1346.1006382073692,14.034999019457903,-18.44774856053509,2.973744812968442e-19
1787278747.0539787,resting,fast,1787278739.9715214,-245.38817707258704,-185.48306775035724,1346.1748135336848,13.911230081275637,-18.4041132804439,2.97249899735816e-19
1787278747.0650494,resting,fast,1787278739.9715214,-245.6493450935218,-186.74723578311807,1345.2067555113872,14.006042683732762,-18.423700882014145,2.9688877915785794e-19
1787278747.0761476,resting,fast,1787278739.9715214,-245.54090902281905,-186.48473206012056,1344.6113254904021,13.986354904507895,-18.415568176711197,2.968404613442415e-19
1787278747.0873597,resting,fast,1787278739.9715214,-245.81718231518562,-186.51810874954856,1344.8893436239514,13.988858156214906,-18.43628867363862,2.9689332909122244e-19
1787278747.0983229,resting,fast,1787278739.9715214,-244.66985479373716,-184.34398687350256,1339.242251168217,13.825799015511624,-18.350239109530065,2.9652095597907037e-19
1787278747.1095686,resting,fast,1787278739.9715214,-245.48597119451415,-183.33197742072923,1340.5109096479491,13.74989830655338,-18.41144783958819,2.9639317590779817e-19
1787278747.1206255,resting,fast,1787278739.9715214,-245.00201826142393,-184.66602213005183,1338.1391723894603,13.849951659752623,-18.375151369606584,2.965472195133238e-19
1787278747.131716,resting,fast,1787278739.9715214,-246.04380682534384,-184.27032204378304,1345.3815801120154,13.820274153282558,-18.453285511900603,2.9707837280065128e-19
1787278747.1427302,resting,fast,1787278739.9715214,-246.08883746423408,-184.9891880551994,1343.5378971843247,13.874189104138868,-18.45666280981709,2.973863528680441e-19
1787278747.1539185,resting,fast,1787278739.9715214,-247.25971413216803,-184.41500878956015,1347.3961835969176,13.831125659215903,-18.544478559912392,2.972394486629819e-19
1787278747.1649745,resting,fast,1787278739.9715214,-247.51497185969993,-185.17773732748458,1346.446937342408,13.888330299560128,-18.563622889477386,2.971546758512349e-19
1787278747.1759937,resting,fast,1787278739.9715214,-247.4279218898114,-184.88942537847777,1347.9065777229562,13.866706903384728,-18.557094141735718,2.967742127149755e-19
1787278747.1871612,resting,fast,1787278739.9715214,-247.13445785450176,-185.4116934207358,1345.3041346229084,13.905877006554139,-18.535084339087263,2.966484591568191e-19
1787278747.198273,resting,fast,1787278739.9715214,-246.99928557721387,-186.59831246227043,1345.678774084029,13.994873434669191,-18.524946418290767,2.9656180474253434e-19
1787278747.209399,resting,fast,1787278739.9715214,-248.28089141852024,-188.6018164962087,1347.4124361999538,14.14513623721449,-18.62106685638875,2.9734066248329113e-19
1787278747.2204998,resting,fast,1787278739.9715214,-247.92599243086124,-187.9054952426817,1350.0965386462985,14.092912143199985,-18.594449432314498,2.9758647793312775e-19
1787278747.2316515,resting,fast,1787278739.9715214,-247.92906353278204,-185.34133329032818,1351.5749176217641,13.900599996773426,-18.594679764958478,2.978262937391979e-19
1787278747.2426057,resting,fast,1787278739.9715214,-246.74398209192213,-184.13232773825473,1351.2796640431998,13.809924580367852,-18.505798656893724,2.973626723094963e-19
1787278747.253859,resting,fast,1787278739.9715214,-247.36616496613397,-184.6680544213906,1350.4578825576546,13.850104081603138,-18.552462372459956,2.971891385411878e-19
1787278747.2648356,resting,fast,1787278739.9715214,-247.77530084141426,-185.16850264214133,1351.2305845370438,13.887637698159313,-18.583147563105797,2.9720448029069698e-19
1787278747.2760682,resting,fast,1787278739.9715214,-247.00190573514783,-185.2506055165178,1348.7683651406323,13.893795413737625,-18.525142930135736,2.9710029144498917e-19
1787278747.2870338,resting,fast,1787278739.9715214,-246.4241196250464,-185.0062895137395,1347.1507140706444,13.875471713529425,-18.481808971878486,2.969749643511759e-19
1787278747.298203,resting,fast,1787278739.9715214,-245.69445199462598,-186.98871585293057,1342.9181644628907,14.0241536889685,-18.42708389959668,2.964561045794287e-19
1787278747.3091977,resting,fast,1787278739.9715214,-245.58919158307754,-187.05663880020472,1343.924368217834,14.02924791001428,-18.419189368730727,2.9628896408502814e-19
1787278747.3203416,resting,fast,1787278739.9715214,-245.83082378967129,-187.64875446983535,1351.4827817751147,14.073656585236566,-18.437311784225095,2.9659621781249225e-19
1787278747.3316543,resting,fast,1787278739.9715214,-246.43502060084802,-186.52801315166232,1351.1695871356542,13.989600986373535,-18.482626545063333,2.9689534965023184e-19
1787278747.3426046,resting,fast,1787278739.9715214,-247.57663055809053,-186.28426595407848,1350.4504724899589,13.971319946554747,-18.568247291856537,2.9738774214446943e-19
1787278747.3536637,resting,fast,1787278739.9715214,-249.0120082299377,-186.019045789831,1346.1771080620756,13.951428434236039,-18.675900617245446,2.97278461454957e-19
1787278747.364883,resting,fast,1787278739.9715214,-248.59467039521178,-185.11066279690897,1345.0368881616405,13.883299709767062,-18.644600279640926,2.9687503994953365e-19
1787278747.3759148,resting,fast,1787278739.9715214,-249.0633916931979,-184.7952225104799,1347.8919472691696,13.859641688284828,-18.679754376989607,2.9661640383341144e-19
1787278747.3870223,resting,fast,1787278739.9715214,-247.91618404212977,-184.32372681011486,1349.5573716783192,13.824279510757666,-18.593713803159552,2.967863865630948e-19
1787278747.3979297,resting,fast,1787278739.9715214,-247.9055923103383,-184.34934816701082,1352.0668459791823,13.826201112524632,-18.59291942327512,2.971191135697805e-19
1787278747.4091198,resting,fast,1787278739.9715214,-245.74168519810019,-182.49459165233372,1347.9924773982466,13.687094373923987,-18.430626389857267,2.9656170410117e-19
1787278747.4202116,resting,fast,1787278739.9715214,-245.73192141974096,-183.54560627975331,1343.9235050552716,13.765920470980422,-18.42989410648031,2.9634161448074707e-19
1787278747.4314225,resting,fast,1787278739.9715214,-246.5621393450724,-184.74426431593758,1345.2771915582935,13.855819823694066,-18.49216045088017,2.9658790704202733e-19
1787278747.4426541,resting,fast,1787278739.9715214,-248.3257292872563,-186.72445299152866,1352.0286694490178,14.004333974363423,-18.624429696544155,2.979228208355528e-19
1787278747.4537613,resting,fast,1787278739.9715214,-247.93785095857265,-185.80884066736223,1349.729287247771,13.935663050051051,-18.595338821892796,2.9747256902730126e-19
1787278747.464665,resting,fast,1787278739.9715214,-247.70857922072582,-186.63590017291256,1348.103677862825,13.997692512967209,-18.578143441554296,2.9733226996934937e-19
1787278747.4757433,resting,fast,1787278739.9715214,-246.19951163066025,-185.9456233055554,1343.5046868136878,13.94592174791551,-18.464963372299316,2.966711705022872e-19
1787278747.4869542,resting,fast,1787278739.9715214,-246.92665172128045,-185.66468594857872,1347.548593042503,13.924851446142416,-18.51949887909589,2.96845053290548e-19
1787278747.4974005,resting,fast,1787278739.9715214,-247.23568642267355,-184.8894206367096,1351.9204959342687,13.866706547752177,-18.542676481700305,2.972401142714286e-19
1787278747.5086994,resting,fast,1787278739.9715214,-247.9068761800013,-184.23427642196623,1351.5171784197837,13.817570731646445,-18.593015713499916,2.9645430348536864e-19
1787278747.5200572,resting,fast,1787278739.9715214,-248.85103994637893,-186.49878559722868,1357.1487508073506,13.987408919790742,-18.66382799597826,2.9699076529142513e-19
1787278747.5313852,resting,fast,1787278739.9715214,-248.94250851969946,-186.52401108563856,1353.6073019586775,13.989300831421634,-18.6706881389771,2.9650204223732454e-19
1787278747.5423338,resting,fast,1787278739.9715214,-248.70546028018407,-187.91559684117863,1352.9574848664297,14.093669763087224,-18.65290952101354,2.9686583153552966e-19
1787278747.553498,resting,fast,1787278739.9715214,-247.05278179031802,-186.1573606331482,1347.2004437425794,13.96180204748514,-18.528958634273692,2.967280481572405e-19
1787278747.5645394,resting,fast,1787278739.9715214,-246.4033179017847,-185.92805912255096,1347.2809192030627,13.944604434190186,-18.480248842633813,2.966348998428973e-19
1787278747.5756245,resting,fast,1787278739.9715214,-247.08627025561736,-185.5747294785682,1349.0468251853572,13.91810471089153,-18.531470269171287,2.9711395885442327e-19
1787278747.5867722,resting,fast,1787278739.9715214,-247.39683275401012,-185.59971270490416,1348.4048069821865,13.919978452866506,-18.554762456550613,2.96903333802442e-19
1787278747.5978682,resting,fast,1787278739.9715214,-246.58428466745545,-185.6505979078362,1347.9034115799086,13.923794843086473,-18.49382135005895,2.971122514853116e-19
1787278747.6089182,resting,fast,1787278739.9715214,-246.83425962911087,-185.29112073384442,1347.4990099287816,13.896834055037136,-18.512569472183117,2.9658996586215054e-19
1787278747.6200159,resting,fast,1787278739.9715214,-246.75807098826454,-186.75090244634987,1348.4428061135595,14.00631768347505,-18.506855324119627,2.966605280267461e-19
1787278747.6306894,resting,fast,1787278739.9715214,-245.9884947869773,-184.4851890549163,1346.0254264813002,13.836389179117436,-18.449137109023056,2.9631552426866466e-19
1787278747.6419604,resting,fast,1787278739.9715214,-246.40132685199706,-185.52500421458205,1347.5408908210165,13.914375316092563,-18.480099513899717,2.9657091975933566e-19
1787278747.6534128,resting,fast,1787278739.9715214,-245.32309646018302,-183.00582160191095,1345.4716406548332,13.725436620142279,-18.39923223451359,2.9671558897326693e-19
1787278747.6645155,resting,fast,1787278739.9715214,-248.29374625862556,-185.69886568290474,1352.0538015896718,13.927414926216787,-18.62203096939664,2.9722152396165437e-19
1787278747.6757019,resting,fast,1787278739.9715214,-248.9257422864389,-186.53652839320978,1351.194835625277,13.990239629489768,-18.66943067148288,2.9719629000578634e-19
1787278747.6867695,resting,fast,1787278739.9715214,-249.50879823663263,-187.02885143181663,1350.2828070835321,14.027163857385151,-18.713159867747194,2.969665799068883e-19
1787278747.6977296,resting,fast,1787278739.9715214,-248.97205887238806,-187.1052062243126,1344.3042316879264,14.032890466822227,-18.672904415428576,2.966638586104666e-19
1787278747.708388,resting,fast,1787278739.9715214,-247.89785463453563,-186.28238161244815,1345.029363438126,13.971178620932552,-18.59233909758997,2.9646745867242805e-19
1787278747.7196743,resting,fast,1787278739.9715214,-247.25912591209772,-186.54508247912884,1345.9880050264737,13.990881185933464,-18.544434443407248,2.965814418614809e-19
1787278747.7310538,resting,fast,1787278739.9715214,-246.0918124914101,-186.03148505676984,1344.8115611301191,13.952361379256434,-18.456885936855357,2.964703955297437e-19
1787278747.742138,resting,fast,1787278739.9715214,-246.9130571620276,-186.65194798999335,1345.073325325954,13.998896099248231,-18.518479287151862,2.971089276962105e-19
1787278747.753282,resting,fast,1787278739.9715214,-246.87440733416997,-187.55749353414774,1342.7515174886585,14.066812015060027,-18.515580550062452,2.968074657004417e-19
1787278747.7643855,resting,fast,1787278739.9715214,-246.68671013450648,-186.43645157097706,1343.453866861969,13.982733867822237,-18.501503260087745,2.9680590150015957e-19
1787278747.7754967,resting,fast,1787278739.9715214,-246.79201653623886,-186.58878296676414,1339.7333106344422,13.994158722505976,-18.509401240217883,2.9593882966790104e-19
1787278747.7866197,resting,fast,1787278739.9715214,-249.16154724938724,-186.90404955615224,1343.0635574800972,14.01780371671001,-18.687116043703824,2.965707049585798e-19
1787278747.7976556,resting,fast,1787278739.9715214,-249.9217542946967,-187.6785608114393,1344.8573111882952,14.075892060856592,-18.744131572102148,2.9633821477950676e-19
1787278747.8086116,resting,fast,1787278739.9715214,-249.16538558401544,-186.2090627535689,1350.2642890274265,13.9656797065166,-18.68740391880079,2.971069204846583e-19
1787278747.8198013,resting,fast,1787278739.9715214,-247.9092978319636,-184.99529527803963,1349.474567720813,13.874647145851899,-18.59319733739722,2.9664197681435353e-19
1787278747.8310287,resting,fast,1787278739.9715214,-248.19022689255098,-185.08236881009714,1351.733242288591,13.881177660756212,-18.614267016941042,2.9726841462425156e-19
1787278747.8420403,resting,fast,1787278739.9715214,-248.00118898386017,-185.6389322340034,1348.281839976321,13.922919917549184,-18.60008917378923,2.971714081347345e-19
1787278747.853192,resting,fast,1787278739.9715214,-247.4799559162907,-185.50023724459527,1346.429672842719,13.9125177933437,-18.560996693721464,2.970144771733792e-19
1787278747.8644242,resting,fast,1787278739.9715214,-246.40850093960626,-185.20299810980157,1343.4284921500193,13.890224858234067,-18.48063757047015,2.967070553047955e-19
1787278747.8753326,resting,fast,1787278739.9715214,-246.67025980632616,-185.54614162768723,1340.1254866130266,13.91596062207535,-18.50026948547427,2.964052218863231e-19
1787278747.8866467,resting,fast,1787278739.9715214,-247.9148036880947,-186.77011550797454,1346.2418886653622,14.007758663097167,-18.593610276607038,2.969409544621329e-19
1787278747.8975368,resting,fast,1787278739.9715214,-248.10083048688148,-187.83359312691448,1344.6983857822388,14.087519484517319,-18.60756228651602,2.9682840455203437e-19
1787278747.9086616,resting,fast,1787278739.9715214,-248.38992797056062,-188.33058724126965,1351.0407361264379,14.124794043094088,-18.62924459779174,2.9709772596895844e-19
1787278747.9197664,resting,fast,1787278739.9715214,-247.0830408416109,-188.14230669057304,1345.4176786407706,14.110673001791728,-18.53122806312065,2.96741720891343e-19
1787278747.9307573,resting,fast,1787278739.9715214,-246.7512172208758,-186.9881474685916,1344.3895825420977,14.024111060143245,-18.506341291565548,2.971112433622979e-19
1787278747.941798,resting,fast,1787278739.9715214,-247.6015424126067,-186.98760374090318,1347.7500303189636,14.02407028056641,-18.570115680945214,2.971176628101498e-19
1787278747.9529734,resting,fast,1787278739.9715214,-247.930564266509,-185.4402452420485,1351.3597572598783,13.908018393152535,-18.594792319987853,2.970396527052593e-19
1787278747.9640644,resting,fast,1787278739.9715214,-249.19403103410832,-186.36920495818106,1356.1253007699715,13.977690371862384,-18.689552327557955,2.9716530175785623e-19
1787278747.9750466,resting,fast,1787278739.9715214,-248.44498814997633,-186.3400412770958,1351.8567460602926,13.975503095780912,-18.633374111248074,2.9721701623982573e-19
1787278747.9863102,resting,fast,1787278739.9715214,-248.91746540674967,-187.29363377908214,1346.8879107666953,14.0470225334299,-18.66880990550616,2.974491997086115e-19
1787278747.997456,resting,fast,1787278739.9715214,-248.11940227728746,-186.29863823924813,1347.1214934937461,13.972397867942508,-18.608955170796392,2.973770438612519e-19
1787278748.0085049,resting,fast,1787278739.9715214,-247.38556860559265,-186.479280400967,1344.3120076407622,13.985946030071506,-18.55391764541934,2.967834047503374e-19
1787278748.0196757,resting,fast,1787278739.9715214,-247.72894242362008,-187.50543785268076,1351.7487160782157,14.062907838949886,-18.57967068177124,2.969547362933977e-19
1787278748.0307024,resting,fast,1787278739.9715214,-248.217781875916,-188.6033747836849,1350.3205626229128,14.14525310877514,-18.616333640693576,2.9677159910952617e-19
1787278748.0418894,resting,fast,1787278739.9715214,-249.0530993952766,-187.1436432379652,1354.7701067676962,14.035773242846123,-18.678982454645542,2.971650894769083e-19
1787278748.053083,resting,fast,1787278739.9715214,-248.51964080210155,-186.25594906548724,1349.6434452104522,13.969196179910444,-18.638973060157504,2.9691105365631153e-19
1787278748.0640473,resting,fast,1787278739.9715214,-249.02504813184305,-186.74816891670264,1351.2743690639263,14.006112668751587,-18.67687860988825,2.967933818225373e-19
1787278748.0751383,resting,fast,1787278739.9715214,-249.06602174311365,-188.91882164587935,1351.8848355827258,14.168911623439843,-18.6799516307331,2.972118638611652e-19
1787278748.0863304,resting,fast,1787278739.9715214,-248.95879599253522,-188.79463582346364,1352.5660070240983,14.159597686758591,-18.671909699439894,2.970480726251618e-19
1787278748.0976412,resting,fast,1787278739.9715214,-248.12090961675176,-187.54253495524642,1349.7979429921916,14.065690121642266,-18.609068221256173,2.9695800236521235e-19
1787278748.108533,resting,fast,1787278739.9715214,-246.68392173047005,-186.11064572025646,1344.8551235829682,13.95829842901816,-18.50129412978501,2.963428943758484e-19
1787278748.1193347,resting,fast,1787278739.9715214,-246.6529368278766,-186.36440174760662,1343.0503909370755,13.977330131069525,-18.498970262090438,2.963522430906335e-19
1787278748.1306794,resting,fast,1787278739.9715214,-245.78981182514553,-187.35151303929194,1340.3929310727844,14.051363477945944,-18.434235886885737,2.963195142052406e-19
1787278748.1418152,resting,fast,1787278739.9715214,-247.555124059661,-187.9434315321986,1347.9504402906941,14.09575736491374,-18.566634304474505,2.9667951772475806e-19
1787278748.1529524,resting,fast,1787278739.9715214,-248.02317021318368,-188.1209698083411,1351.501163038788,14.109072735624583,-18.601737765988553,2.9725704784398033e-19
1787278748.1639888,resting,fast,1787278739.9715214,-249.62946197377323,-187.08958217215138,1356.1987423017608,14.03171866291014,-18.72220964803295,2.973457484225339e-19
1787278748.1750362,resting,fast,1787278739.9715214,-248.42578669027398,-186.80636434112114,1350.8376705086566,14.010477325583086,-18.63193400177041,2.9701510999315134e-19
1787278748.1862552,resting,fast,1787278739.9715214,-248.12523276900765,-186.60162494835242,1348.8076870142986,13.99512187112521,-18.609392457675277,2.96562827772891e-19
1787278748.1972606,resting,fast,1787278739.9715214,-247.40849341910643,-188.2748439135886,1349.569169603751,14.120613293518037,-18.55563700643289,2.967465703575107e-19
1787278748.2083528,resting,fast,1787278739.9715214,-248.04677718120047,-188.2743401617496,1349.3732811444397,14.120575512130134,-18.603508288589936,2.970027188458934e-19
1787278748.2195005,resting,fast,1787278739.9715214,-247.41440919279785,-186.61824453256202,1350.3139019539021,13.996368339940762,-18.556080689459755,2.9690450179409894e-19
1787278748.2305853,resting,fast,1787278739.9715214,-248.80458031009357,-186.0460678622852,1351.7571310328467,13.953455089670317,-18.66034352325694,2.9694479068009187e-19
1787278748.2416582,resting,fast,1787278739.9715214,-247.91358933284891,-185.478906532593,1351.1680231319142,13.910917989943375,-18.59351919996341,2.9656612438150146e-19
1787278748.2528288,resting,fast,1787278739.9715214,-248.38497122583294,-188.23065778385092,1349.5560560089552,14.117299333787617,-18.628872841937493,2.966885313342415e-19
1787278748.2640004,resting,fast,1787278739.9715214,-246.59883463459983,-187.51819515958084,1346.0417907911115,14.063864636967256,-18.49491259759496,2.9663174310397935e-19
1787278748.2749784,resting,fast,1787278739.9715214,-247.36557025712364,-188.29337007782908,1347.2383632990468,14.122002755835926,-18.55241776928402,2.969840462788306e-19
1787278748.286129,resting,fast,1787278739.9715214,-247.63761741756343,-187.84368548381883,1351.8202447626545,14.088276411285282,-18.57282130631701,2.9730668455198602e-19
1787278748.2972128,resting,fast,1787278739.9715214,-249.99573693337652,-188.8642825406124,1359.657224727479,14.164821190544746,-18.74968027000311,2.976582718184876e-19
1787278748.308238,resting,fast,1787278739.9715214,-250.1032963404382,-188.9087710091443,1362.014736664546,14.168157825684634,-18.757747225532754,2.9791671845411326e-19
1787278748.319031,resting,fast,1787278739.9715214,-249.97834431959427,-188.08757588613446,1359.4577047165776,14.106568191458823,-18.748375823969482,2.9771270167080825e-19
1787278748.3301353,resting,fast,1787278739.9715214,-247.34473301493335,-186.63206323129737,1347.8378585194305,13.99740474234611,-18.550854976119965,2.972244436986332e-19
1787278748.3417013,resting,fast,1787278739.9715214,-245.65149978802265,-184.696009657711,1342.7832060515002,13.85220072432735,-18.423862484101576,2.967085090695685e-19
1787278748.3528054,resting,fast,1787278739.9715214,-244.88867005222846,-185.5702819800689,1341.1921134045378,13.917771148504261,-18.36665025391678,2.968447166133037e-19
1787278748.3637402,resting,fast,1787278739.9715214,-246.7940914827709,-186.91975840972862,1348.246112035681,14.018981880728479,-18.509556861207685,2.9715098221368287e-19
1787278748.3744242,resting,fast,1787278739.9715214,-248.52249132513452,-189.30269891192495,1351.4628613339855,14.197702418393337,-18.639186849384814,2.973669162302977e-19
1787278748.3855407,resting,fast,1787278739.9715214,-249.5898000765551,-187.9804893004533,1353.5422106040069,14.09853669753274,-18.719235005741282,2.971659169745821e-19
1787278748.3968587,resting,fast,1787278739.9715214,-248.71436786415643,-187.4158933834268,1353.2423919012263,14.056192003756,-18.65357758981149,2.969724783769289e-19
1787278748.4083285,resting,fast,1787278739.9715214,-247.409217022931,-186.89008563829645,1348.7080059953705,14.016756422871044,-18.555691276719543,2.965512873765863e-19
1787278748.4193647,resting,fast,1787278739.9715214,-246.79452492710288,-186.98547767670618,1348.0521874412489,14.023910825751589,-18.509589369532492,2.965350851185061e-19
1787278748.4303696,resting,fast,1787278739.9715214,-247.86523262128003,-186.8458875555474,1350.3253199125184,14.013441566664799,-18.589892446595613,2.9708591404671787e-19
1787278748.4414546,resting,fast,1787278739.9715214,-248.72046141833425,-186.3138899096772,1355.8491523613238,13.973541743224448,-18.65403460637482,2.978227208314928e-19
1787278748.45454,resting,fast,1787278739.9715214,-249.52122150649893,-187.37087318849774,1356.0806515793183,14.052815489136098,-18.714091612986962,2.9755154715007845e-19
1787278748.4636848,resting,fast,1787278739.9715214,-248.9114232625011,-188.23550683879728,1352.4199691331405,14.117663012908583,-18.66835674468711,2.971506825484458e-19
1787278748.4748769,resting,fast,1787278739.9715214,-248.33703525122974,-187.9267536679041,1348.631527269933,14.094506525091592,-18.625277643842082,2.9672232451438637e-19
1787278748.4879403,resting,fast,1787278739.9715214,-248.63020025527612,-186.8070935783718,1347.8983407773821,14.010532018376441,-18.64726501914562,2.9689961064623125e-19
1787278748.4969563,resting,fast,1787278739.9715214,-249.40782851585527,-185.7907479832901,1349.6821145709227,13.934306098745555,-18.705587138689097,2.9707106970338524e-19
1787278748.5080287,resting,fast,1787278739.9715214,-251.3661389520198,-185.83546090373682,1355.879464591707,13.937659567779168,-18.85246042140126,2.9754773622565173e-19
1787278748.5210786,resting,fast,1787278739.9715214,-250.38414457615954,-185.26703925121126,1356.3419585241072,13.895027943839711,-18.77881084321183,2.972347465294895e-19
1787278748.5302794,resting,fast,1787278739.9715214,-248.87105323761944,-186.8713441632484,1354.901460311069,14.015350812242577,-18.665328992821188,2.968576752796834e-19
1787278748.5414028,resting,fast,1787278739.9715214,-246.94948658709518,-186.14294379898308,1348.3772237611165,13.960720784922788,-18.521211494031803,2.96546538774995e-19
1787278748.554326,resting,fast,1787278739.9715214,-246.7666675576388,-187.96678350822424,1348.0796439780324,14.097508763115872,-18.507500066822708,2.9690782321987983e-19
1787278748.5635917,resting,fast,1787278739.9715214,-247.5538771131355,-186.7501361805397,1351.0870440804456,14.006260213539282,-18.566540783484925,2.97249941209287e-19
1787278748.5746958,resting,fast,1787278739.9715214,-248.59935986933806,-188.7280147887019,1355.2425902276746,14.15460110915166,-18.64495199020042,2.973716303588115e-19
1787278748.5873628,resting,fast,1787278739.9715214,-249.89046268633,-188.05949323753077,1355.6640005068066,14.104461992813658,-18.741784701474558,2.9750573807929044e-19
1787278748.5968232,resting,fast,1787278739.9715214,-249.48872533870644,-187.56025938152095,1350.8373448293123,14.067019453612946,-18.711654400402836,2.970607285044704e-19
1787278748.607945,resting,fast,1787278739.9715214,-249.38402544140126,-187.37142760196286,1350.3680961269392,14.052857070145937,-18.703801908105056,2.970049475074396e-19
1787278748.6218114,resting,fast,1787278739.9715214,-247.4259136247233,-185.7701978003032,1349.6989458848411,13.93276483502159,-18.556943521854073,2.968064998458776e-19
1787278748.6302156,resting,fast,1787278739.9715214,-247.19817698921133,-186.34977097983585,1350.9041133313594,13.976232823486715,-18.539863274190658,2.9668794486854763e-19
1787278748.6410017,resting,fast,1787278739.9715214,-246.79085147187334,-185.43289454341527,1352.5231814939334,13.907467090754952,-18.509313860390485,2.965686007332154e-19
1787278748.6538322,resting,fast,1787278739.9715214,-247.04973132563782,-185.67243464251067,1350.179863678427,13.925432598187232,-18.528729849422604,2.9670142406894773e-19
1787278748.6634824,resting,fast,1787278739.9715214,-247.16544043184012,-186.0206339781472,1351.0254475116717,13.951547548359745,-18.537408032387575,2.974329912287079e-19
1787278748.6745772,resting,fast,1787278739.9715214,-247.31241825766529,-185.78512697494386,1349.4402960321595,13.933884523119534,-18.548431369324632,2.977127110929504e-19
1787278748.6870942,resting,fast,1787278739.9715214,-247.50453724381214,-186.0413682875277,1350.2832356112585,13.953102621563165,-18.562840293285646,2.9768992397467757e-19
1787278748.696853,resting,fast,1787278739.9715214,-247.90953351621874,-185.2434046521579,1348.6578182706935,13.893255348910703,-18.59321501371616,2.971452893521331e-19
1787278748.707913,resting,fast,1787278739.9715214,-247.89157268409826,-184.2694278934929,1347.6938424778064,13.820207092010794,-18.591867951306952,2.9685536214957e-19
1787278748.7208915,resting,fast,1787278739.9715214,-248.13198292743573,-184.51777537374835,1352.3524791112695,13.838833153029842,-18.60989871955745,2.9697213421607704e-19
1787278748.7298634,resting,fast,1787278739.9715214,-247.9918292944717,-185.85355966024952,1355.08339748635,13.939016974517532,-18.59938719708512,2.9736921357599326e-19
1787278748.7411504,resting,fast,1787278739.9715214,-247.6577442836783,-184.49763621813293,1356.0337927641785,13.837322716358845,-18.57433082127578,2.9766503534619525e-19
1787278748.7522826,resting,fast,1787278739.9715214,-247.45613858938987,-185.02581287703822,1352.212415860743,13.87693596577667,-18.55921039420398,2.9742062873990384e-19
1787278748.7633083,resting,fast,1787278739.9715214,-246.4580740275519,-182.7199484123986,1347.8488646632313,13.703996130928719,-18.48435555206612,2.971390714272916e-19
1787278748.774522,resting,fast,1787278739.9715214,-246.11820215368562,-184.49096950280352,1344.4441298029387,13.836822712709225,-18.458865161526475,2.9687533848897914e-19
1787278748.786204,resting,fast,1787278739.9715214,-246.86866714178223,-184.7467963931498,1345.7989445529738,13.8560097294849,-18.51515003563354,2.971193705917456e-19
1787278748.7966213,resting,fast,1787278739.9715214,-246.8176196756135,-185.93399358095155,1343.990724069,13.94504951857019,-18.511321475671075,2.970570365287153e-19
1787278748.8076181,resting,fast,1787278739.9715214,-247.0504737150418,-185.54210374520778,1347.842367957831,13.915657780889621,-18.52878552862805,2.972343682448984e-19
1787278748.8187287,resting,fast,1787278739.9715214,-246.7360581985081,-185.74408781525756,1350.0762127496082,13.930806586143138,-18.505204364887845,2.9753689203192724e-19
1787278748.8300793,resting,fast,1787278739.9715214,-246.6027850125124,-184.1250989648587,1349.3539652737481,13.809382422363246,-18.495208875938182,2.977655791740143e-19
1787278748.8410723,resting,fast,1787278739.9715214,-247.10642972341566,-185.31791866717174,1346.7767034324816,13.898843900036685,-18.532982229256,2.976976058208608e-19
1787278748.8521364,resting,fast,1787278739.9715214,-247.21874438392524,-184.37525162047302,1344.6661823040895,13.82814387153427,-18.541405828794417,2.972600864902074e-19
1787278748.863241,resting,fast,1787278739.9715214,-247.79545401559108,-185.18409297605547,1347.7652580394397,13.888806973203192,-18.584659051169247,2.9695204709471156e-19
1787278748.874234,resting,fast,1787278739.9715214,-246.4474758474321,-185.21391759623987,1348.302738282161,13.891043819716874,-18.483560688557226,2.97100016431842e-19
1787278748.8854926,resting,fast,1787278739.9715214,-247.18874346637722,-186.3680015645167,1348.90121606089,13.977600117337776,-18.539155759978378,2.9760594947907004e-19
1787278748.896555,resting,fast,1787278739.9715214,-246.18148101784982,-185.94759940804136,1348.434497206702,13.94606995560196,-18.463611076338367,2.976986475821981e-19
1787278748.9076977,resting,fast,1787278739.9715214,-246.6669507407437,-185.7137904901498,1345.817699074275,13.928534286760058,-18.500021305555265,2.973780501192174e-19
1787278748.9187026,resting,fast,1787278739.9715214,-245.40025969034514,-184.62035187238178,1344.0996505999492,13.846526390427488,-18.405019476775877,2.9737863506046994e-19
1787278748.9297998,resting,fast,1787278739.9715214,-245.2894209506262,-183.6943605779869,1342.4506232840477,13.77707704334789,-18.396706571296825,2.9738990067338647e-19
1787278748.9404988,resting,fast,1787278739.9715214,-244.53943676605058,-183.58798175283766,1339.9186220879847,13.769098631461564,-18.3404577574535,2.9735675263254226e-19
1787278748.9519095,resting,fast,1787278739.9715214,-245.0666945150465,-183.6321167323032,1341.376113303665,13.772408754921589,-18.38000208862841,2.9726581239983044e-19
1787278748.9628909,resting,fast,1787278739.9715214,-245.99397955428913,-184.34222982003155,1343.3344256415958,13.825667236501221,-18.449548466571542,2.9759545227809695e-19
1787278748.9743614,resting,fast,1787278739.9715214,-245.03172133078488,-182.2622347030566,1344.9158297368222,13.669667602728115,-18.37737909980857,2.976346195838589e-19
1787278748.9857724,resting,fast,1787278739.9715214,-245.19076343395182,-182.38897746409145,1344.8558560615447,13.679173309805595,-18.38930725754623,2.974453968334262e-19
1787278748.996318,resting,fast,1787278739.9715214,-244.76764967367535,-182.45982286336277,1346.2904473800763,13.684486714751163,-18.35757372552535,2.973209255917585e-19
1787278749.0076053,resting,fast,1787278739.9715214,-246.8308187244179,-184.16618248271277,1349.0601228841215,13.812463686202396,-18.512311404331243,2.976042934812534e-19
1787278749.0199878,resting,fast,1787278739.9715214,-246.29443545130152,-184.5823251182568,1343.0403992063684,13.843674383868095,-18.472082658847597,2.968854946819671e-19
1787278749.029356,resting,fast,1787278739.9715214,-247.34008765182853,-184.59421864811281,1343.9367259707642,13.844566398607231,-18.550506573887233,2.968107680036967e-19
1787278749.0407417,resting,fast,1787278739.9715214,-247.6592741358386,-186.2661845636609,1343.4255954766732,13.969963842273277,-18.57444556018774,2.968551135482733e-19
1787278749.0529,resting,fast,1787278739.9715214,-246.87683208549834,-185.1415260998848,1347.182439700723,13.885614457490238,-18.51576240641222,2.9699860409223716e-19
1787278749.0629776,resting,fast,1787278739.9715214,-245.83165364513616,-185.92974405881216,1346.331814018461,13.944730804409847,-18.437374023385168,2.9704324572022767e-19
1787278749.0741074,resting,fast,1787278739.9715214,-244.85212875155366,-185.2868632376377,1345.7295401337187,13.896514742821754,-18.363909656366417,2.967982029895815e-19
1787278749.085993,resting,fast,1787278739.9715214,-245.60175006030977,-185.69705908249387,1346.1380018760656,13.927279431185955,-18.420131254523213,2.97134890615265e-19
1787278749.096168,resting,fast,1787278739.9715214,-245.29250014146828,-185.24126470528597,1343.772508874311,13.893094852895263,-18.39693751060996,2.970411750834598e-19
1787278749.107514,resting,fast,1787278739.9715214,-245.87400216378546,-183.29233097005488,1344.634917063865,13.746924822752849,-18.440550162283856,2.9714607581752293e-19
1787278749.1181579,resting,fast,1787278739.9715214,-246.5403305252362,-183.49318469228922,1345.201102734506,13.761988851920467,-18.49052478939266,2.9699797853345027e-19
1787278749.1293035,resting,fast,1787278739.9715214,-246.57788957274124,-182.97344065051482,1344.1818937650742,13.72300804878751,-18.49334171795546,2.970264450307691e-19
1787278749.1405919,resting,fast,1787278739.9715214,-245.98325129496197,-183.52329735375667,1343.3639833313127,13.764247301530407,-18.448743847121918,2.969112485765639e-19
1787278749.152578,resting,fast,1787278739.9715214,-245.49789175580509,-183.8627095894118,1343.5471715080685,13.789703219204615,-18.41234188168505,2.97139610204066e-19
1787278749.162516,resting,fast,1787278739.9715214,-245.72311127836974,-184.92690419727376,1345.9903790949802,13.869517814794367,-18.42923334587755,2.970151124829637e-19
1787278749.174052,resting,fast,1787278739.9715214,-245.3924777124198,-184.6325397304921,1345.0560063018484,13.84744047978565,-18.404435828431396,2.9696026485856473e-19
1787278749.185226,resting,fast,1787278739.9715214,-245.70624896177424,-183.82640512034584,1346.0776803503477,13.78698038402479,-18.42796867213287,2.970688737897856e-19
1787278749.196183,resting,fast,1787278739.9715214,-246.5917333820721,-183.77161337363043,1345.8195784187837,13.78287100302133,-18.49438000365496,2.973141893799413e-19
1787278749.207263,resting,fast,1787278739.9715214,-246.69047293309495,-184.29236141470722,1350.1384704146649,13.821927106102027,-18.50178546998206,2.977472760018026e-19
1787278749.2184596,resting,fast,1787278739.9715214,-246.59475101154612,-184.3736580851313,1350.0402173595166,13.828024356383597,-18.49460632586571,2.9779829013749684e-19
1787278749.2292495,resting,fast,1787278739.9715214,-246.0687519943599,-183.81707468434854,1350.861174315295,13.786280601325036,-18.455156399576822,2.9794179462724307e-19
1787278749.2407644,resting,fast,1787278739.9715214,-246.20634908950115,-184.64513418342756,1348.8266676016729,13.848385063756059,-18.465476181712667,2.976439293373472e-19
1787278749.2518694,resting,fast,1787278739.9715214,-246.01912822034183,-184.33598720786415,1347.5590781700475,13.825199040588661,-18.451434616525148,2.9775086413055557e-19
1787278749.263019,resting,fast,1787278739.9715214,-245.457946498585,-183.70163967587075,1345.9418151792424,13.777622975689088,-18.409345987393728,2.974485566505809e-19
1787278749.2739525,resting,fast,1787278739.9715214,-246.56472489523776,-184.13073490748081,1349.3698724724154,13.809805118059902,-18.49235436714259,2.9778858464750523e-19
1787278749.2849422,resting,fast,1787278739.9715214,-246.2414215818785,-184.7945120373023,1348.5121183302863,13.859588402796536,-18.46810661864061,2.9742009326567486e-19
1787278749.2961416,resting,fast,1787278739.9715214,-246.1764597145543,-185.782264137178,1347.5743253528462,13.933669810287103,-18.463234478591467,2.977299275318628e-19
1787278749.307466,resting,fast,1787278739.9715214,-245.83263705827858,-185.34447958305907,1345.9050387484322,13.900835968728163,-18.437447779370558,2.9760463852441154e-19
1787278749.3184597,resting,fast,1787278739.9715214,-246.48373320035034,-185.49239401472562,1349.3715680888135,13.911929551103231,-18.486279990025878,2.9789771295308826e-19
1787278749.329539,resting,fast,1787278739.9715214,-246.2676654787224,-183.89263190349004,1351.2703842720593,13.791947392760438,-18.47007491090399,2.9727836541298316e-19
1787278749.3406353,resting,fast,1787278739.9715214,-245.720662060246,-182.7681040619185,1348.901596600731,13.70760780464278,-18.42904965451836,2.970590734970796e-19
1787278749.351597,resting,fast,1787278739.9715214,-244.32347601834,-181.69294955320822,1341.4461056371993,13.626971216489355,-18.32426070137535,2.968790275645684e-19
1787278749.362702,resting,fast,1787278739.9715214,-244.44620956034805,-181.63418018269715,1340.1660061474313,13.622563513701113,-18.33346571702603,2.971681702516837e-19
1787278749.3739932,resting,fast,1787278739.9715214,-244.4675804921967,-182.01020404308008,1338.2690371974231,13.65076530322975,-18.335068536914406,2.9687440095307266e-19
1787278749.3848798,resting,fast,1787278739.9715214,-245.2200071562943,-182.66967693330128,1342.0477538880523,13.700225769996496,-18.391500536722077,2.96856641763325e-19
1787278749.3962202,resting,fast,1787278739.9715214,-245.33949571219227,-183.70216474027836,1343.1118301392935,13.77766235551967,-18.400462178414287,2.967089973934749e-19
1787278749.4072673,resting,fast,1787278739.9715214,-245.37501463457875,-182.53956410525996,1346.6964597827928,13.690467307893389,-18.40312609759333,2.971183774002869e-19
1787278749.4183362,resting,fast,1787278739.9715214,-245.04669892245738,-182.84420343510726,1346.3188608081427,13.713315257631923,-18.37850241918416,2.9722500893605125e-19
1787278749.4295137,resting,fast,1787278739.9715214,-244.04607021254424,-182.1658837662452,1344.6887861301357,13.662441282467046,-18.30345526594065,2.975166955099022e-19
1787278749.4405313,resting,fast,1787278739.9715214,-243.6487258663251,-183.27552927619388,1341.3201068512726,13.745664695713291,-18.273654439974365,2.972055815896236e-19
1787278749.4514396,resting,fast,1787278739.9715214,-244.68205054511736,-184.11300183368178,1346.1325984891528,13.808475137524969,-18.351153790883714,2.974976974906559e-19
1787278749.4627707,resting,fast,1787278739.9715214,-247.28022812453446,-186.09880081131075,1349.6218317221037,13.957410060847298,-18.546017109339928,2.9762544607403545e-19
1787278749.473822,resting,fast,1787278739.9715214,-248.4389749984789,-186.43179355029713,1350.6280849102923,13.982384516271,-18.63292312488572,2.97805826070201e-19
1787278749.484814,resting,fast,1787278739.9715214,-247.63727979656824,-185.29898861692152,1345.0679555804263,13.897424146267884,-18.572795984742548,2.9752390946599167e-19
1787278749.4958625,resting,fast,1787278739.9715214,-246.5538385907289,-183.6746152531931,1344.6756598764105,13.775596143988299,-18.491537894304493,2.973901181403337e-19
1787278749.5069854,resting,fast,1787278739.9715214,-246.3553699089175,-184.45882941328557,1346.4557601725564,13.834412205995324,-18.476652743168586,2.976722102950955e-19
1787278749.5180702,resting,fast,1787278739.9715214,-245.65127098438234,-184.23084203949145,1347.7735314236115,13.817313152960626,-18.423845323828388,2.975202451988963e-19
1787278749.5287476,resting,fast,1787278739.9715214,-246.52229470921657,-184.58624621486354,1345.4456375815143,13.843968466113726,-18.489172103190896,2.973740845410802e-19
1787278749.5401187,resting,fast,1787278739.9715214,-247.24688095590454,-182.76965645597681,1349.2717909371959,13.70772423419712,-18.5435160716925,2.9746015857244e-19
1787278749.5513687,resting,fast,1787278739.9715214,-247.9497042491189,-182.90863674554987,1350.185816112854,13.718147755915002,-18.596227818684028,2.974929630253761e-19
1787278749.5625622,resting,fast,1787278739.9715214,-246.94229609496824,-182.28907247693212,1352.9193292475165,13.671680435768753,-18.520672207122487,2.976714968467583e-19
1787278749.5736878,resting,fast,1787278739.9715214,-244.12091763112448,-182.75899771101683,1343.3667761248225,13.706924828325203,-18.30906882233431,2.9733686383899875e-19
1787278749.5848942,resting,fast,1787278739.9715214,-244.32681310055386,-182.29214566463418,1346.365342927983,13.671910924846518,-18.324510982541234,2.978462769275802e-19
1787278749.5957499,resting,fast,1787278739.9715214,-244.76221211464463,-183.83326358607462,1347.2202869046769,13.787494768954392,-18.357165908598212,2.9784000034564683e-19
1787278749.6068494,resting,fast,1787278739.9715214,-245.70532535459688,-184.23391492498615,1348.1095961641304,13.817543619372973,-18.42789940159461,2.973956417337796e-19
1787278749.6177354,resting,fast,1787278739.9715214,-245.46521723544765,-184.07347472791582,1345.1659375322151,13.805510604592602,-18.409891292658337,2.968961720739877e-19
1787278749.6290073,resting,fast,1787278739.9715214,-246.1035515172166,-184.48576977288633,1346.1000277260782,13.836432732965438,-18.457766363791002,2.9703336179288063e-19
1787278749.640328,resting,fast,1787278739.9715214,-246.81025392764377,-184.8163543178008,1346.9006078650445,13.861226573833964,-18.51076904457333,2.971321232821237e-19
1787278749.6508985,resting,fast,1787278739.9715214,-246.9751905836606,-184.80651185041927,1348.624812238132,13.860488388780102,-18.52313929377422,2.9746777122463633e-19
1787278749.6621666,resting,fast,1787278739.9715214,-245.9998877660587,-183.80864944287248,1345.811663618858,13.785648708214527,-18.449991582454345,2.9717973769714056e-19
1787278749.6730535,resting,fast,1787278739.9715214,-246.15635142019028,-183.16822598167153,1349.4024272651377,13.737616948624154,-18.46172635651415,2.974227512519293e-19
1787278749.6841574,resting,fast,1787278739.9715214,-244.8608768140234,-183.6939989957383,1343.1787972692846,13.777049924679151,-18.364565761051587,2.96705536592125e-19
1787278749.69588,resting,fast,1787278739.9715214,-246.22398362081867,-185.9282950188889,1347.149636842364,13.94462212641547,-18.466798771561237,2.9700759395379376e-19
1787278749.7070103,resting,fast,1787278739.9715214,-245.95196750928017,-185.89321741231504,1345.2189159444179,13.941991305922475,-18.446397563195816,2.9688271935821642e-19
1787278749.7178664,resting,fast,1787278739.9715214,-247.36326639951267,-186.61792516477374,1349.8356493987822,13.996344387356903,-18.552244979963298,2.9723725260438996e-19
1787278749.729054,resting,fast,1787278739.9715214,-246.17125192237154,-185.7272830342821,1343.989578693826,13.92954622757016,-18.462843894177823,2.9664844022850036e-19
1787278749.7404044,resting,fast,1787278739.9715214,-246.21526261680492,-186.31062720590865,1345.2036206082057,13.973297040442052,-18.46614469626003,2.9689653882726066e-19
1787278749.750935,resting,fast,1787278739.9715214,-245.94855538749425,-186.0107273983284,1344.8343302241947,13.950804554873475,-18.44614165406201,2.968412697078602e-19
1787278749.762387,resting,fast,1787278739.9715214,-246.31095407971452,-185.88998095035834,1348.4803744822866,13.941748571275657,-18.473321555978536,2.970782734713001e-19
1787278749.7734733,resting,fast,1787278739.9715214,-246.96328469866285,-185.84320271447757,1350.7331019401072,13.938240203584645,-18.522246352399655,2.973464550953298e-19
1787278749.7841134,resting,fast,1787278739.9715214,-248.3320541984408,-187.12362677923636,1352.271748049302,14.034272008441508,-18.62490406488267,2.975554309311373e-19
1787278749.79517,resting,fast,1787278739.9715214,-247.10756685102797,-186.0233425813966,1349.635876148911,13.951750693603618,-18.533067513826737,2.97299078989612e-19
1787278749.806891,resting,fast,1787278739.9715214,-247.09777019388775,-185.8791054598397,1348.7297195402762,13.940932909486936,-18.532332764541586,2.972148114636787e-19
1787278749.817688,resting,fast,1787278739.9715214,-246.04880802564867,-184.76606197427884,1348.4802096459762,13.857454648069908,-18.453660601923175,2.969600258103441e-19
1787278749.8286433,resting,fast,1787278739.9715214,-247.94063749109364,-185.91745946033154,1354.3515395269033,13.943809459523923,-18.59554781183163,2.975516266680893e-19
1787278749.839971,resting,fast,1787278739.9715214,-248.23145602851628,-185.8578047781324,1354.6775384605053,13.939335358358864,-18.61735920213851,2.976397931101735e-19
1787278749.8508656,resting,fast,1787278739.9715214,-247.80012114765168,-185.78902041352728,1354.8597920068414,13.934176531013566,-18.585009086073747,2.977650753950613e-19
1787278749.8622758,resting,fast,1787278739.9715214,-246.86421231549548,-185.11001543404188,1352.4174995056483,13.883251157551886,-18.514815923662006,2.9764225954136167e-19
1787278749.873377,resting,fast,1787278739.9715214,-246.79468980220236,-186.69783589086921,1352.011320366687,14.00233769181428,-18.509601735165,2.9753429122784844e-19
1787278749.8843155,resting,fast,1787278739.9715214,-248.2807046850653,-188.31293703397625,1352.3994436717958,14.123470277547046,-18.621052851379737,2.977528817128253e-19
1787278749.8955598,resting,fast,1787278739.9715214,-250.1603434172962,-188.0830063621362,1355.5169985109214,14.106225477159203,-18.762025756297135,2.9779799843649124e-19
1787278749.906726,resting,fast,1787278739.9715214,-248.34441758496314,-185.09094960088248,1351.5999247663485,13.881821220065223,-18.625831318872137,2.969647866255439e-19
1787278749.91765,resting,fast,1787278739.9715214,-247.3654868310873,-184.0861442371023,1350.6307775786236,13.806460817781346,-18.552411512331446,2.9664214928604966e-19
1787278749.9288235,resting,fast,1787278739.9715214,-246.1958596383688,-184.3773193534995,1347.9749399543698,13.828298951511204,-18.46468947287746,2.96724633836271e-19
1787278749.9400556,resting,fast,1787278739.9715214,-247.81057217623902,-187.22297305425752,1349.0507231395668,14.04172297906803,-18.58579291321763,2.9678458478048317e-19
1787278749.9508333,resting,fast,1787278739.9715214,-247.595997153398,-187.4256071024239,1347.2138784515619,14.056920532680397,-18.56969978650475,2.9678716157016807e-19
1787278749.9621844,resting,fast,1787278739.9715214,-246.89229327172006,-187.45585708592932,1344.7638830034093,14.05918928144347,-18.51692199537885,2.9647221797390893e-19
1787278749.9732196,resting,fast,1787278739.9715214,-245.9495361726017,-186.7063493947445,1347.01372099554,14.002976204604796,-18.44621521294519,2.9731010635240905e-19
1787278749.9843888,resting,fast,1787278739.9715214,-246.31166018757222,-187.10312196080497,1347.7092718978702,14.032734147059191,-18.473374514067615,2.9718612322743983e-19
1787278749.995392,resting,fast,1787278739.9715214,-248.00544518113975,-187.69291050507138,1352.0727889989676,14.076968287879314,-18.6004083885855,2.977788953509325e-19
1787278750.0066962,resting,fast,1787278739.9715214,-248.32435525467872,-187.7397618890817,1350.9918990878841,14.080482141680069,-18.62432664410069,2.9754183732874936e-19
1787278750.017324,resting,fast,1787278739.9715214,-248.9716346426635,-186.3692052274854,1355.6737070335994,13.977690392060442,-18.67287259819941,2.9785691053291813e-19
1787278750.0287468,resting,fast,1787278739.9715214,-249.01968788154363,-185.9103911355461,1354.8231955281562,13.943279335164707,-18.676476591115616,2.974965654419691e-19
1787278750.039924,resting,fast,1787278739.9715214,-250.00437528187058,-185.90044382060103,1358.6267743476537,13.942533286543895,-18.750328146140347,2.9739546443210753e-19
1787278750.0505357,resting,fast,1787278739.9715214,-249.77731700023878,-187.02645960226175,1357.26988509075,14.026984470168603,-18.733298775018014,2.9762557985969446e-19
1787278750.062085,resting,fast,1787278739.9715214,-248.36484356694245,-186.8969533160331,1356.7530525686261,14.01727149870121,-18.62736326752035,2.9763036789690387e-19
1787278750.073175,resting,fast,1787278739.9715214,-248.2642769767731,-186.43765212936012,1353.0033204197834,13.982823909700986,-18.61982077325807,2.9747092737348345e-19
1787278750.0838852,resting,fast,1787278739.9715214,-248.6800892810702,-186.13756128537477,1354.7046978915469,13.960317096402125,-18.651006696079897,2.9751890078374226e-19
1787278750.0953445,resting,fast,1787278739.9715214,-248.6402763331712,-186.80351969550486,1352.1162852348361,14.010263977161618,-18.648020724987482,2.9744013202274784e-19
1787278750.1064954,resting,fast,1787278739.9715214,-247.7540611524696,-186.85021369385015,1354.7871799082504,14.013766027037466,-18.581554586434983,2.9783654929655233e-19
1787278750.1174743,resting,fast,1787278739.9715214,-247.64961384991375,-186.99088028249173,1348.9674399369296,14.024316021185758,-18.57372103874333,2.974199342266903e-19
1787278750.1286063,resting,fast,1787278739.9715214,-247.04226470287404,-186.5721378820914,1347.270842464225,13.992910341155753,-18.528169852715344,2.9732334538692977e-19
1787278750.1397927,resting,fast,1787278739.9715214,-247.42828652687467,-186.17914528723497,1347.3066261556896,13.963435896541572,-18.55712148951514,2.9732080019739457e-19
1787278750.150663,resting,fast,1787278739.9715214,-246.484671217519,-184.60301996426858,1352.457958750295,13.845226497319093,-18.486350341314107,2.974679064889038e-19
1787278750.1619697,resting,fast,1787278739.9715214,-248.21119187120485,-185.84564586808017,1357.9918990747274,13.938423440104945,-18.61583939034024,2.9777468401770584e-19
1787278750.1731355,resting,fast,1787278739.9715214,-247.41506778695066,-185.3106184261252,1357.6784690917384,13.89829638195825,-18.556130084020964,2.9763007186339676e-19
1787278750.1841173,resting,fast,1787278739.9715214,-247.96674834372197,-187.85353124504547,1356.2820055082675,14.089014843377274,-18.597506125779027,2.9780208900668295e-19
1787278750.1953359,resting,fast,1787278739.9715214,-245.71813711616642,-186.15406827326171,1349.4776982489084,13.961555120493575,-18.428860283712382,2.969421252488979e-19
1787278750.206475,resting,fast,1787278739.9715214,-247.34709229371083,-188.22297580946827,1348.5225374233041,14.11672318570891,-18.551031922028038,2.972059871698636e-19
1787278750.2170951,resting,fast,1787278739.9715214,-247.6558808310633,-187.08640095702924,1351.8417520795947,14.031480071775992,-18.57419106232969,2.9723444842588636e-19
1787278750.22862,resting,fast,1787278739.9715214,-248.49504759900583,-188.100811646509,1355.3426852626226,14.10756087348705,-18.637128569925338,2.9827448056984314e-19
1787278750.239821,resting,fast,1787278739.9715214,-246.99041574125704,-187.75759759100004,1356.288155168685,14.081819819323886,-18.524281180594016,2.9819629741338325e-19
1787278750.2504,resting,fast,1787278739.9715214,-246.95171473141136,-188.1127402401479,1354.5571795540172,14.108455518009965,-18.521378604855933,2.980063055045103e-19
1787278750.2618942,resting,fast,1787278739.9715214,-245.83902508796245,-187.5979583090276,1348.238048612372,14.069846873175695,-18.437926881597043,2.9715124362333374e-19
1787278750.2729373,resting,fast,1787278739.9715214,-246.26229551256574,-186.4743820448233,1346.8490492430838,13.985578653360722,-18.469672163442354,2.968793986644197e-19
1787278750.2839186,resting,fast,1787278739.9715214,-247.10683802589438,-187.2996077508975,1348.8812822151258,14.047470581316379,-18.533012851941976,2.9731800736344765e-19
1787278750.295098,resting,fast,1787278739.9715214,-248.98568589700653,-188.1683827794974,1357.893809056969,14.11262870846095,-18.67392644227521,2.981309971670819e-19
1787278750.3063486,resting,fast,1787278739.9715214,-249.1410684994239,-188.8988477447748,1358.6891135989363,14.167413580857062,-18.685580137456533,2.9815851035099457e-19
1787278750.3171067,resting,fast,1787278739.9715214,-248.16984978201117,-187.4548542230608,1357.2188297642542,14.059114066728316,-18.612738733650666,2.9774313427888193e-19
1787278750.328469,resting,fast,1787278739.9715214,-247.24292750768154,-185.62358847756707,1352.7173574642484,13.92176913581628,-18.54321956307591,2.9752048729325846e-19
1787278750.339749,resting,fast,1787278739.9715214,-248.04645136453883,-185.75624074757513,1351.660220456296,13.931718056066988,-18.603483852340062,2.9746203169689534e-19
1787278750.3504162,resting,fast,1787278739.9715214,-247.97905058371862,-186.0621047083058,1349.24159447504,13.954657853121848,-18.598428793778623,2.9748533859495397e-19
1787278750.3617957,resting,fast,1787278739.9715214,-249.0940995852402,-186.21299915334237,1352.3885738880608,13.965974936499496,-18.68205746889297,2.971623765588634e-19
1787278750.372929,resting,fast,1787278739.9715214,-248.25821525180754,-185.52944188123877,1351.3693210843712,13.914708141091882,-18.619366143885493,2.971983360953158e-19
1787278750.383531,resting,fast,1787278739.9715214,-248.25170468857095,-185.7012844156253,1351.1891647935327,13.927596331170495,-18.618877851642914,2.971564734531936e-19
1787278750.3950546,resting,fast,1787278739.9715214,-248.01540695269205,-186.33002626407222,1346.7141868539902,13.97475196980415,-18.601155521451645,2.9718640968362454e-19
1787278750.4062548,resting,fast,1787278739.9715214,-247.81288389451265,-186.29795278142467,1347.8818483724745,13.972346458605717,-18.585966292088088,2.9707324226819025e-19
1787278750.417027,resting,fast,1787278739.9715214,-246.90979069827836,-186.11668532200713,1346.8510299074233,13.95875139914931,-18.518234302370928,2.9700633444007273e-19
1787278750.428376,resting,fast,1787278739.9715214,-246.69688110968355,-186.4864742064325,1349.3791408381267,13.986485565481392,-18.502266083226097,2.9722020162506788e-19
1787278750.4431908,resting,fast,1787278739.9715214,-246.73201142729113,-187.16856705943417,1349.3434398478466,14.037642529456253,-18.504900857046835,2.972672173159883e-19
1787278750.450352,resting,fast,1787278739.9715214,-247.289655451204,-186.13385552099305,1350.2030854700834,13.960039164073525,-18.546724158840277,2.9732561954994736e-19
1787278750.461662,resting,fast,1787278739.9715214,-247.07351597916522,-185.6189868354578,1347.7777481768035,13.921424012658296,-18.530513698437204,2.9716591656460457e-19
1787278750.472734,resting,fast,1787278739.9715214,-248.38293338428275,-185.12649832077557,1350.9425859107787,13.884487374056892,-18.628720003820987,2.977819469650672e-19
1787278750.4835768,resting,fast,1787278739.9715214,-248.24954982328154,-185.8709902552904,1352.2097045069468,13.94032426914561,-18.61871623674586,2.979330683978528e-19
1787278750.4949718,resting,fast,1787278739.9715214,-248.47427637406372,-185.2797424605875,1353.7812618762791,13.895980684542895,-18.63557072805473,2.9772653486950064e-19
1787278750.50927,resting,fast,1787278739.9715214,-247.73802592252878,-185.11898107233617,1353.1281502142565,13.883923580424113,-18.580351944189317,2.973047517156482e-19
1787278750.5167518,resting,fast,1787278739.9715214,-247.44652068349342,-185.12350926848706,1351.5549013037407,13.884263195135322,-18.55848905126173,2.968983839278485e-19
1787278750.528191,resting,fast,1787278739.9715214,-246.2534956831555,-185.6052034393166,1346.7578704340876,13.920390257947805,-18.469012176236404,2.967979316310418e-19
1787278750.5424762,resting,fast,1787278739.9715214,-244.67897695076908,-184.89093485754495,1341.3555644987837,13.866820114314837,-18.350923271307423,2.961693215637018e-19
1787278750.5501316,resting,fast,1787278739.9715214,-244.37587226556252,-183.73474436281901,1340.342716513177,13.780105827210395,-18.328190419917128,2.9581267266196266e-19
1787278750.5616453,resting,fast,1787278739.9715214,-244.68149954183036,-183.90040993095056,1345.658218396703,13.792530744820201,-18.35111246563686,2.959068841933875e-19
1787278750.5754614,resting,fast,1787278739.9715214,-245.77660110125498,-185.3619443270876,1351.2915759573307,13.90214582453034,-18.4332450825939,2.966808937544383e-19
1787278750.5835848,resting,fast,1787278739.9715214,-245.98787332615893,-187.7354853855885,1351.127719454159,14.080161403917746,-18.449090499461676,2.9697995629242004e-19
1787278750.594747,resting,fast,1787278739.9715214,-245.57178700527902,-186.71915531041816,1351.7877089977565,14.00393664828012,-18.41788402539565,2.973061338184677e-19
1787278750.6089,resting,fast,1787278739.9715214,-245.9147701501547,-185.90084778537368,1347.067551355617,13.942563583901876,-18.443607761261667,2.965815207932755e-19
1787278750.6168091,resting,fast,1787278739.9715214,-246.23362447925274,-184.15838135967658,1347.628444356059,13.811878601974545,-18.467521835943565,2.966977820608091e-19
1787278750.628087,resting,fast,1787278739.9715214,-247.43554343112237,-185.7322087418919,1349.7725603405079,13.92991565564083,-18.55766575733407,2.967597899831612e-19
1787278750.6414006,resting,fast,1787278739.9715214,-247.79059928790366,-187.87694045382193,1352.5466438098547,14.090770534035503,-18.584294946592443,2.973747033296581e-19
1787278750.650125,resting,fast,1787278739.9715214,-248.1327123865026,-189.67739870192156,1348.9747871920654,14.225804902643066,-18.609953428987367,2.9748623446795733e-19
1787278750.6614213,resting,fast,1787278739.9715214,-248.4847454377782,-189.5298069950444,1347.9857359581338,14.214735524627049,-18.636355907833135,2.9764961921368205e-19
1787278750.674232,resting,fast,1787278739.9715214,-248.69640377243513,-188.1889392022507,1348.7278697403099,14.114170440167744,-18.65223028293257,2.9726080075527487e-19
1787278750.6835895,resting,fast,1787278739.9715214,-248.2410338075656,-186.65635199384576,1351.5547289695469,13.999226399537267,-18.61807753556728,2.9753531246050626e-19
1787278750.6949177,resting,fast,1787278739.9715214,-246.68779063435295,-185.0864770848067,1344.0997581284219,13.881485781359519,-18.501584297576343,2.967911508246759e-19
1787278750.7074902,resting,fast,1787278739.9715214,-246.43221949928147,-186.04307455207265,1347.0541753226871,13.953230591404239,-18.482416462445954,2.975815038975372e-19
1787278750.716763,resting,fast,1787278739.9715214,-246.90959096064717,-187.36747970860426,1349.6802737035769,14.052560978144147,-18.51821932204836,2.9759753669295725e-19
1787278750.728109,resting,fast,1787278739.9715214,-246.85712962542175,-187.96452467332972,1353.8355229398594,14.097339350498562,-18.51428472190645,2.979478467789846e-19
1787278750.7405891,resting,fast,1787278739.9715214,-245.99747860905018,-187.94133565164918,1347.402195753807,14.095600173872374,-18.44981089567829,2.9704866308637436e-19
1787278750.7500575,resting,fast,1787278739.9715214,-245.93006990060576,-187.13796102280833,1344.570501802863,14.03534707670936,-18.44475524254542,2.9702234064386467e-19
1787278750.7614336,resting,fast,1787278739.9715214,-245.7998801395911,-186.67229536438106,1344.9782637833387,14.000422152327591,-18.43499101046921,2.972476988269159e-19
1787278750.7731674,resting,fast,1787278739.9715214,-246.1490052064496,-186.40270057983923,1345.1690016984257,13.98020254348673,-18.46117539048352,2.9747738777135687e-19
1787278750.7836628,resting,fast,1787278739.9715214,-244.26895024338364,-185.87105602461372,1341.920778834693,13.940329201844836,-18.320171268253674,2.970636727262159e-19
1787278750.7947917,resting,fast,1787278739.9715214,-245.22591023351788,-187.20094457884022,1342.8560950516649,14.040070843411943,-18.391943267513753,2.967839847087993e-19
1787278750.8058527,resting,fast,1787278739.9715214,-244.94223676036245,-185.0257769284657,1344.2425077619764,13.876933269633785,-18.37066775702678,2.965868212892032e-19
1787278750.8169425,resting,fast,1787278739.9715214,-245.9671825355167,-184.1774077037088,1347.1812933499832,13.81330557777692,-18.447538690163682,2.9653904141034413e-19
1787278750.8281488,resting,fast,1787278739.9715214,-245.7679754952128,-183.69941876605606,1341.9138578494685,13.777456407452934,-18.432598162140778,2.963954511236531e-19
1787278750.839735,resting,fast,1787278739.9715214,-246.19417463049058,-184.87088516966367,1342.9282787832244,13.865316387723627,-18.46456309728672,2.9666979726273093e-19
1787278750.8501322,resting,fast,1787278739.9715214,-246.6061782053289,-186.12041203167644,1341.5000646541075,13.959030902374526,-18.495463365399402,2.967213871860834e-19
1787278750.8612678,resting,fast,1787278739.9715214,-246.10094069449087,-185.8477077359977,1345.8764247661557,13.938578080198642,-18.457570552086672,2.9692974203525803e-19
1787278750.8740747,resting,fast,1787278739.9715214,-246.8749121657006,-186.74735170108272,1349.6628793330683,14.006051377580238,-18.51561841242753,2.975341047594312e-19
1787278750.8830316,resting,fast,1787278739.9715214,-247.3927418192593,-186.976118290729,1353.8245869184439,14.023208871803408,-18.55445563644426,2.9806879095522326e-19
1787278750.8941886,resting,fast,1787278739.9715214,-247.5962886677794,-187.11447681091556,1351.9273448820213,14.033585760817548,-18.569721650083437,2.9810512322862534e-19
1787278750.906074,resting,fast,1787278739.9715214,-246.0708697822579,-186.39282447586277,1345.8222435605812,13.979461835688642,-18.45531523366911,2.971763539416116e-19
1787278750.9166148,resting,fast,1787278739.9715214,-244.0939078050901,-185.56462286207955,1341.7422614830239,13.917346714654801,-18.30704308538141,2.969315091744186e-19
1787278750.927861,resting,fast,1787278739.9715214,-244.8130155778449,-187.2256818212271,1345.463536074879,14.04192613659092,-18.36097616833804,2.971302177964661e-19
1787278750.940444,resting,fast,1787278739.9715214,-246.2750561015987,-186.76856177613888,1349.3438140116386,14.00764213320905,-18.470629207619737,2.977068850841704e-19
1787278750.9499097,resting,fast,1787278739.9715214,-247.8132713028831,-187.57013701105723,1351.8745497437749,14.067760275828181,-18.58599534771637,2.980232038227368e-19
1787278750.961292,resting,fast,1787278739.9715214,-247.34226694983636,-185.50302245899172,1352.510010721643,13.912726684423493,-18.5506700212375,2.9789847158244157e-19
1787278750.9731562,resting,fast,1787278739.9715214,-245.73241749249655,-185.68061314965246,1350.962954929074,13.92604598622258,-18.429931311937175,2.980900986460669e-19
1787278750.9832814,resting,fast,1787278739.9715214,-244.59188768699323,-184.76803673729717,1348.701871221706,13.857602755295947,-18.344391576524465,2.975665150090662e-19
1787278750.99412,resting,fast,1787278739.9715214,-244.82529875861883,-186.65671017461784,1347.1572231158925,13.999253263095131,-18.361897406896134,2.974527447980922e-19
1787278751.0057428,resting,fast,1787278739.9715214,-245.29207686968084,-185.745472077616,1350.6194242074953,13.930910405820047,-18.396905765225803,2.971757027492973e-19
1787278751.016515,resting,fast,1787278739.9715214,-246.15383398027416,-185.78902277243662,1350.4798099151803,13.934176707931531,-18.46153754852046,2.9712566032937017e-19
1787278751.0278907,resting,fast,1787278739.9715214,-245.6723862861677,-184.38521641964815,1347.282831945281,13.828891231472415,-18.425428971462267,2.972033420691301e-19
1787278751.0392656,resting,fast,1787278739.9715214,-245.95978085200522,-184.8428550834327,1343.906604936,13.863214131256473,-18.446983563900353,2.968341037226976e-19
1787278751.049982,resting,fast,1787278739.9715214,-245.376386551447,-185.14513851203048,1345.7680172844875,13.885885388401167,-18.403228991358596,2.9680313216982527e-19
1787278751.0611517,resting,fast,1787278739.9715214,-244.61867428645428,-184.49965113743644,1346.7060445190154,13.837473835306614,-18.34640057148401,2.9641881649199284e-19
1787278751.0723004,resting,fast,1787278739.9715214,-244.28768974770583,-185.91245588331242,1345.8943028066014,13.94343419124731,-18.321576731077634,2.967937966621013e-19
1787278751.0833235,resting,fast,1787278739.9715214,-245.2859529201737,-187.4874594123288,1345.2221252292156,14.061559455923604,-18.396446469012936,2.9705128774301713e-19
1787278751.0944514,resting,fast,1787278739.9715214,-246.41124157742752,-189.1250297150517,1345.4133123234578,14.184377228627884,-18.48084311830688,2.97282514187861e-19
1787278751.10557,resting,fast,1787278739.9715214,-247.87615388598306,-188.8897635956688,1346.946134481811,14.166732269674089,-18.5907115414485,2.9725521448409e-19
1787278751.1164646,resting,fast,1787278739.9715214,-246.65765798987968,-189.1708545602802,1342.1122733104066,14.187814092019924,-18.499324349240688,2.9684569207874684e-19
1787278751.1277785,resting,fast,1787278739.9715214,-246.85023583564043,-189.15327220957226,1342.4386596482318,14.18649541571661,-18.513767687672875,2.969446012742145e-19
1787278751.1388762,resting,fast,1787278739.9715214,-245.82735632499998,-190.24248268164604,1339.565907065792,14.268186201122635,-18.437051724375046,2.9679081460133285e-19
1787278751.1498215,resting,fast,1787278739.9715214,-246.22815883219528,-188.17036334085026,1342.6823511962275,14.11277725056279,-18.467111912414467,2.967970711401969e-19
1787278751.1608944,resting,fast,1787278739.9715214,-245.33241178445542,-187.16465156030188,1341.141152787587,14.037348867021453,-18.399930883833925,2.9653941691664166e-19
1787278751.1722252,resting,fast,1787278739.9715214,-244.34214569928963,-184.15625672514318,1338.2877010716393,13.811719254384688,-18.325660927446478,2.9619189374816277e-19
1787278751.1834583,resting,fast,1787278739.9715214,-245.6916920252993,-185.47070108427795,1339.5579772222145,13.910302581319744,-18.426876901897238,2.9622102884343825e-19
1787278751.194119,resting,fast,1787278739.9715214,-246.09596770078178,-186.82288997242438,1339.8616222876544,14.011716747930553,-18.457197577558425,2.966259306610245e-19
1787278751.2054703,resting,fast,1787278739.9715214,-246.58894832518627,-189.17097172091883,1341.6157598607833,14.187822879067799,-18.494171124388778,2.967531078605393e-19
1787278751.2165759,resting,fast,1787278739.9715214,-245.32606861900922,-189.15232305436132,1340.1518382277145,14.186424229076042,-18.39945514642556,2.969103422959476e-19
1787278751.2275515,resting,fast,1787278739.9715214,-245.04243121721038,-187.9721042218722,1338.018142769558,14.097907816639069,-18.378182341290646,2.9645918123898925e-19
1787278751.2386074,resting,fast,1787278739.9715214,-246.2416223602081,-186.90594289859507,1339.4352949502945,14.017945717393534,-18.468121677015816,2.9643735655436866e-19
1787278751.2497714,resting,fast,1787278739.9715214,-247.4414423751191,-185.53714602845105,1342.250573234417,13.915285952132823,-18.558108178133907,2.9617117904821544e-19
1787278751.2609136,resting,fast,1787278739.9715214,-248.68402580916836,-187.03880355825856,1347.6904476241862,14.027910266868265,-18.651301935687613,2.9674212064673096e-19
1787278751.2721221,resting,fast,1787278739.9715214,-248.2302257993938,-186.9342763217884,1350.000069616549,14.02007072413284,-18.617266934954458,2.9689305076510465e-19
1787278751.2830327,resting,fast,1787278739.9715214,-246.6820789157723,-187.08819229061226,1348.013481803563,14.031614421794945,-18.50115591868289,2.970426042670516e-19
1787278751.294258,resting,fast,1787278739.9715214,-246.16346885414487,-185.24447892636124,1347.4044266053033,13.893335919476176,-18.46226016406058,2.97070676203406e-19
1787278751.3052623,resting,fast,1787278739.9715214,-246.17107660007468,-186.06784227999844,1347.9734254650639,13.95508817099898,-18.462830745005455,2.974719614410559e-19
1787278751.3163466,resting,fast,1787278739.9715214,-246.23228131611768,-185.83026599971697,1348.066147858378,13.937269949977736,-18.467421098708776,2.978248612832801e-19
1787278751.3275092,resting,fast,1787278739.9715214,-245.86172998921802,-185.60220685432216,1345.9984201225825,13.920165514072838,-18.439629749191063,2.975352102782221e-19
1787278751.3385777,resting,fast,1787278739.9715214,-245.68071845958593,-185.51055460290843,1343.0867564840128,13.913291595217022,-18.42605388446868,2.9707566710663074e-19
1787278751.3498118,resting,fast,1787278739.9715214,-246.91305051008794,-186.78086504093528,1343.0195970531722,14.008564878068942,-18.518478788256317,2.971969970047808e-19
1787278751.3607745,resting,fast,1787278739.9715214,-247.41720521292928,-187.97813349950468,1344.8012458758485,14.098360012461743,-18.556290390969508,2.974522461018879e-19
1787278751.3718686,resting,fast,1787278739.9715214,-248.27473252271602,-187.14235386769872,1348.0492204971351,14.035676540076327,-18.620604939203503,2.9760777457235885e-19
1787278751.3829648,resting,fast,1787278739.9715214,-247.4465096708559,-184.28869995920707,1345.8415862286029,13.821652496939397,-18.558488225314,2.9707840696617105e-19
1787278751.394108,resting,fast,1787278739.9715214,-247.6025531386108,-184.5540159028527,1345.7497421348062,13.84155119271259,-18.570191485395505,2.969566512588411e-19
1787278751.4051325,resting,fast,1787278739.9715214,-246.63299117651013,-184.28273690104004,1343.7980268191104,13.821205267577003,-18.49747433823785,2.971121608360843e-19
1787278751.4162452,resting,fast,1787278739.9715214,-246.9015117259537,-186.42565530705485,1343.6343354647697,13.981924148027662,-18.517613379446274,2.9736833118158153e-19
1787278751.4274805,resting,fast,1787278739.9715214,-246.14706709248503,-184.72825936638162,1343.183196959667,13.854619452477483,-18.461030031936183,2.9727348757136584e-19
1787278751.4385557,resting,fast,1787278739.9715214,-246.73385079751142,-185.91774893729246,1344.23240961785,13.943831170295741,-18.505038809812987,2.970516294594797e-19
1787278751.4496734,resting,fast,1787278739.9715214,-245.76452541905246,-185.40726440914625,1343.9792929970108,13.905544830684764,-18.432339406428675,2.967192630790012e-19
1787278751.4607453,resting,fast,1787278739.9715214,-245.8300283083231,-185.98562142455046,1344.5033812611046,13.948921606840234,-18.43725212312416,2.9655676918957284e-19
1787278751.4719286,resting,fast,1787278739.9715214,-245.84427529296818,-185.00315296332099,1345.3851303424917,13.875236472248037,-18.438320646972564,2.9679906420755607e-19
1787278751.4827137,resting,fast,1787278739.9715214,-245.20441789958886,-183.59591211022496,1344.6920022445765,13.76969340826587,-18.390331342468876,2.966590437359561e-19
1787278751.4940968,resting,fast,1787278739.9715214,-245.44892025087256,-184.111445377844,1344.4623212063661,13.808358403337085,-18.40866901881501,2.9677298830753055e-19
1787278751.504891,resting,fast,1787278739.9715214,-245.61555502182318,-185.2455965140565,1343.9264535700686,13.893419738552897,-18.421166626636506,2.968117643673421e-19
1787278751.5160575,resting,fast,1787278739.9715214,-245.5382678830406,-187.2854338923663,1346.040391815016,14.046407541926389,-18.415370091227786,2.972098951093809e-19
1787278751.5272796,resting,fast,1787278739.9715214,-244.7880138717469,-185.6743302345327,1344.7561215090218,13.925574767588873,-18.35910104038073,2.9706630106667405e-19
1787278751.5384178,resting,fast,1787278739.9715214,-243.7352197443447,-183.86650487909003,1343.2306145514021,13.789987865930502,-18.28014148082557,2.9680077112028034e-19
1787278751.5495262,resting,fast,1787278739.9715214,-246.1490309568394,-184.38247490479932,1344.2620665819459,13.828685617858742,-18.461177321762904,2.9675796509467634e-19
1787278751.5606039,resting,fast,1787278739.9715214,-247.6385212514174,-187.11946222096924,1344.3638905949965,14.033959666571509,-18.57288909385602,2.9715126764699463e-19
1787278751.5716999,resting,fast,1787278739.9715214,-247.44709260870923,-188.55293343831443,1342.6309850856787,14.141470007872687,-18.558531945652888,2.9674732562845915e-19
1787278751.5827837,resting,fast,1787278739.9715214,-246.7907886682383,-187.43024208586314,1338.2038986869857,14.057268156438699,-18.509309150117517,2.963479334716686e-19
1787278751.5939953,resting,fast,1787278739.9715214,-245.21017597637137,-184.95372720299713,1336.4232621046149,13.871529540223538,-18.390763198227702,2.9592699786538285e-19
1787278751.6049721,resting,fast,1787278739.9715214,-245.79474957068987,-183.60609449978085,1336.2324342712682,13.770457087482473,-18.434606217801566,2.9609223383417145e-19
1787278751.6160657,resting,fast,1787278739.9715214,-245.68521262485456,-184.51121680844915,1339.9095881372787,13.838341260632621,-18.426390946863798,2.966414729592173e-19
1787278751.6272075,resting,fast,1787278739.9715214,-246.5761214154286,-185.81517704243436,1343.3348238595581,13.936138278181492,-18.49320910615686,2.9714224298492067e-19
1787278751.638253,resting,fast,1787278739.9715214,-245.80544429866814,-186.84021498475283,1345.0504809617914,14.01301612385554,-18.435408322399766,2.975455814673113e-19
1787278751.6493466,resting,fast,1787278739.9715214,-245.22872595449962,-185.30421036084488,1344.5518987901132,13.897815777062437,-18.392154446587384,2.969116354733363e-19
1787278751.6606781,resting,fast,1787278739.9715214,-245.43091634793336,-184.99919440394353,1342.1355042997502,13.874939580294498,-18.407318726094772,2.965110388249954e-19
1787278751.6714585,resting,fast,1787278739.9715214,-246.33356559634058,-184.72715437262048,1341.6275610131788,13.85453657794557,-18.475017419725532,2.965323379807918e-19
1787278751.6827013,resting,fast,1787278739.9715214,-245.61684608306996,-185.0618992406247,1338.7897731574967,13.879642443045785,-18.421263456230207,2.9654910238111666e-19
1787278751.693726,resting,fast,1787278739.9715214,-245.45714123888638,-185.23150881936715,1343.4496558770343,13.89236316145146,-18.409285592916333,2.972602612020578e-19
1787278751.704815,resting,fast,1787278739.9715214,-244.91984918136268,-185.5756558821805,1341.365890128557,13.918174191162553,-18.36898868860218,2.9686437691569767e-19
1787278751.7159328,resting,fast,1787278739.9715214,-245.63360204716219,-185.49653831242665,1344.406244374578,13.912240373430993,-18.422520153537057,2.969776330613345e-19
1787278751.727028,resting,fast,1787278739.9715214,-245.80684335018805,-184.4699522121233,1341.7397213122194,13.835246415908106,-18.435513251264,2.9621475752557716e-19
1787278751.7381294,resting,fast,1787278739.9715214,-247.5524782297639,-185.04957814792726,1347.6824668351592,13.87871836109331,-18.566435867232073,2.969579737021786e-19
1787278751.7489684,resting,fast,1787278739.9715214,-247.4702898764831,-185.27337296405506,1344.3446698997095,13.895502972302925,-18.56027174073612,2.9746343830612166e-19
1787278751.760312,resting,fast,1787278739.9715214,-246.44460294104874,-185.96590324196825,1341.977696069188,13.947442743146585,-18.483345220578464,2.9741485285999673e-19
1787278751.771571,resting,fast,1787278739.9715214,-244.80189343455777,-185.8683050466292,1339.530535179706,13.940122878496087,-18.360142007591897,2.9707245186972175e-19
1787278751.7824733,resting,fast,1787278739.9715214,-244.89852562342412,-185.6327627645402,1340.5448439819384,13.922457207339196,-18.36738942175657,2.966190238032613e-19
1787278751.7936487,resting,fast,1787278739.9715214,-245.11226906214642,-185.44704862200763,1338.214978498786,13.90852864664949,-18.383420179660867,2.9657429932415545e-19
1787278751.8047857,resting,fast,1787278739.9715214,-246.43834288486187,-185.86644504987464,1338.9024629908881,13.939983378739488,-18.482875716364433,2.9674729904087417e-19
1787278751.815531,resting,fast,1787278739.9715214,-247.16008332783122,-187.72819508545842,1339.4174218063336,14.079614631408266,-18.537006249587144,2.972424766753258e-19
1787278751.8270075,resting,fast,1787278739.9715214,-247.76268312158436,-188.94934260503067,1342.6479126898766,14.171200695376104,-18.58220123411857,2.976414188180246e-19
1787278751.8381186,resting,fast,1787278739.9715214,-247.2596860644221,-189.16565888906905,1342.2378263582277,14.187424416678983,-18.544476454831518,2.9752643084859973e-19
1787278751.8490512,resting,fast,1787278739.9715214,-247.12451964506045,-187.86105149808202,1344.9390779860705,14.089578862354774,-18.534338973379306,2.9729439346426613e-19
1787278751.8601444,resting,fast,1787278739.9715214,-246.49104421874426,-186.56554267436957,1346.4072576268109,13.992415700576434,-18.486828316405656,2.972058845744584e-19
1787278751.8713813,resting,fast,1787278739.9715214,-244.75599237157303,-183.94775308234023,1343.8952684250735,13.796081481174415,-18.356699427867653,2.967404516407731e-19
1787278751.882417,resting,fast,1787278739.9715214,-244.25093409218925,-185.15366356857692,1340.60623589849,13.886524767642218,-18.31882005691387,2.967925017892265e-19
1787278751.8931186,resting,fast,1787278739.9715214,-244.1615253106106,-185.5797181441352,1337.415661350099,13.91847886080902,-18.31211439829555,2.961772312600408e-19
1787278751.9042237,resting,fast,1787278739.9715214,-244.7407983312637,-186.55284177051692,1334.9886062763262,13.991463132787619,-18.355559874844865,2.9591854214264314e-19
1787278751.9155097,resting,fast,1787278739.9715214,-246.11549351690383,-185.71079495451738,1345.6000885266012,13.928309621587719,-18.458662013767743,2.963391097734741e-19
1787278751.9268763,resting,fast,1787278739.9715214,-247.71851382458453,-187.03775717407473,1349.4951074979117,14.027831788054488,-18.578888536843657,2.969727045876705e-19
1787278751.9379678,resting,fast,1787278739.9715214,-248.91608669670995,-188.2084018800066,1352.4994635204193,14.115630140999233,-18.668706502253194,2.975237659560805e-19
1787278751.9490118,resting,fast,1787278739.9715214,-248.73446024525265,-188.2828838534607,1345.7196328980272,14.121216289008263,-18.655084518393693,2.971517735426735e-19
1787278751.9601502,resting,fast,1787278739.9715214,-248.55640506224108,-187.2748516535197,1347.2850560156885,14.04561387401279,-18.64173037966792,2.972362063428918e-19
1787278751.9713058,resting,fast,1787278739.9715214,-246.9932759277376,-185.35829309708663,1349.383414565068,13.9018719822805,-18.524495694580125,2.9715021985042286e-19
1787278751.9821894,resting,fast,1787278739.9715214,-246.82423065331614,-184.55882429939504,1351.9694047489402,13.841911822453671,-18.511817298998473,2.9715099381829074e-19
1787278751.9934611,resting,fast,1787278739.9715214,-246.020144994161,-184.6740368486029,1347.8927965755693,13.850552763644249,-18.451510874561848,2.9689460776994707e-19
1787278752.004407,resting,fast,1787278739.9715214,-247.1840485422158,-185.54501146749942,1349.3794593023258,13.915875860061238,-18.53880364066606,2.970018760323022e-19
1787278752.015723,resting,fast,1787278739.9715214,-247.18939853331767,-186.65825107360376,1349.4979957710702,13.999368830519149,-18.539204889998906,2.9723833766659085e-19
1787278752.0267973,resting,fast,1787278739.9715214,-246.61760307854047,-186.59976374115593,1351.553558441553,13.994982280585507,-18.49632023089042,2.974558018890694e-19
1787278752.0378819,resting,fast,1787278739.9715214,-246.65861612093386,-187.5496890649839,1346.3522247371193,14.066226679872518,-18.49939620906993,2.9696745132113893e-19
1787278752.0489855,resting,fast,1787278739.9715214,-246.78783010987217,-187.62383519477214,1347.8634216483706,14.071787639606587,-18.509087258240143,2.970080147721469e-19
1787278752.0601444,resting,fast,1787278739.9715214,-246.35374604122853,-185.86794080111838,1344.7540402075856,13.940095560082671,-18.476530953091938,2.96675803759469e-19
1787278752.0712318,resting,fast,1787278739.9715214,-246.2529639789468,-184.77891476642446,1349.0123599094668,13.858418607480619,-18.468972298420724,2.9724178929158193e-19
1787278752.0821953,resting,fast,1787278739.9715214,-246.72003191578142,-184.31742694551178,1348.4582341104315,13.823807020912358,-18.50400239368355,2.9713404475629435e-19
1787278752.0933793,resting,fast,1787278739.9715214,-248.25078900014842,-186.73629877747874,1354.2467765449846,14.005222408309766,-18.618809175010938,2.974603759841121e-19
1787278752.1044865,resting,fast,1787278739.9715214,-248.36877750520352,-187.66698686360235,1351.638748311182,14.075024014769117,-18.627658312889857,2.9746504054005525e-19
1787278752.1154907,resting,fast,1787278739.9715214,-246.96544975376173,-188.37540941854047,1349.1025390537243,14.128155706389283,-18.522408731532018,2.972471573024009e-19
1787278752.126696,resting,fast,1787278739.9715214,-245.88060729259223,-187.3808353037465,1342.4725138677395,14.053562647779973,-18.441045546944522,2.96829555426336e-19
1787278752.1377292,resting,fast,1787278739.9715214,-245.96481534821714,-187.02859168297607,1344.561338424105,14.027144376221859,-18.447361151116198,2.967620713517997e-19
1787278752.1489143,resting,fast,1787278739.9715214,-246.77127148906357,-187.9961453768093,1341.8068778896295,14.099710903259666,-18.507845361679543,2.9670511343918154e-19
1787278752.160099,resting,fast,1787278739.9715214,-247.2004737750608,-187.7968896683211,1346.3613802391346,14.084766725122737,-18.540035533129355,2.9722390812161407e-19
1787278752.1707156,resting,fast,1787278739.9715214,-246.97271618013156,-187.8384489676174,1345.7562931013863,14.087883672570204,-18.52295371350999,2.972411977188353e-19
1787278752.1817188,resting,fast,1787278739.9715214,-247.6931688376576,-186.15959035129174,1348.79780659902,13.961969276345531,-18.576987662824173,2.975321398081405e-19
1787278752.1932473,resting,fast,1787278739.9715214,-248.21644577694178,-187.22136304414823,1348.7048093007552,14.041602228309916,-18.616233433270573,2.975449499473373e-19
1787278752.203945,resting,fast,1787278739.9715214,-249.45119309531992,-187.72251813581408,1347.3782990072496,14.079188860184832,-18.708839482148868,2.9741988410976783e-19
1787278752.2153254,resting,fast,1787278739.9715214,-249.94131729849278,-188.00380985901904,1351.1767023807397,14.100285739425349,-18.745598797386783,2.9760205329862964e-19
1787278752.2264729,resting,fast,1787278739.9715214,-250.38096237663422,-187.00163316051737,1349.446638520677,14.025122487037624,-18.778572178247316,2.9731391799272454e-19
1787278752.2372653,resting,fast,1787278739.9715214,-250.08495624139368,-186.7750036818378,1351.231243254976,14.008125276136841,-18.75637171810417,2.9752697383942167e-19
1787278752.2486894,resting,fast,1787278739.9715214,-248.83590326902095,-186.65201218366008,1350.1110429443825,13.99890091377343,-18.662692745176287,2.972702578560027e-19
1787278752.2598839,resting,fast,1787278739.9715214,-247.78975357849004,-187.0855331715792,1351.1606600584282,14.031414987867311,-18.58423151838656,2.9733286241712726e-19
1787278752.2708268,resting,fast,1787278739.9715214,-246.01338266873927,-186.28356674737267,1349.1838408354915,13.97126750605172,-18.45100370015531,2.968415200809859e-19
1787278752.2820005,resting,fast,1787278739.9715214,-247.64241735820042,-186.96281367076483,1350.2950888579153,14.022211025306195,-18.57318130186492,2.969589497800569e-19
1787278752.2931857,resting,fast,1787278739.9715214,-247.78761196520782,-187.2230664286086,1351.084985312652,14.041729982144648,-18.584070897390376,2.9703419461353685e-19
1787278752.3037953,resting,fast,1787278739.9715214,-248.42555407217833,-187.54290582690408,1351.6810610742696,14.065717937016661,-18.631916555413035,2.9701794074514116e-19
1787278752.3152807,resting,fast,1787278739.9715214,-246.98002533379668,-187.49559400565784,1349.8550686777025,14.062169550423253,-18.523501900034695,2.967523067614095e-19
1787278752.326449,resting,fast,1787278739.9715214,-246.92375739157205,-187.38418650602569,1347.7995649640316,14.053813987950779,-18.51928180436787,2.964501156948094e-19
1787278752.3372438,resting,fast,1787278739.9715214,-247.08841519138832,-187.5674608226874,1347.051022851375,14.06755956170051,-18.531631139353763,2.9658424925667695e-19
1787278752.3487983,resting,fast,1787278739.9715214,-246.90854889200136,-186.9894662788355,1347.1000665760084,14.024209970911688,-18.51814116690001,2.9667888720459633e-19
1787278752.3599174,resting,fast,1787278739.9715214,-247.43166896742832,-186.55999244702969,1350.6003100839416,13.99199943352615,-18.557375172556974,2.9686058929312565e-19
1787278752.370501,resting,fast,1787278739.9715214,-249.6200392300675,-186.71481384228025,1356.402215086634,14.003611038169684,-18.721502942254666,2.975100330592996e-19
1787278752.3817747,resting,fast,1787278739.9715214,-250.3483338779156,-187.16126589631983,1356.4560827759915,14.037094942222826,-18.77612504084332,2.976462447906827e-19
1787278752.3930192,resting,fast,1787278739.9715214,-251.099656270982,-188.05050588501365,1359.5596550833025,14.103787941374765,-18.832474220323455,2.9782529902984946e-19
1787278752.403901,resting,fast,1787278739.9715214,-250.8313374581071,-188.39880810248053,1359.1022165821605,14.12991060768491,-18.81235030935786,2.9749321021489897e-19
1787278752.4151802,resting,fast,1787278739.9715214,-248.81487496081854,-187.06101286374985,1357.0753032266812,14.029575964780054,-18.661115622061082,2.9731745333043406e-19
1787278752.4263895,resting,fast,1787278739.9715214,-247.9799186350715,-187.33449413383903,1351.7764937675993,14.050087060036535,-18.598493897630178,2.9721157983535406e-19
1787278752.4370403,resting,fast,1787278739.9715214,-246.75271784673214,-186.657195014281,1350.8654954159765,13.999289626069984,-18.50645383850484,2.9731025739974674e-19
1787278752.4484162,resting,fast,1787278739.9715214,-247.43651313092005,-186.9021270512502,1351.6152701708388,14.017659528842831,-18.557738484818834,2.976981924134854e-19
1787278752.4592042,resting,fast,1787278739.9715214,-247.27941337232596,-186.42601359099456,1351.102834620603,13.981951019323294,-18.54595600292445,2.9754810696161376e-19
1787278752.4705584,resting,fast,1787278739.9715214,-246.70134465320598,-184.57629532832868,1351.9677938988361,13.843222149623504,-18.502600848990348,2.9760983450575334e-19
1787278752.4813612,resting,fast,1787278739.9715214,-247.18455224483978,-184.82379040398052,1352.893472055236,13.861784280297503,-18.538841418362708,2.972777784795331e-19
1787278752.4930024,resting,fast,1787278739.9715214,-247.09286567133904,-183.8973042076126,1354.1201566021364,13.792297815569828,-18.531964925350238,2.9716848246540377e-19
1787278752.5035973,resting,fast,1787278739.9715214,-247.94756231663132,-185.97265713482022,1352.1676828921272,13.947949285110443,-18.596067173747215,2.969874324099169e-19
1787278752.515029,resting,fast,1787278739.9715214,-247.32239974998947,-186.69649546518974,1351.795397448438,14.00223715988827,-18.54917998124894,2.9709575337075286e-19
1787278752.5263073,resting,fast,1787278739.9715214,-247.49652961900347,-187.28321205706845,1351.4441228161731,14.046240904279077,-18.562239721425023,2.9710271221321457e-19
1787278752.5370357,resting,fast,1787278739.9715214,-247.5073560576161,-186.87013269487568,1353.220368293084,14.015259952114523,-18.56305170432107,2.9738348189015835e-19
1787278752.5484989,resting,fast,1787278739.9715214,-249.04271453084812,-186.28752255135976,1353.8737699001058,13.971564191350996,-18.67820358981355,2.9762536201986657e-19
1787278752.5596387,resting,fast,1787278739.9715214,-249.86030841732145,-185.67143406313437,1356.3172926545694,13.925357554734195,-18.739523131299016,2.980525607403615e-19
1787278752.5703714,resting,fast,1787278739.9715214,-248.99981125701424,-184.3939874502945,1353.6656288961813,13.829549058771125,-18.674985844275866,2.977822227644144e-19
1787278752.5814166,resting,fast,1787278739.9715214,-249.18989649165223,-184.9709692941493,1356.6759599792977,13.872822697060005,-18.689242236873575,2.9754131820634083e-19
1787278752.592867,resting,fast,1787278739.9715214,-248.44999494276226,-185.26747247738274,1353.5247787870585,13.895060435802339,-18.633749620706837,2.972700522781467e-19
1787278752.6035118,resting,fast,1787278739.9715214,-246.82678565424203,-184.5629618320089,1348.3147592533323,13.842222137399563,-18.51200892406802,2.9684153685992773e-19
1787278752.6149988,resting,fast,1787278739.9715214,-244.75362037357218,-185.14827530426658,1340.5740659583398,13.886120647818704,-18.356521528017552,2.963723733402673e-19
1787278752.6262217,resting,fast,1787278739.9715214,-245.0762848735535,-185.81467486943882,1342.4429062507743,13.936100615206588,-18.38072136551638,2.9644367611625235e-19
1787278752.6368134,resting,fast,1787278739.9715214,-247.33457800962833,-188.6579795735255,1349.0985722012947,14.14934846801312,-18.55009335072196,2.968152767507753e-19
1787278752.648317,resting,fast,1787278739.9715214,-248.15860520953584,-187.75515026952633,1355.6978767412138,14.081636270213426,-18.611895390715148,2.9749183083804222e-19
1787278752.6594422,resting,fast,1787278739.9715214,-248.03708359156417,-186.85882954830174,1353.6796127166408,14.014412216121546,-18.60278126936724,2.974364210889093e-19
1787278752.6702237,resting,fast,1787278739.9715214,-247.97411024957955,-186.4989655752571,1352.6258863079793,13.987422418143229,-18.598058268718326,2.9726734339011905e-19
1787278752.6813934,resting,fast,1787278739.9715214,-249.00637026382765,-186.39349360597873,1349.2333523856369,13.979512020447107,-18.67547776978688,2.972082061818579e-19
1787278752.692877,resting,fast,1787278739.9715214,-248.65647369140834,-186.51657988700697,1348.185196211406,13.988743491524307,-18.649235526855428,2.9720613736986895e-19
1787278752.7035105,resting,fast,1787278739.9715214,-248.36544703296886,-186.72967792109114,1350.0266233772209,14.0047258440806,-18.62740852747249,2.9763240359205112e-19
1787278752.7149777,resting,fast,1787278739.9715214,-247.81734287384415,-186.85316366417635,1352.1079377605574,14.013987274812042,-18.586300715537917,2.9747287615821585e-19
1787278752.7260246,resting,fast,1787278739.9715214,-247.23856159697925,-186.89030883751172,1351.092326320785,14.016773162812203,-18.54289211977327,2.9717956463101154e-19
1787278752.7369308,resting,fast,1787278739.9715214,-247.00285615023995,-185.88194395699963,1346.8675460718669,13.941145796773657,-18.525214211267603,2.9670837335720013e-19
1787278752.7482555,resting,fast,1787278739.9715214,-247.22561550281034,-186.19508264699004,1346.1339013920015,13.964631198523183,-18.54192116271056,2.9679209640462036e-19
1787278752.7593133,resting,fast,1787278739.9715214,-247.57483777386324,-187.30224565351307,1348.5242537363292,14.047668424012532,-18.568112833039564,2.9709542887714013e-19
1787278752.7700176,resting,fast,1787278739.9715214,-247.97606244921963,-188.43584925566404,1350.314463029702,14.13268869417367,-18.59820468369132,2.9728980259755753e-19
1787278752.7815697,resting,fast,1787278739.9715214,-247.9713908342287,-188.67333495461673,1351.8468300959075,14.150500121595346,-18.597854312567065,2.975200446579942e-19
1787278752.7926373,resting,fast,1787278739.9715214,-247.7686459265392,-186.96073395102633,1351.7548096828368,14.022055046325836,-18.58264844449024,2.9727515276053425e-19
1787278752.8034606,resting,fast,1787278739.9715214,-246.7493180754186,-185.91997964676636,1351.5211684715732,13.94399847350616,-18.506198855656223,2.9780605011180393e-19
1787278752.8148882,resting,fast,1787278739.9715214,-246.93724220221384,-185.96951486868977,1349.835670196163,13.947713615150551,-18.52029316516562,2.9756816827822507e-19
1787278752.8258023,resting,fast,1787278739.9715214,-247.66457157074865,-186.26660341147033,1351.5121719236913,13.969995255859022,-18.57484286780577,2.978908010508042e-19
1787278752.836672,resting,fast,1787278739.9715214,-247.94059474316373,-186.81952526794396,1351.5117005329876,14.01146439509468,-18.59554460573721,2.9717957115387915e-19
1787278752.848179,resting,fast,1787278739.9715214,-247.2247355348586,-185.72505297746727,1350.4850348888967,13.929378973308989,-18.54185516511435,2.9704183221074623e-19
1787278752.8595276,resting,fast,1787278739.9715214,-246.90977743584926,-185.8465496185089,1350.8527962504331,13.93849122138693,-18.518233307688625,2.9699364674908185e-19
1787278752.8700418,resting,fast,1787278739.9715214,-247.61841296754437,-186.28275226540188,1350.90294803905,13.971206419903911,-18.571380972565713,2.9696752044327365e-19
1787278752.8815038,resting,fast,1787278739.9715214,-247.1860216903192,-186.22533182204563,1348.9933280141931,13.966899886652403,-18.53895162677391,2.9668105832809238e-19
1787278752.8927042,resting,fast,1787278739.9715214,-247.34981913183628,-186.39205169147374,1346.5114004990546,13.979403876859482,-18.551236434887514,2.965391131119789e-19
1787278752.9032981,resting,fast,1787278739.9715214,-247.2038348428364,-187.04212912731543,1348.9802544587483,14.028159684547436,-18.54028761321267,2.969444418223229e-19
1787278752.9147995,resting,fast,1787278739.9715214,-247.47410685294244,-187.57029102635045,1348.1986909782672,14.067771826975292,-18.560558013970315,2.966338824926822e-19
1787278752.9278479,resting,fast,1787278739.9715214,-248.08239898823695,-187.36396469214458,1349.1046375985816,14.052297351909846,-18.60617992411759,2.9686096625125465e-19
1787278752.936758,resting,fast,1787278739.9715214,-248.43229918330098,-186.51900089257003,1350.8561103963502,13.98892506694165,-18.632422438747213,2.972113686740933e-19
1787278752.948256,resting,fast,1787278739.9715214,-247.78309269644114,-185.0995053432688,1350.270897539508,13.88246290074402,-18.58373195223311,2.979312666231895e-19
1787278752.9613159,resting,fast,1787278739.9715214,-246.93476613957364,-185.34166092770795,1350.0771882512317,13.900624569577037,-18.52010746046784,2.9741290229093434e-19
1787278752.96997,resting,fast,1787278739.9715214,-245.9491581837624,-184.18922288230635,1345.0864521692702,13.814191716171994,-18.446186863781904,2.966860328885909e-19
1787278752.981397,resting,fast,1787278739.9715214,-246.70618383955343,-185.48825735537037,1348.5939295402904,13.91161930165153,-18.502963787966316,2.9675808475549157e-19
1787278752.9940774,resting,fast,1787278739.9715214,-246.81357693368,-185.04196174095466,1349.300377059345,13.878147130570515,-18.511018270025616,2.972022928963618e-19
1787278753.0036397,resting,fast,1787278739.9715214,-246.69753432841435,-185.23632847217698,1349.3262685249474,13.892724635412112,-18.502315074630786,2.972062865072517e-19
1787278753.0147774,resting,fast,1787278739.9715214,-246.41465243080938,-184.35261431982906,1347.1025681640067,13.826446073986151,-18.4810989323107,2.966941231115212e-19
1787278753.027393,resting,fast,1787278739.9715214,-245.83874639237138,-185.05556927103305,1342.4049354536628,13.879167695326249,-18.437905979427697,2.9634462440682946e-19
1787278753.0367334,resting,fast,1787278739.9715214,-247.3522270059534,-185.77712881538207,1345.5080205224376,13.933284661152516,-18.551417025446376,2.968416778164231e-19
1787278753.047643,resting,fast,1787278739.9715214,-247.95711663990596,-187.19363826454298,1349.7559232485337,14.039522869839463,-18.596783747992518,2.973228787002882e-19
1787278753.0595486,resting,fast,1787278739.9715214,-248.47105791708645,-186.88306791208868,1352.9232289702222,14.016230093405714,-18.635329343781464,2.976834295117118e-19
1787278753.0698242,resting,fast,1787278739.9715214,-247.21146058352906,-186.9631755132267,1348.0769612329286,14.022238163490986,-18.540859543764554,2.975736001889325e-19
1787278753.0814886,resting,fast,1787278739.9715214,-246.20128347215496,-186.856915294925,1344.0327416448936,14.01426864711826,-18.465096260411514,2.972905248407844e-19
1787278753.093341,resting,fast,1787278739.9715214,-246.97007727729897,-187.04470203734138,1345.3995351001113,14.028352652799246,-18.522755795797202,2.9702705541758717e-19
1787278753.1033616,resting,fast,1787278739.9715214,-246.0887396069361,-186.33061600226995,1344.842335765471,13.97479620016907,-18.456655470519976,2.965719401699804e-19
1787278753.1146634,resting,fast,1787278739.9715214,-246.24244207383936,-184.3735641013178,1349.864646993824,13.828017307597637,-18.468183155537908,2.9692914618782262e-19
1787278753.126358,resting,fast,1787278739.9715214,-245.38359485016508,-183.95211848744668,1349.258358390508,13.796408886557277,-18.40376961376208,2.9705755262402303e-19
1787278753.1367793,resting,fast,1787278739.9715214,-245.59491766717792,-183.6888235687387,1350.9127422487518,13.776661767654208,-18.41961882503808,2.9710679916916146e-19
1787278753.1480813,resting,fast,1787278739.9715214,-244.69651280744665,-184.3835851939915,1343.3721490756552,13.828768889548076,-18.352238460558496,2.963924665235901e-19
1787278753.1594036,resting,fast,1787278739.9715214,-244.3983097390642,-184.17426888311832,1343.5758968901564,13.813070166232695,-18.329873230429527,2.964847525096863e-19
1787278753.1700163,resting,fast,1787278739.9715214,-244.02279799468351,-184.12375759036297,1340.1383334967113,13.809281819276183,-18.301709849600975,2.9605300458877686e-19
1787278753.181402,resting,fast,1787278739.9715214,-245.93335149131553,-184.99778191989128,1342.247687871396,13.87483364399073,-18.44500136184852,2.961871386046699e-19
1787278753.1925745,resting,fast,1787278739.9715214,-245.79213197670788,-185.15787807659297,1338.4206927728364,13.886840855743177,-18.434409898253037,2.9569884999912616e-19
1787278753.2033541,resting,fast,1787278739.9715214,-246.99982361068078,-186.76351433245952,1341.919864685563,14.007263574933223,-18.52498677080078,2.9662644907136817e-19
1787278753.2146852,resting,fast,1787278739.9715214,-246.57352838677662,-187.739751159104,1343.430829789676,14.080481336931559,-18.49301462900828,2.9690565144481415e-19
1787278753.225669,resting,fast,1787278739.9715214,-247.19869201482425,-187.61222986371138,1347.542697267695,14.070917239777064,-18.53990190111157,2.975002885535401e-19
1787278753.2368083,resting,fast,1787278739.9715214,-247.66084615402133,-188.4093912053305,1349.8554954917645,14.130704340398697,-18.574563461551527,2.973773981880035e-19
1787278753.2480183,resting,fast,1787278739.9715214,-247.19700346623767,-187.7950192499576,1346.7767709659538,14.084626443745709,-18.539775259967655,2.970817731012489e-19
1787278753.259094,resting,fast,1787278739.9715214,-248.3658765617306,-189.37112201917387,1349.3285656475282,14.202834151436878,-18.627440742129608,2.974526887065474e-19
1787278753.2699397,resting,fast,1787278739.9715214,-248.8197126695818,-189.47227830704162,1345.573202801078,14.21042087302688,-18.661478450218453,2.973012608481214e-19
1787278753.2812862,resting,fast,1787278739.9715214,-248.5728693396809,-189.3877957008366,1345.1183485160227,14.204084677561571,-18.642965200476006,2.9729692865936333e-19
1787278753.2923346,resting,fast,1787278739.9715214,-247.12675157669355,-187.517248295596,1340.5591867619305,14.063793622168422,-18.53450636825184,2.965509482991649e-19
1787278753.3034542,resting,fast,1787278739.9715214,-245.5510093600792,-185.7173919907383,1341.050435747854,13.928804399304102,-18.416325702005707,2.9636859692475385e-19
1787278753.3145943,resting,fast,1787278739.9715214,-246.6690600933648,-184.59277242804035,1343.2091027840333,13.844457932101793,-18.5001795070023,2.969026561305138e-19
1787278753.325687,resting,fast,1787278739.9715214,-246.7399724181255,-184.0831456330901,1345.5844930258654,13.806235922480571,-18.505497931359173,2.97236218882634e-19
1787278753.3361673,resting,fast,1787278739.9715214,-247.35281673241252,-184.42342174657267,1347.7047899520048,13.831756630991979,-18.551461254930793,2.9741324472042295e-19
1787278753.3473375,resting,fast,1787278739.9715214,-246.82028171367938,-185.19492801244348,1350.9036438025278,13.889619600932196,-18.511521128525928,2.974533172387725e-19
1787278753.3584545,resting,fast,1787278739.9715214,-247.38037765652325,-187.74504196284454,1349.3100251054575,14.080878147212037,-18.553528324238947,2.9721788644791285e-19
1787278753.369805,resting,fast,1787278739.9715214,-248.4958042906842,-186.52856273556915,1350.7431501145193,13.989642205166664,-18.63718532180087,2.9725140833640077e-19
1787278753.3811796,resting,fast,1787278739.9715214,-247.83398225853352,-185.76686923906266,1342.727727000557,13.932515192928381,-18.587548669389875,2.965483909253928e-19
1787278753.3922663,resting,fast,1787278739.9715214,-247.78090470189227,-185.28883625794685,1345.2893229957417,13.89666271934475,-18.583567852641593,2.9672275313267104e-19
1787278753.403166,resting,fast,1787278739.9715214,-245.6796888842141,-186.44377085414897,1340.5176326900937,13.98328281406005,-18.425976666316124,2.9621948637983992e-19
1787278753.414394,resting,fast,1787278739.9715214,-245.63329015318095,-186.4865989102094,1343.4492388457847,13.986494918264587,-18.422496761488226,2.964776097215146e-19
1787278753.425565,resting,fast,1787278739.9715214,-245.08094153776574,-186.01249668713115,1338.33978318555,13.950937251533478,-18.3810706153322,2.9593224397324785e-19
1787278753.4364705,resting,fast,1787278739.9715214,-246.1711842412301,-185.53042618771485,1340.0460119048012,13.914781964077267,-18.462838818091967,2.9614780259412914e-19
1787278753.4477274,resting,fast,1787278739.9715214,-248.1212521372413,-187.6038959767708,1345.988984314784,14.070292198256613,-18.60909391029297,2.964405974721017e-19
1787278753.458598,resting,fast,1787278739.9715214,-248.4998941726194,-188.0486387194136,1346.9658058165742,14.10364790395474,-18.637492062946265,2.966303956703228e-19
1787278753.46974,resting,fast,1787278739.9715214,-247.58355368742605,-187.9922206098737,1347.3730462941521,14.099416545739164,-18.568766526556814,2.967901271414088e-19
1787278753.4810448,resting,fast,1787278739.9715214,-247.51966866907924,-187.9351789184176,1348.2497698336747,14.095138418880271,-18.563975150180696,2.970860579850273e-19
1787278753.4922535,resting,fast,1787278739.9715214,-246.26889432817143,-185.55939403817672,1349.4117225827604,13.916954552861956,-18.470167074612604,2.969207316756652e-19
1787278753.5031264,resting,fast,1787278739.9715214,-246.31885568202824,-183.98219927117805,1347.7287651604647,13.798664945337197,-18.473914176152036,2.96636492543199e-19
1787278753.514359,resting,fast,1787278739.9715214,-246.26623061541386,-183.48014633613445,1343.1201029083868,13.761010975208993,-18.469967296155914,2.96334860926407e-19
1787278753.525057,resting,fast,1787278739.9715214,-247.8120378677072,-184.74721535377728,1345.0506672305337,13.856041151532057,-18.585902840077807,2.968647590658994e-19
1787278753.5363848,resting,fast,1787278739.9715214,-247.25993034950943,-183.77086274414148,1345.5073780318717,13.782814705809589,-18.544494776213284,2.966528425695459e-19
1787278753.5476635,resting,fast,1787278739.9715214,-246.76426376807603,-183.97173432763623,1343.854444172558,13.797880074571612,-18.50731978260559,2.961673297378392e-19
1787278753.5587132,resting,fast,1787278739.9715214,-246.29470564545,-183.9183074674346,1344.146732629627,13.793873060056345,-18.47210292340843,2.9613374457894266e-19
1787278753.5697033,resting,fast,1787278739.9715214,-246.90303183904825,-186.68895943376344,1342.03068523196,14.001671957530807,-18.517727387928332,2.9629719130130677e-19
1787278753.5810366,resting,fast,1787278739.9715214,-245.86086467758696,-185.89709021678152,1343.2207150961158,13.94228176625747,-18.439564850818734,2.9650305145024683e-19
1787278753.5920708,resting,fast,1787278739.9715214,-246.82431953885634,-186.68465825860278,1345.6397634400137,14.001349369394195,-18.511823965414017,2.9703206337458355e-19
1787278753.603115,resting,fast,1787278739.9715214,-247.17830257646483,-186.77569392122302,1348.0109583182466,14.008177044090605,-18.538372693234777,2.9728214897133994e-19
1787278753.614187,resting,fast,1787278739.9715214,-248.03569362300686,-186.27595147698605,1352.2759057696194,13.97069636077281,-18.60267702172527,2.974049852551261e-19
1787278753.6253662,resting,fast,1787278739.9715214,-247.18775186683206,-184.57523392332598,1346.5267420256723,13.843142544248156,-18.539081390012136,2.964826253161423e-19
1787278753.6361933,resting,fast,1787278739.9715214,-247.93831478753646,-185.23134546194262,1346.4218474338095,13.89235090964451,-18.595373609064914,2.968608015344624e-19
1787278753.647492,resting,fast,1787278739.9715214,-247.1064917960407,-185.70819671095876,1343.8267974616583,13.928114753320546,-18.532986884702815,2.9701902009687675e-19
1787278753.65868,resting,fast,1787278739.9715214,-246.4218231544951,-185.2325353009677,1346.3921886009566,13.892440147571595,-18.48163673658712,2.971827969147933e-19
1787278753.6698365,resting,fast,1787278739.9715214,-246.19023934951065,-184.14140680067874,1349.3763821967395,13.810605510049843,-18.46426795121306,2.969149142389949e-19
1787278753.6809273,resting,fast,1787278739.9715214,-246.56111404728244,-183.8136212064752,1348.4889833030747,13.786021590484314,-18.49208355354611,2.967794827615775e-19
1787278753.6925695,resting,fast,1787278739.9715214,-247.07511890369142,-185.7399510024544,1347.5307196193871,13.930496325182833,-18.530633917776484,2.967669824001607e-19
1787278753.7030315,resting,fast,1787278739.9715214,-246.4557270462251,-186.23649168503232,1345.3088710733764,13.967736876376325,-18.484179528466946,2.969456883776912e-19
1787278753.7141306,resting,fast,1787278739.9715214,-246.68325071288882,-186.41238450653998,1346.7586624410842,13.9809288379893,-18.501243803466494,2.9689017840265575e-19
1787278753.7253304,resting,fast,1787278739.9715214,-247.015204049369,-186.52499519628816,1348.8087425186286,13.989374639720385,-18.52614030370257,2.973519339178875e-19
1787278753.7362742,resting,fast,1787278739.9715214,-247.93262437761814,-185.28772872563525,1351.0023786565207,13.896579654421362,-18.59494682832114,2.97183325059269e-19
1787278753.7474267,resting,fast,1787278739.9715214,-247.65013253569077,-184.72600402013143,1351.5657836160708,13.854450301508809,-18.573759940176743,2.974288547538427e-19
1787278753.758546,resting,fast,1787278739.9715214,-247.4168263716715,-185.08239106960752,1348.4346946915057,13.881179330219641,-18.556261977875124,2.9704037044159843e-19
1787278753.769367,resting,fast,1787278739.9715214,-247.55112267218783,-185.70912836226432,1348.398117517142,13.928184627168722,-18.56633420041419,2.972160255886996e-19
1787278753.780775,resting,fast,1787278739.9715214,-248.25568880012042,-186.8326855018846,1347.4175005594689,14.012451412640264,-18.619176660008925,2.972353180199974e-19
1787278753.7919793,resting,fast,1787278739.9715214,-248.06424226997615,-186.90684805150556,1350.8303474611648,14.018013603861764,-18.604818170247896,2.974105191454255e-19
1787278753.8026917,resting,fast,1787278739.9715214,-246.1952179129762,-184.83483222425195,1346.3517388101127,13.86261241681753,-18.46464134347302,2.9706559610930707e-19
1787278753.8140006,resting,fast,1787278739.9715214,-244.46921196953508,-183.69314579144213,1343.1887073283951,13.77698593435706,-18.33519089771518,2.9675086606957276e-19
1787278753.8251503,resting,fast,1787278739.9715214,-244.60181966144,-183.1874935724146,1339.840068041066,13.739062017930028,-18.34513647460762,2.965208327575924e-19
1787278753.836112,resting,fast,1787278739.9715214,-246.61055103443914,-186.42876757777378,1343.5179275745732,13.982157568332003,-18.49579132758275,2.968114127503324e-19
1787278753.8471541,resting,fast,1787278739.9715214,-248.28048550808444,-187.04895683838174,1346.4547246334432,14.028671762877526,-18.621036413106346,2.97022045290935e-19
1787278753.8581598,resting,fast,1787278739.9715214,-248.39236176117402,-186.61829491851165,1348.210706710005,13.996372118887184,-18.629427132087926,2.9751380342286073e-19
1787278753.869472,resting,fast,1787278739.9715214,-247.64583939133672,-185.80100519662403,1345.7801794619654,13.935075389745695,-18.57343795435009,2.9716993820444083e-19
1787278753.8806312,resting,fast,1787278739.9715214,-247.17203817290147,-185.07692823195623,1344.607563836381,13.880769617395647,-18.537902862967456,2.9692986037248907e-19
1787278753.8917425,resting,fast,1787278739.9715214,-247.66179521202457,-185.01462048367068,1345.409083893669,13.876096536274193,-18.574634640901827,2.965306742681208e-19
1787278753.9027781,resting,fast,1787278739.9715214,-248.92985600163456,-186.02894996832708,1347.1805644684455,13.952171247623514,-18.66973920012245,2.968505089589439e-19
1787278753.9139926,resting,fast,1787278739.9715214,-248.48794220075024,-186.61800996379418,1347.7034885384319,13.99635074728356,-18.636595665056078,2.967550258976836e-19
1787278753.925079,resting,fast,1787278739.9715214,-249.15558033651587,-187.32972595631156,1349.1277064999967,14.049729446722143,-18.686668525238517,2.971868025276636e-19
1787278753.9358685,resting,fast,1787278739.9715214,-247.63329334682157,-186.17837607526997,1350.011720626947,13.963378205644066,-18.572497001011456,2.970685704505787e-19
1787278753.9472585,resting,fast,1787278739.9715214,-248.09284717356013,-186.37168314103621,1349.7693730711262,13.977876235576506,-18.606963538016863,2.971864299135715e-19
1787278753.95831,resting,fast,1787278739.9715214,-246.60468737031033,-186.27327288894446,1347.6999949481024,13.970495466669622,-18.495351552773172,2.9685647003634937e-19
1787278753.9692984,resting,fast,1787278739.9715214,-247.44684825459126,-186.17974542066133,1347.062162591611,13.963480906548373,-18.558513619093937,2.9728032688856775e-19
1787278753.9802568,resting,fast,1787278739.9715214,-246.9729863814532,-184.85784440108648,1347.3078707064315,13.864338330080333,-18.52297397860884,2.9726140090969783e-19
1787278753.991636,resting,fast,1787278739.9715214,-247.7442621606583,-184.00572488722526,1346.7629209867673,13.800429366540886,-18.580819662049244,2.97306144936031e-19
1787278754.0028536,resting,fast,1787278739.9715214,-245.94076893751344,-184.19101882401844,1343.6498618412506,13.814326411800241,-18.445557670313327,2.9688740526932087e-19
1787278754.013851,resting,fast,1787278739.9715214,-246.0278824235279,-185.4624561152183,1344.4306473572915,13.90968420864036,-18.452091181764622,2.9689385175483527e-19
1787278754.024763,resting,fast,1787278739.9715214,-245.65222627091543,-185.56721412387935,1340.6468056142503,13.917541059289878,-18.423916970318324,2.968481497040161e-19
1787278754.035802,resting,fast,1787278739.9715214,-246.95043624437903,-184.92522211928178,1345.395945661342,13.869391658945165,-18.52128271832843,2.968213760678286e-19
1787278754.0471973,resting,fast,1787278739.9715214,-247.40950238117102,-184.7912480322433,1346.9286501813049,13.859343602417173,-18.55571267858776,2.970892519735705e-19
1787278754.0582023,resting,fast,1787278739.9715214,-247.10024711812048,-185.45804483266386,1353.477969204615,13.90935336244856,-18.53251853385892,2.9712975692463187e-19
1787278754.069163,resting,fast,1787278739.9715214,-248.04149137555078,-187.27186320971248,1351.4043221242582,14.045389740727277,-18.603111853166112,2.972917991723252e-19
1787278754.0805051,resting,fast,1787278739.9715214,-247.1054040538279,-185.8784308991186,1349.7404458054361,13.940882317432983,-18.53290530403693,2.971589414386642e-19
1787278754.0916128,resting,fast,1787278739.9715214,-246.9333984195532,-185.2457321181829,1348.8335346298709,13.893429908862561,-18.52000488146642,2.971203095962515e-19
1787278754.1025028,resting,fast,1787278739.9715214,-245.3990095143049,-183.49399798925026,1350.883057515529,13.762049849192639,-18.404925713572595,2.9707822030315285e-19
1787278754.1137602,resting,fast,1787278739.9715214,-246.05072030643487,-183.83970630190436,1348.8016101871426,13.787977972641759,-18.453804022982467,2.9714223656617807e-19
1787278754.1248994,resting,fast,1787278739.9715214,-246.34491746944286,-183.62900488361345,1347.2136502208605,13.772175366269881,-18.475868810208063,2.9703768818100385e-19
1787278754.1358914,resting,fast,1787278739.9715214,-246.8111858778916,-183.39759363705423,1342.9581345138113,13.75481952277801,-18.51083894084173,2.967760820821414e-19
1787278754.1470134,resting,fast,1787278739.9715214,-247.37220696327086,-184.63401434773016,1347.451879925372,13.84755107607862,-18.552915522245264,2.968972397325506e-19
1787278754.1583652,resting,fast,1787278739.9715214,-247.5608600384844,-184.95546447880668,1348.8145307697623,13.871659835909515,-18.567064502886254,2.96965119598765e-19
1787278754.169107,resting,fast,1787278739.9715214,-248.9996662644021,-186.26563985431528,1352.7436268737265,13.969922989072803,-18.67497496982986,2.9721760574491518e-19
1787278754.1803358,resting,fast,1787278739.9715214,-249.56775067370518,-186.35644223177712,1350.8832457930575,13.976733167382196,-18.71758130052732,2.9717360614562965e-19
1787278754.19135,resting,fast,1787278739.9715214,-250.2406664090763,-186.96873284359037,1352.3027071642837,14.02265496326817,-18.768049980680487,2.9754300867408683e-19
1787278754.202523,resting,fast,1787278739.9715214,-249.98068526079942,-187.2018115478994,1352.38982604592,14.040135866091294,-18.74855139455987,2.979257185779612e-19
1787278754.2135682,resting,fast,1787278739.9715214,-247.7471854838791,-186.5592399120561,1353.42787682998,13.991942993402976,-18.58103891129059,2.979356882033858e-19
1787278754.2245727,resting,fast,1787278739.9715214,-245.8029290157051,-185.33105163608718,1348.0045389439138,13.899828872705402,-18.435219676177994,2.975316549721158e-19
1787278754.2358105,resting,fast,1787278739.9715214,-245.44143501502595,-185.3452254002881,1344.8203093759048,13.900891905020348,-18.4081076261269,2.971791961898563e-19
1787278754.2469342,resting,fast,1787278739.9715214,-246.1877566844937,-185.41058655805534,1343.2449750778223,13.905793991852793,-18.464081751336877,2.9731750616718367e-19
1787278754.2578478,resting,fast,1787278739.9715214,-246.5650847501679,-185.20188737413594,1344.8308245858761,13.890141553059014,-18.492381356262293,2.972411126033365e-19
1787278754.2690709,resting,fast,1787278739.9715214,-244.51186973703852,-184.46382296645686,1342.525780736757,13.834786722482878,-18.338390230277597,2.9681718292214273e-19
1787278754.2802608,resting,fast,1787278739.9715214,-244.85424289699995,-184.2765018898234,1342.2126672584318,13.820737641735636,-18.364068217274806,2.965881127168104e-19
1787278754.2912414,resting,fast,1787278739.9715214,-245.6827305441716,-185.12062889531046,1343.6352188932642,13.884047167147148,-18.426204790812548,2.970782425402882e-19
1787278754.3022785,resting,fast,1787278739.9715214,-247.4692499511807,-185.38350916066258,1347.7592148014728,13.90376318704853,-18.560193746338115,2.974242891320944e-19
1787278754.313576,resting,fast,1787278739.9715214,-246.82263470059706,-185.9376202336565,1345.9180004201853,13.945321517523258,-18.511697602544615,2.972313266022687e-19
1787278754.3242474,resting,fast,1787278739.9715214,-246.7375184065063,-185.4420051432047,1346.0333906316819,13.90815038573918,-18.505313880487734,2.9675564135516477e-19
1787278754.3357046,resting,fast,1787278739.9715214,-247.5002877072061,-185.4993828658413,1348.508675146607,13.912453714936806,-18.56252157804,2.969574894803871e-19
1787278754.3469393,resting,fast,1787278739.9715214,-248.22890417942335,-185.46063654473835,1350.8007567920458,13.909547740854325,-18.61716781345659,2.9700937602576135e-19
1787278754.3576593,resting,fast,1787278739.9715214,-248.2691387819027,-186.53980869951044,1353.1391645471804,13.99048565246186,-18.620185408642286,2.9745834601146105e-19
1787278754.3689866,resting,fast,1787278739.9715214,-246.50735565170135,-185.80840150145548,1349.1397072725567,13.935630112608028,-18.488051673877365,2.970252557857996e-19
1787278754.3802106,resting,fast,1787278739.9715214,-245.95856607541054,-185.30665289511842,1347.5359807330287,13.897998967132683,-18.446892455655714,2.971105454649419e-19
1787278754.391236,resting,fast,1787278739.9715214,-245.50101700849564,-184.640417816045,1342.3950146977559,13.84803133620213,-18.412576275637136,2.969216505779208e-19
1787278754.4022906,resting,fast,1787278739.9715214,-245.7145069688063,-184.6484794194331,1344.4424532384028,13.848635956456395,-18.428588022660264,2.9764323007719297e-19
1787278754.4133103,resting,fast,1787278739.9715214,-247.37528911623804,-185.30707931203722,1348.8878218783402,13.898030948401573,-18.553146683717827,2.9767636184212533e-19
1787278754.42448,resting,fast,1787278739.9715214,-248.54287508250263,-187.74052996927423,1354.88897043843,14.080539747694576,-18.640715631187483,2.9807038987566506e-19
1787278754.4355702,resting,fast,1787278739.9715214,-248.1289715955004,-187.61282827085404,1357.456744618631,14.070962120312874,-18.60967286966258,2.9791396149618424e-19
1787278754.4467869,resting,fast,1787278739.9715214,-247.79047663385563,-187.3088191911819,1353.408495485647,14.048161439337509,-18.584285747538907,2.979665078763648e-19
1787278754.4578018,resting,fast,1787278739.9715214,-247.4587939583148,-185.71680531262075,1351.4986836545622,13.92876039844558,-18.559409546873404,2.978213082520591e-19
1787278754.4688976,resting,fast,1787278739.9715214,-248.17556501347872,-185.26263542845606,1350.8734746205637,13.894697657133083,-18.6131673760106,2.973564754722305e-19
1787278754.479942,resting,fast,1787278739.9715214,-247.14639156940348,-184.15541184630536,1350.070947148798,13.81165588847185,-18.535979367705146,2.968924905807904e-19
1787278754.4907696,resting,fast,1787278739.9715214,-247.03063517917462,-183.64302836543595,1348.995423225705,13.77322712740673,-18.527297638437965,2.966127344560195e-19
1787278754.5021017,resting,fast,1787278739.9715214,-246.34850393842362,-183.87324201527338,1344.528885812827,13.790493151144435,-18.476137795381526,2.96348773989575e-19
1787278754.513414,resting,fast,1787278739.9715214,-246.80308448220376,-186.46281114446776,1345.6175470152784,13.984710835833614,-18.510231336164892,2.969280314745942e-19
1787278754.5239182,resting,fast,1787278739.9715214,-246.2107220497087,-186.7529070861832,1347.7246237198387,14.00646803146262,-18.46580415372786,2.9698213040841005e-19
1787278754.535463,resting,fast,1787278739.9715214,-245.97564858565647,-188.22688159074085,1347.6225497310852,14.117016119304584,-18.448173643924058,2.971560999776255e-19
1787278754.546686,resting,fast,1787278739.9715214,-245.75659143291023,-186.9338981206423,1345.9266946064172,14.020042359047057,-18.431744357468098,2.968556454614526e-19
1787278754.5571387,resting,fast,1787278739.9715214,-245.5899507942072,-186.32930238449524,1340.1688349895912,13.97469767883587,-18.419246309565445,2.9632361372689314e-19
1787278754.5682712,resting,fast,1787278739.9715214,-246.56603203887926,-185.89078084618984,1344.2311412099307,13.941808563463017,-18.492452402915738,2.968671696457815e-19
1787278754.5796273,resting,fast,1787278739.9715214,-246.4378642119632,-185.5069708707955,1345.1001416232275,13.913022815308683,-18.482839815896973,2.965441685728927e-19
1787278754.590589,resting,fast,1787278739.9715214,-246.52338801303677,-185.38796850422239,1350.157513219653,13.904097637815571,-18.489254100977647,2.9679675915364485e-19
1787278754.6019545,resting,fast,1787278739.9715214,-246.08318957492384,-184.52131193986781,1347.9571488013253,13.839098395489078,-18.456239218119286,2.9627454468237613e-19
1787278754.613252,resting,fast,1787278739.9715214,-246.13126247605442,-183.61314076579708,1350.3198783431044,13.770985557433736,-18.45984468570385,2.9679301390920143e-19
1787278754.6237872,resting,fast,1787278739.9715214,-247.69356826886678,-183.62423325462794,1352.1058753512325,13.771817494095831,-18.577017620164888,2.9701546202865255e-19
1787278754.6348507,resting,fast,1787278739.9715214,-247.9050897866423,-183.75649450464596,1353.100483092091,13.781737087847308,-18.592881733998077,2.9713035412472606e-19
1787278754.6460145,resting,fast,1787278739.9715214,-246.71389071058502,-185.44520767410847,1346.5637836151463,13.90839057555677,-18.503541803293857,2.9656521408847956e-19
1787278754.6570942,resting,fast,1787278739.9715214,-245.82057015429427,-185.35195389378453,1344.112843578504,13.901396542032632,-18.436542761572028,2.9632137211430085e-19
1787278754.6686954,resting,fast,1787278739.9715214,-244.66777855580722,-184.699047874538,1340.3353709767844,13.852428590589046,-18.35008339168548,2.9598595081453556e-19
1787278754.6791716,resting,fast,1787278739.9715214,-247.6072483893936,-184.49881207479382,1348.3856649757608,13.837410905608255,-18.57054362920435,2.966001341370024e-19
1787278754.690383,resting,fast,1787278739.9715214,-248.55920459311756,-184.7576502182602,1347.6146627299377,13.856823766368311,-18.641940344483608,2.9689688234419076e-19
1787278754.7016952,resting,fast,1787278739.9715214,-249.78238729192663,-185.9631690657419,1350.5584931501444,13.947237679929433,-18.73367904689418,2.9731007526817785e-19
1787278754.7131228,resting,fast,1787278739.9715214,-248.39224097583292,-186.69360473180257,1346.751520939467,14.002020354883985,-18.629418073187068,2.969038598106995e-19
1787278754.7238288,resting,fast,1787278739.9715214,-247.58978752038502,-187.01404351987742,1348.5570723174797,14.026053263989798,-18.56923406402874,2.9702496250250833e-19
1787278754.7351978,resting,fast,1787278739.9715214,-246.5544740090313,-186.52974519611018,1345.295130820302,13.989730889707392,-18.4915855506773,2.967280409462657e-19
1787278754.746424,resting,fast,1787278739.9715214,-245.72899011978052,-185.80585734848876,1347.1561383391645,13.935439301135492,-18.429674258983297,2.9691494432018715e-19
1787278754.7570462,resting,fast,1787278739.9715214,-245.99575548754137,-186.41300618240314,1348.2478153480106,13.980975463679105,-18.449681661565442,2.97227735567216e-19
1787278754.7685108,resting,fast,1787278739.9715214,-246.22768402651263,-186.9368675705531,1351.0443933476154,14.020265067790195,-18.467076301988065,2.978131327715697e-19
1787278754.7797594,resting,fast,1787278739.9715214,-247.23607074893107,-187.87884918772932,1350.2896875959295,14.090913689078693,-18.54270530616975,2.978762580899951e-19
1787278754.790401,resting,fast,1787278739.9715214,-247.97349390650788,-188.181647597689,1349.6271639341476,14.113623569825652,-18.598012042988003,2.9763434691705717e-19
1787278754.8018484,resting,fast,1787278739.9715214,-248.41887821825503,-189.06548555313304,1349.7657794418856,14.179911416483964,-18.631415866368847,2.9746975767842412e-19
1787278754.8130145,resting,fast,1787278739.9715214,-248.6104604951256,-187.70548869668244,1350.559202230529,14.077911652250197,-18.645784537134233,2.9760131009912696e-19
1787278754.8236969,resting,fast,1787278739.9715214,-248.70576215924257,-187.343790186624,1349.9930348282242,14.0507842639955,-18.652932161943006,2.97284465618726e-19
1787278754.8351302,resting,fast,1787278739.9715214,-250.1868223392562,-187.2906244598347,1354.5396435460816,14.046796834486432,-18.764011675443918,2.974129152013599e-19
1787278754.8463542,resting,fast,1787278739.9715214,-248.54585625827758,-186.32459505574127,1351.6902362423725,13.974344629179715,-18.640939219370658,2.970290699338427e-19
1787278754.856923,resting,fast,1787278739.9715214,-248.14983397776496,-185.5670539844142,1350.9087947063354,13.91752904883015,-18.611237548332284,2.967979208819151e-19
1787278754.868449,resting,fast,1787278739.9715214,-246.64054707978948,-184.42198401222674,1349.6460968600904,13.831648800915705,-18.498041030984133,2.971209138472819e-19
1787278754.8795702,resting,fast,1787278739.9715214,-247.7922960246965,-184.78167454881248,1354.5162839149862,13.858625591159711,-18.58442220185203,2.9769577703957486e-19
1787278754.8905728,resting,fast,1787278739.9715214,-247.43181255672835,-186.28295174272137,1355.8726422272493,13.971221380703174,-18.55738594175441,2.981915173414867e-19
1787278754.9019315,resting,fast,1787278739.9715214,-248.40036696887228,-187.1569241364922,1354.8181592254687,14.036769310235858,-18.630027522665387,2.979243284614396e-19
1787278754.9130416,resting,fast,1787278739.9715214,-247.62686620027534,-188.58757664074608,1351.2795131155917,14.144068248054882,-18.57201496502043,2.9746961983237497e-19
1787278754.923724,resting,fast,1787278739.9715214,-247.81629726662277,-187.05086139760567,1349.3172219682392,14.028814604819306,-18.58622229499636,2.972720617535847e-19
1787278754.9352343,resting,fast,1787278739.9715214,-246.35328918525875,-187.20564329536717,1343.6709986993055,14.040423247151342,-18.4764966888942,2.9648215830438795e-19
1787278754.9462912,resting,fast,1787278739.9715214,-246.89703187307032,-186.4921699120713,1341.5709145327955,13.986912743404066,-18.517277390480068,2.9611594608279175e-19
1787278754.957117,resting,fast,1787278739.9715214,-246.66530522208495,-187.61254121192917,1345.2491635868091,14.070940590893319,-18.49989789165631,2.9632404738281987e-19
1787278754.9686115,resting,fast,1787278739.9715214,-247.9578640112245,-187.20529622751576,1352.0761507746456,14.040397217062509,-18.596839800841437,2.968523766232291e-19
1787278754.979594,resting,fast,1787278739.9715214,-247.64947689589053,-187.7170138903374,1353.703660563925,14.078776041774336,-18.573710767191628,2.973872167470495e-19
1787278754.9902923,resting,fast,1787278739.9715214,-247.6695701213771,-187.907837899529,1353.0139442295776,14.093087842463664,-18.57521775910306,2.9748081625204355e-19
1787278755.0016458,resting,fast,1787278739.9715214,-248.3300728701147,-188.75677928256243,1353.6414625840598,14.156758446191137,-18.624755465258623,2.979083434186635e-19
1787278755.012756,resting,fast,1787278739.9715214,-248.19753630839068,-188.2006115103112,1354.5520148275637,14.115045863272062,-18.614815223129106,2.979293766157956e-19
1787278755.0237255,resting,fast,1787278739.9715214,-248.2860263813186,-187.01744288405837,1353.142304641683,14.026308216303324,-18.621451978598557,2.979693880905098e-19
1787278755.0346994,resting,fast,1787278739.9715214,-249.74642438473757,-187.67416309964517,1356.752411283761,14.075562232472283,-18.73098182885508,2.9798684288347606e-19
1787278755.0462081,resting,fast,1787278739.9715214,-249.5111318777358,-186.91075257281875,1353.1586047201263,14.018306442960498,-18.713334890829827,2.9763151932367374e-19
1787278755.0567706,resting,fast,1787278739.9715214,-248.64901481504012,-186.37533120611658,1350.928904745796,13.978149840457665,-18.6486761111278,2.969809191928233e-19
1787278755.0684428,resting,fast,1787278739.9715214,-246.90033071175503,-184.88457058603115,1347.3083107356151,13.866342793951237,-18.517524803381555,2.9687183275646905e-19
1787278755.0795324,resting,fast,1787278739.9715214,-248.44669176399339,-185.46227459596764,1350.2929743697796,13.909670594696198,-18.63350188229937,2.9708489900861824e-19
1787278755.0902958,resting,fast,1787278739.9715214,-248.94593308298818,-186.0811852612443,1351.948632647337,13.956088894592316,-18.67094498122382,2.9734078503165004e-19
1787278755.1015859,resting,fast,1787278739.9715214,-248.38544620286348,-185.43346222641424,1347.9780947085283,13.907509666979923,-18.6289084652146,2.97085933131993e-19
1787278755.1127696,resting,fast,1787278739.9715214,-248.72388569121767,-186.69305989758584,1351.1661313674367,14.001979492317904,-18.654291426841205,2.974978178520474e-19
1787278755.123506,resting,fast,1787278739.9715214,-247.73708091032358,-186.68884230601373,1348.3856733708608,14.001663172949964,-18.580281068274402,2.9717746006965522e-19
1787278755.1345222,resting,fast,1787278739.9715214,-248.38299361334566,-187.15133585469073,1351.506311516211,14.03635018910062,-18.628724521000557,2.970444953652015e-19
1787278755.1455052,resting,fast,1787278739.9715214,-247.03501706623183,-185.27415655088464,1349.8049667974765,13.895561741315166,-18.527626279967414,2.9662389221905566e-19
1787278755.1565325,resting,fast,1787278739.9715214,-247.74070361004078,-184.43369705404996,1350.087320978083,13.832527279052744,-18.580552770753044,2.9720731230842644e-19
1787278755.1676364,resting,fast,1787278739.9715214,-247.48191210402592,-184.36308282268953,1347.0575909245626,13.827231211700596,-18.561143407801765,2.9720565977736133e-19
1787278755.1788678,resting,fast,1787278739.9715214,-248.23857211791665,-185.1612436324209,1344.2581485407964,13.887093272430551,-18.617892908843586,2.9699313409925913e-19
1787278755.189999,resting,fast,1787278739.9715214,-248.48809120605665,-185.9578579719306,1344.502350660695,13.946839347893675,-18.636606840454014,2.96937552967437e-19
1787278755.2016165,resting,fast,1787278739.9715214,-248.10822171153677,-186.40526836679317,1345.2152757159101,13.980395127508192,-18.60811662836499,2.973036257200693e-19
1787278755.2127845,resting,fast,1787278739.9715214,-246.61391824915745,-186.4015271668162,1348.0842827062816,13.980114537509781,-18.496043868686527,2.973605177192179e-19
1787278755.223646,resting,fast,1787278739.9715214,-246.02489397613908,-187.22919854157374,1346.972708279679,14.042189890617028,-18.45186704821033,2.9701007579087744e-19
1787278755.2346907,resting,fast,1787278739.9715214,-246.7447643069686,-187.15209597531327,1353.0116875446065,14.036407198147305,-18.50585732302271,2.9704521320437145e-19
1787278755.246019,resting,fast,1787278739.9715214,-247.58794927430654,-187.20760532570046,1353.6674962952266,14.040570399426361,-18.569096195572875,2.9762564780449646e-19
1787278755.2566833,resting,fast,1787278739.9715214,-247.06319254395066,-185.9540547529665,1355.6994559261211,13.946554106471158,-18.529739440796007,2.97930420807082e-19
1787278755.2681448,resting,fast,1787278739.9715214,-246.47239847827905,-185.94384251921258,1348.951427335297,13.945788188939463,-18.48542988587065,2.974052193892398e-19
1787278755.281999,resting,fast,1787278739.9715214,-247.21303803124147,-187.0531766706339,1345.1036440502712,14.028988250296369,-18.54097785234277,2.969377219218731e-19
1787278755.29017,resting,fast,1787278739.9715214,-247.08722521171103,-188.00160668564388,1342.0172447027153,14.100120501422257,-18.531541890878067,2.965545032718866e-19
1787278755.3013136,resting,fast,1787278739.9715214,-247.438180860358,-189.0705303206795,1345.9385063227246,14.180289774049829,-18.55786356452689,2.972701161690204e-19
1787278755.3150146,resting,fast,1787278739.9715214,-246.29596734594315,-187.62698632988588,1346.6910570514638,14.07202397474001,-18.472197550945474,2.971506124743553e-19
1787278755.3233979,resting,fast,1787278739.9715214,-248.03566217170965,-188.38087160302405,1349.4811658182416,14.128565370225605,-18.602674662877874,2.9739779838225757e-19
1787278755.3346515,resting,fast,1787278739.9715214,-247.72408223676894,-187.60454900440766,1348.510697275874,14.070341175329379,-18.579306167757473,2.9716136816635704e-19
1787278755.3492289,resting,fast,1787278739.9715214,-248.87277349132864,-187.93618730364108,1352.058372335162,14.095214047771965,-18.665458011849246,2.975728005542492e-19
1787278755.3564856,resting,fast,1787278739.9715214,-248.434450291958,-185.5256138660942,1353.3442286585168,13.914421039956043,-18.632583771896655,2.9772163375838636e-19
1787278755.367982,resting,fast,1787278739.9715214,-247.87727621285057,-183.91396969481968,1349.0981308531982,13.793547727110468,-18.590795715963623,2.9716096962908166e-19
1787278755.382545,resting,fast,1787278739.9715214,-247.39745033557801,-184.13525651183284,1346.629606233325,13.810144238386219,-18.55480877516799,2.9684308683841245e-19
1787278755.389898,resting,fast,1787278739.9715214,-246.80314574301292,-185.60046375441163,1345.1637864134727,13.920034781579577,-18.51023593072592,2.964376321301456e-19
1787278755.4012988,resting,fast,1787278739.9715214,-246.257479177983,-186.190690930007,1345.453221188599,13.964301819749512,-18.4693109383487,2.968004205997347e-19
1787278755.4160197,resting,fast,1787278739.9715214,-245.5367691945844,-184.68929109807425,1346.6740251917663,13.851696832354353,-18.415257689593766,2.968229729511355e-19
1787278755.4231796,resting,fast,1787278739.9715214,-245.67111417764272,-184.96207582140516,1348.264130063434,13.87215568660439,-18.4253335633231,2.97220278822238e-19
1787278755.4345114,resting,fast,1787278739.9715214,-247.75505839844527,-186.1843388946346,1354.784433410462,13.963825417096505,-18.581629379883204,2.97679069256836e-19
1787278755.448996,resting,fast,1787278739.9715214,-248.0533201925814,-187.5039560096967,1354.992117452758,14.062796700726057,-18.603999014443318,2.9758709792429114e-19
1787278755.4564192,resting,fast,1787278739.9715214,-249.15530792492018,-186.19204227934495,1354.401418205648,13.964403170949883,-18.68664809436872,2.9714771141826117e-19
1787278755.467795,resting,fast,1787278739.9715214,-246.88039702851484,-185.1621958757213,1345.2733812832093,13.887164690677952,-18.51602977713845,2.9645159805246607e-19
1787278755.4789174,resting,fast,1787278739.9715214,-247.57848202258128,-185.29823673022167,1345.4841041368281,13.897367754765671,-18.568386151693353,2.968858473794815e-19
1787278755.4896734,resting,fast,1787278739.9715214,-246.9997974955154,-186.9732364373366,1349.7776221895883,14.022992732798844,-18.524984812163503,2.975000849615139e-19
1787278755.5011606,resting,fast,1787278739.9715214,-248.10664694227899,-187.51981058066588,1355.2389201336873,14.063985793548856,-18.60799852067084,2.9782949262102813e-19
1787278755.5123644,resting,fast,1787278739.9715214,-247.56695734327923,-187.70778354767447,1353.8371672058847,14.078083766074418,-18.56752180074586,2.9739789259926467e-19
1787278755.5228915,resting,fast,1787278739.9715214,-248.64571430850037,-187.93263025135172,1350.8039676923718,14.09494726885045,-18.648428573137288,2.9742704934958166e-19
1787278755.5344944,resting,fast,1787278739.9715214,-247.55343760684582,-186.7658657344815,1347.1275461266623,14.007439930085017,-18.56650782051311,2.9703269663970486e-19
1787278755.5456085,resting,fast,1787278739.9715214,-247.40720657371048,-187.1160223036046,1346.8240293392291,14.033701672769102,-18.5555404930278,2.9725179351615464e-19
1787278755.5564406,resting,fast,1787278739.9715214,-246.8552042041706,-188.04527630289488,1347.7792375276122,14.103395722715977,-18.514140315312495,2.972605346673312e-19
1787278755.5677328,resting,fast,1787278739.9715214,-246.36738123177793,-188.17584152122106,1346.78609008476,14.113188114090566,-18.477553592383153,2.970622444793993e-19
1787278755.5790405,resting,fast,1787278739.9715214,-247.17308611113413,-188.16542603743653,1347.065543896476,14.11240695280664,-18.537981458334706,2.9680195890846407e-19
1787278755.58965,resting,fast,1787278739.9715214,-247.89703592429169,-187.0468296560599,1349.8960354185865,14.028512224203471,-18.592277694321638,2.9676616137047345e-19
1787278755.6010187,resting,fast,1787278739.9715214,-248.24725562635876,-187.5780135851586,1350.1875405466062,14.068351018885568,-18.618544171976822,2.965415290827814e-19
1787278755.615682,resting,fast,1787278739.9715214,-246.77364340979648,-186.44150413284012,1350.3637894113554,13.983112809961899,-18.508023255734642,2.9656610818251337e-19
1787278755.622964,resting,fast,1787278739.9715214,-244.90818736513256,-184.0216529481769,1346.2251369938995,13.80162397111194,-18.368114052384712,2.9645715908895025e-19
1787278755.6339877,resting,fast,1787278739.9715214,-246.26899243182334,-184.51979500924597,1347.9777415089038,13.838984625692422,-18.470174432386642,2.967257968465423e-19
1787278755.6455903,resting,fast,1787278739.9715214,-246.78448123739827,-185.52844821626934,1344.870492093617,13.914633616218953,-18.508836092804593,2.967792724803084e-19
1787278755.6562254,resting,fast,1787278739.9715214,-247.66939905145364,-189.10569986300618,1346.113713795824,14.182927489724225,-18.575204928858604,2.9675629057689743e-19
1787278755.667176,resting,fast,1787278739.9715214,-247.4905667670714,-188.96654498131727,1342.4290371652887,14.172490873597543,-18.561792507529937,2.966143163135792e-19
1787278755.680789,resting,fast,1787278739.9715214,-249.08878698568378,-189.4465699106064,1347.944270840374,14.208492743294304,-18.681659023926123,2.969779043594044e-19
1787278755.6893997,resting,fast,1787278739.9715214,-247.2626249162663,-187.43028148371343,1343.5312130799712,14.057271111277249,-18.544696868719946,2.965677968157535e-19
1787278755.7009923,resting,fast,1787278739.9715214,-246.9637938261999,-186.8934277638856,1349.829457579407,14.01700708229021,-18.52228453696467,2.9722202380847125e-19
1787278755.7157445,resting,fast,1787278739.9715214,-245.55727833097853,-185.34028547280752,1348.387756297364,13.90052141045945,-18.416795874823336,2.9701234887256144e-19
1787278755.722752,resting,fast,1787278739.9715214,-246.4311399755793,-185.48081155571947,1348.282738747609,13.911060866677648,-18.482335498168183,2.970018109848775e-19
1787278755.734281,resting,fast,1787278739.9715214,-245.8153697760058,-185.71844304163153,1342.739069284783,13.928883228121112,-18.436152733200032,2.967102983374679e-19
1787278755.7490957,resting,fast,1787278739.9715214,-245.51419877757007,-186.37898727022946,1338.9673268485521,13.978424045265943,-18.413564908317433,2.9652636333271365e-19
1787278755.7560768,resting,fast,1787278739.9715214,-246.0038029776474,-188.00237227536343,1341.8834770313433,14.100177920651053,-18.450285223323498,2.9663317551431155e-19
1787278755.7674906,resting,fast,1787278739.9715214,-246.27762896308786,-187.8764169795735,1346.6126466001851,14.090731273466606,-18.47082217223111,2.968670905826878e-19
1787278755.7814481,resting,fast,1787278739.9715214,-245.91366225784304,-187.67364844077622,1347.0214875650227,14.07552363305695,-18.44352466933801,2.9670547680563215e-19
1787278755.7894619,resting,fast,1787278739.9715214,-245.18826275403126,-186.41645005856674,1345.2117670423859,13.981233754391415,-18.389119706552215,2.964853545046173e-19
1787278755.8008008,resting,fast,1787278739.9715214,-245.70844614707175,-187.1288797860833,1344.1645539549781,14.034665983955012,-18.428133461030264,2.9656799307856393e-19
1787278755.8142056,resting,fast,1787278739.9715214,-246.36290997491187,-187.79718722408495,1347.6212058785195,14.084789041805099,-18.47721824811834,2.967771598107618e-19
1787278755.8228226,resting,fast,1787278739.9715214,-246.38951553893594,-186.33539565065723,1348.0835641592812,13.975154673797949,-18.479213665419785,2.971962773961612e-19
1787278755.833818,resting,fast,1787278739.9715214,-246.4786599131471,-185.42978142538266,1350.728589898491,13.907233606902413,-18.485899493485796,2.969972634704034e-19
1787278755.846672,resting,fast,1787278739.9715214,-246.53816377482917,-184.38878187833836,1349.2900722553231,13.829158640874045,-18.490362283112155,2.9731162160933067e-19
1787278755.8561966,resting,fast,1787278739.9715214,-246.01015907355622,-183.48431207457236,1350.3366047065238,13.761323405591643,-18.4507619305167,2.9769906866743487e-19
1787278755.8675914,resting,fast,1787278739.9715214,-246.5104869166248,-183.97415865033497,1346.701831207899,13.798061898773984,-18.48828651874662,2.9727684396244167e-19
1787278755.8802934,resting,fast,1787278739.9715214,-246.13199054423467,-183.33238737239378,1346.6986224334787,13.749929052928412,-18.459899290817404,2.9689165784129424e-19
1787278755.889377,resting,fast,1787278739.9715214,-247.55293034532724,-185.21108714882132,1344.6457079167549,13.890831536160324,-18.56646977589915,2.967351999900636e-19
1787278755.9009142,resting,fast,1787278739.9715214,-246.12863006618454,-185.05229042083,1340.473761825534,13.87892178156105,-18.459647254963656,2.968981310158522e-19
1787278755.9129157,resting,fast,1787278739.9715214,-246.4006265289113,-185.06105866541873,1342.5541374101513,13.879579399905271,-18.480046989668153,2.970861607741924e-19
1787278755.9228027,resting,fast,1787278739.9715214,-244.64836051242446,-184.9228276124776,1341.0737149830265,13.86921207093474,-18.34862703843156,2.9658941611732762e-19
1787278755.934107,resting,fast,1787278739.9715214,-245.0714565396279,-185.22330096410053,1342.6757410261716,13.891747572306517,-18.380359240472103,2.9652621719864434e-19
1787278755.9470408,resting,fast,1787278739.9715214,-245.3380520484884,-186.46064059955404,1338.2205446913458,13.984548044965383,-18.400353903636656,2.9641073286955203e-19
1787278755.955963,resting,fast,1787278739.9715214,-247.42985078667743,-187.2943062129856,1342.2094252838606,14.047072965972706,-18.5572388090006,2.970855338813098e-19
1787278755.9676445,resting,fast,1787278739.9715214,-246.27768214220805,-186.8545105927475,1339.7908803910004,14.014088294454869,-18.47082616066551,2.9734139051758635e-19
1787278755.979781,resting,fast,1787278739.9715214,-246.6967312696147,-186.78256231700777,1344.356848040251,14.008692173774424,-18.502254845220946,2.9750997362640845e-19
1787278755.9894047,resting,fast,1787278739.9715214,-245.8564768834235,-185.23489346031317,1338.3718285062087,13.892617009522258,-18.439235766256708,2.9676992747331883e-19
1787278756.0007997,resting,fast,1787278739.9715214,-248.0525669032545,-186.2813702133575,1346.1279605541304,13.971102766000602,-18.60394251774398,2.969204281941577e-19
1787278756.0140996,resting,fast,1787278739.9715214,-247.63568059391355,-186.1267007608168,1341.9246199069394,13.959502557060336,-18.572676044543314,2.968399666885496e-19
1787278756.0225716,resting,fast,1787278739.9715214,-247.62662093954123,-185.7076278179146,1346.1470083028553,13.9280720863423,-18.57199657046565,2.9686552819844206e-19
1787278756.0339425,resting,fast,1787278739.9715214,-247.01337023982387,-183.26120818057723,1346.1300632438188,13.744590613542048,-18.526002767986768,2.9690044210331077e-19
1787278756.046605,resting,fast,1787278739.9715214,-246.15912091911787,-182.82534257984423,1347.2918845690265,13.711900693486914,-18.461934068933566,2.968836714625848e-19
1787278756.055833,resting,fast,1787278739.9715214,-245.59263357882855,-183.21857432203558,1345.9767317567957,13.741393074151365,-18.41944751841178,2.971289861955291e-19
1787278756.067419,resting,fast,1787278739.9715214,-244.91551263182964,-184.84682208262404,1340.6777264246912,13.863511656195701,-18.368663447387313,2.9675632643774285e-19
1787278756.0802503,resting,fast,1787278739.9715214,-245.9471214798691,-185.8867232628496,1342.6043966579628,13.941504244712522,-18.4460341109899,2.9710544192496376e-19
1787278756.0893817,resting,fast,1787278739.9715214,-245.69622438713805,-184.9050150059694,1342.3606220758857,13.867876125446347,-18.42721682903531,2.9667300223528997e-19
1787278756.1007388,resting,fast,1787278739.9715214,-246.31432252243349,-184.7104928332093,1342.251255428734,13.853286962489523,-18.4735741891822,2.9651500933443655e-19
1787278756.112707,resting,fast,1787278739.9715214,-246.48784118159847,-184.2730365156873,1344.3430429181963,13.820477738675269,-18.486588088619662,2.964080641659535e-19
1787278756.1227791,resting,fast,1787278739.9715214,-246.75299517778103,-185.28897643787116,1343.844172536793,13.896673232839309,-18.506474638333323,2.9667337429409586e-19
1787278756.133999,resting,fast,1787278739.9715214,-247.20424496254282,-186.1584846547786,1347.1452192182142,13.961886349107335,-18.540318372190363,2.969507803489466e-19
1787278756.147004,resting,fast,1787278739.9715214,-245.5810644475664,-184.71303095912674,1341.1428940913129,13.853477321933543,-18.41857983356742,2.9612981639502065e-19
1787278756.155746,resting,fast,1787278739.9715214,-246.74232585640357,-184.30548518401326,1344.3500439726567,13.822911388799941,-18.505674439230134,2.9636546213796865e-19
1787278756.1672437,resting,fast,1787278739.9715214,-245.37965641850906,-182.87280994524633,1340.4747598137737,13.715460745892177,-18.40347423138779,2.959148386877861e-19
1787278756.179533,resting,fast,1787278739.9715214,-246.43808962382855,-184.26647299315766,1344.5341140440587,13.819985474485609,-18.482856721786916,2.966830602831368e-19
1787278756.1891613,resting,fast,1787278739.9715214,-246.13100760791576,-185.4275453212657,1342.7694651132088,13.907065899093926,-18.459825570593566,2.966890263333579e-19
1787278756.2004683,resting,fast,1787278739.9715214,-246.44964701493655,-187.26985598161139,1347.5396085247603,14.045239198619502,-18.48372352611993,2.9711717948991593e-19
1787278756.2135015,resting,fast,1787278739.9715214,-245.96032227834758,-187.33810234059672,1348.0422759567327,14.050357675543541,-18.447024170875764,2.9713007649103e-19
1787278756.222543,resting,fast,1787278739.9715214,-245.82056155087366,-187.46082241459078,1349.9912154561089,14.059561681093289,-18.43654211631528,2.9736900020598684e-19
1787278756.233782,resting,fast,1787278739.9715214,-245.99890171834022,-186.1261349392131,1350.3559346267202,13.959460120439719,-18.449917628875255,2.9757953200610843e-19
1787278756.2463706,resting,fast,1787278739.9715214,-246.0044149447308,-185.97163514558758,1346.2084470645395,13.947872635918035,-18.450331120854536,2.973219398720132e-19
1787278756.2559793,resting,fast,1787278739.9715214,-245.1542472494325,-185.47007149356762,1341.6047453426354,13.910255362016404,-18.386568543707206,2.9701053309486423e-19
1787278756.267065,resting,fast,1787278739.9715214,-246.1128173960119,-185.9844008441479,1342.8935130463879,13.948830063309845,-18.458461304700805,2.968441876377517e-19
1787278756.279688,resting,fast,1787278739.9715214,-245.9439644107947,-185.03165684533963,1343.3193658449245,13.877374263399279,-18.445797330809526,2.964607987191923e-19
1787278756.288985,resting,fast,1787278739.9715214,-246.29167891112547,-185.0326837850954,1346.5884155557442,13.877451283881033,-18.471875918334277,2.9662198585192168e-19
1787278756.300523,resting,fast,1787278739.9715214,-245.05840473673788,-184.46968223661872,1339.2176078775856,13.835226167745265,-18.37938035525501,2.963048524654464e-19
1787278756.3125024,resting,fast,1787278739.9715214,-246.48759729031417,-185.09640534811467,1342.8961908300107,13.882230401107424,-18.486569796773303,2.9689504988011884e-19
1787278756.322407,resting,fast,1787278739.9715214,-245.17404241195118,-183.96212369279976,1338.1015950930805,13.797159276958556,-18.388053180896158,2.9633010129700013e-19
1787278756.3337338,resting,fast,1787278739.9715214,-246.07810201112125,-184.71997998922586,1342.8148844698871,13.853998499190912,-18.45585765083394,2.966825881293207e-19
1787278756.3456674,resting,fast,1787278739.9715214,-245.6630461784839,-184.16863397547024,1342.598218872151,13.81264754815918,-18.424728463386266,2.9679507187011953e-19
1787278756.3556767,resting,fast,1787278739.9715214,-247.41022968623247,-186.86715716918582,1346.7019628174194,14.015036787687738,-18.55576722646738,2.971166223465794e-19
1787278756.3671029,resting,fast,1787278739.9715214,-246.54922919720912,-186.24117354676048,1343.4769419032373,13.968088016006039,-18.491192189790617,2.9691154267025164e-19
1787278756.378203,resting,fast,1787278739.9715214,-246.44997742699843,-186.81527762980534,1343.8262159560445,14.011145822234216,-18.483748307024804,2.9692227274677826e-19
1787278756.388757,resting,fast,1787278739.9715214,-245.74658821615185,-184.59718601543102,1344.0797395362324,13.84478895115615,-18.430994116211203,2.9685955810477763e-19
1787278756.3999052,resting,fast,1787278739.9715214,-245.8989588346526,-184.80107982298898,1346.0821774341812,13.860080986723023,-18.442421912598768,2.971259891498769e-19
1787278756.4114356,resting,fast,1787278739.9715214,-244.99423839061774,-184.41574937671305,1341.9763714521223,13.831181203252019,-18.374567879296116,2.9673737099207544e-19
1787278756.422538,resting,fast,1787278739.9715214,-244.1360884028495,-185.19152982003277,1337.785800656301,13.889364736501353,-18.310206630213465,2.96290708565907e-19
1787278756.433718,resting,fast,1787278739.9715214,-244.10754764933563,-185.41636633123233,1336.104143245665,13.906227474841348,-18.308066073699976,2.9570798249317763e-19
1787278756.444889,resting,fast,1787278739.9715214,-244.96427592642658,-184.97743580456574,1339.1362672696914,13.873307685341349,-18.372320694481758,2.957000200715133e-19
1787278756.4558043,resting,fast,1787278739.9715214,-246.7416126459525,-185.88340739654916,1343.1248483052905,13.94125555474,-18.50562094844632,2.9636382069005374e-19
1787278756.467056,resting,fast,1787278739.9715214,-248.27447798648018,-185.47436842635705,1346.814098768039,13.910577631975645,-18.62058584898587,2.9706728628569954e-19
1787278756.4782166,resting,fast,1787278739.9715214,-248.49101727397056,-186.84177080153347,1344.94065428888,14.013132810113877,-18.636826295547536,2.9709648425507523e-19
1787278756.4890912,resting,fast,1787278739.9715214,-247.03944014705894,-186.20576018179656,1341.4567650920335,13.965432013633578,-18.52795801102954,2.9691351988928913e-19
1787278756.5003572,resting,fast,1787278739.9715214,-244.87262857204814,-186.16850907181094,1339.3542010142364,13.962638180384563,-18.36544714290347,2.966900655725761e-19
1787278756.511459,resting,fast,1787278739.9715214,-244.69711782656896,-186.32277100146723,1341.3155176503142,13.974207825108767,-18.352283836992527,2.9672777243978426e-19
1787278756.5224361,resting,fast,1787278739.9715214,-245.46135835950872,-186.37248689955447,1345.1938539081266,13.977936517465597,-18.40960187696286,2.9719073701800684e-19
1787278756.533628,resting,fast,1787278739.9715214,-246.3037583228438,-185.65318723708572,1345.4735160957634,13.923989042780068,-18.472781874213048,2.967889240253403e-19
1787278756.5447524,resting,fast,1787278739.9715214,-247.37964303480612,-186.5433983747954,1347.6226210701834,13.990754878108508,-18.55347322761014,2.9748182522264745e-19
1787278756.5558186,resting,fast,1787278739.9715214,-246.7446622080638,-185.31328772843233,1343.96636673404,13.898496579631303,-18.50584966560482,2.9696484792091735e-19
1787278756.5670424,resting,fast,1787278739.9715214,-246.1994343649735,-186.46876657190694,1342.8242211162806,13.985157492891961,-18.464957577372914,2.9725124783632235e-19
1787278756.5780368,resting,fast,1787278739.9715214,-245.45050634437803,-185.6716770561669,1341.2948516180122,13.925375779211368,-18.408787975828304,2.969271679725272e-19
1787278756.5889244,resting,fast,1787278739.9715214,-246.48975417087559,-186.8337418136449,1346.245144780708,14.012530636022223,-18.48673156281562,2.9713434800121175e-19
1787278756.6003294,resting,fast,1787278739.9715214,-247.8303994524008,-186.65207949106286,1349.3747033558784,13.998905961828758,-18.58727995892992,2.976936424419301e-19
1787278756.6114647,resting,fast,1787278739.9715214,-247.40715157646764,-185.57406338375188,1346.4524868942435,13.918054753780286,-18.55553636823501,2.972387106128558e-19
1787278756.6223981,resting,fast,1787278739.9715214,-247.0635697518269,-184.7693848194764,1345.2746635904214,13.857703861459544,-18.529767731386755,2.97531830724861e-19
1787278756.6334667,resting,fast,1787278739.9715214,-245.760328057047,-184.70931640706328,1343.1689866142542,13.853198730528593,-18.432024604278276,2.971017855918339e-19
1787278756.6442826,resting,fast,1787278739.9715214,-246.6858225980045,-186.51551465823434,1346.751858561057,13.988663599366436,-18.501436694850362,2.9762940659721147e-19
1787278756.655494,resting,fast,1787278739.9715214,-248.0254890219244,-186.57829296479724,1350.8468348637061,13.993371972358776,-18.6019116766443,2.9756786337596638e-19
1787278756.6670496,resting,fast,1787278739.9715214,-248.29548265761196,-186.38859768892337,1350.5107270093367,13.979144826668037,-18.62216119932065,2.9763004358442004e-19
1787278756.6776357,resting,fast,1787278739.9715214,-247.37811477666355,-185.16650152930163,1349.6389433670747,13.887487614696557,-18.55335860824963,2.9714376734812074e-19
1787278756.6887574,resting,fast,1787278739.9715214,-245.5887783773992,-185.5449168105082,1340.0219979220774,13.915868760787067,-18.41915837830483,2.9617142655717034e-19
1787278756.6997848,resting,fast,1787278739.9715214,-244.54814196987945,-184.82661757848166,1334.3877639522661,13.861996318384929,-18.341110647740585,2.9538164002480744e-19
1787278756.711164,resting,fast,1787278739.9715214,-244.52094963712943,-184.13971851960616,1335.6786664174206,13.810478888969232,-18.33907122278446,2.95614447330332e-19
1787278756.7220182,resting,fast,1787278739.9715214,-245.45167588004597,-183.71972859719529,1340.843411451836,13.778979644788397,-18.40887569100309,2.960820727590204e-19
1787278756.7334838,resting,fast,1787278739.9715214,-245.75929183106518,-182.9496253251399,1343.27154486549,13.721221899384492,-18.43194688732948,2.9650376704500272e-19
1787278756.7445517,resting,fast,1787278739.9715214,-246.26707731702527,-184.25554134574543,1343.7961213719764,13.819165600929768,-18.470030798776733,2.9677129285633605e-19
1787278756.755788,resting,fast,1787278739.9715214,-245.71551310608038,-184.22522740860688,1342.0881643811344,13.816892055644121,-18.428663482955876,2.9682414822345376e-19
1787278756.7668698,resting,fast,1787278739.9715214,-247.16492729844094,-185.41163169888853,1344.4723051123374,13.905872377415282,-18.537369547382767,2.9727967537341287e-19
1787278756.7779062,resting,fast,1787278739.9715214,-247.47168456625195,-184.5401681605705,1342.9524232754438,13.840512612041724,-18.56037634246872,2.9686478983238337e-19
1787278756.788823,resting,fast,1787278739.9715214,-248.16368281520272,-186.26653966050696,1344.2904896900263,13.969990474536974,-18.612276211139957,2.969893245163753e-19
1787278756.800055,resting,fast,1787278739.9715214,-248.03888970376238,-186.73287198935157,1343.9548377812798,14.004965399200305,-18.60291672778179,2.968619612912088e-19
1787278756.811104,resting,fast,1787278739.9715214,-246.6844622165686,-187.66001450049396,1342.2055359304004,14.074501087536024,-18.50133466624267,2.9695599717971725e-19
1787278756.8219554,resting,fast,1787278739.9715214,-246.173776979987,-186.08338999387263,1341.4000163794544,13.95625424953926,-18.463033273499015,2.9686886352386197e-19
1787278756.8333457,resting,fast,1787278739.9715214,-245.56060250953442,-185.79860852503055,1344.2127829373976,13.934895639376084,-18.41704518821505,2.970291454806253e-19
1787278756.844066,resting,fast,1787278739.9715214,-246.82534478255502,-185.50333593601488,1346.8707897846152,13.912750195199951,-18.511900858691476,2.9719360897355373e-19
1787278756.8555841,resting,fast,1787278739.9715214,-248.10513770402895,-185.99199858985332,1351.8834396947323,13.949399894238017,-18.60788532780198,2.977655532615683e-19
1787278756.866774,resting,fast,1787278739.9715214,-248.1735159316445,-186.61740032975047,1348.1445945236565,13.996305024729953,-18.61301369487309,2.974029928778486e-19
1787278756.8774734,resting,fast,1787278739.9715214,-247.68785819313916,-186.04851819794555,1345.1701742064442,13.953638864844809,-18.576589364485258,2.9701943790528065e-19
1787278756.8888497,resting,fast,1787278739.9715214,-246.54878093220805,-185.7015957339239,1344.5843781187532,13.927619680043126,-18.491158569915576,2.9664875095289266e-19
1787278756.899976,resting,fast,1787278739.9715214,-247.81040761172744,-185.84414994457995,1351.0189436818628,13.938311245842232,-18.585780570879393,2.9729653008527765e-19
1787278756.9106464,resting,fast,1787278739.9715214,-247.43257584864887,-185.9453584989036,1352.1740729262192,13.94590188741643,-18.557443188648392,2.973762473744399e-19
1787278756.9221387,resting,fast,1787278739.9715214,-247.3280040436607,-184.4477548479632,1345.2138323834997,13.833581613596099,-18.549600303274367,2.9681427231804694e-19
1787278756.9327946,resting,fast,1787278739.9715214,-246.2819705471179,-183.74564717672263,1341.0510342530442,13.780923538253024,-18.4711477910336,2.9635936580504346e-19
1787278756.9438355,resting,fast,1787278739.9715214,-246.8946639199471,-185.20027982019803,1341.938060425674,13.890020986513452,-18.517099793995868,2.9669175993178336e-19
1787278756.9551957,resting,fast,1787278739.9715214,-246.98888321060667,-186.61898503473037,1348.8551706698026,13.996423877603807,-18.524166240795353,2.9746067584628244e-19
1787278756.966569,resting,fast,1787278739.9715214,-248.0835257703634,-187.2995637959806,1350.9277473202374,14.047467284697408,-18.606264432777223,2.9773055074553125e-19
1787278756.977391,resting,fast,1787278739.9715214,-249.21236448991885,-185.57546293216058,1351.0308908062916,13.918159719911007,-18.69092733674369,2.9766592589518984e-19
1787278756.9887648,resting,fast,1787278739.9715214,-249.30578667287637,-186.0245154938517,1351.872083529398,13.951838662037876,-18.697934000465395,2.975954849930783e-19
1787278757.00003,resting,fast,1787278739.9715214,-248.48373140735157,-186.12895109438261,1351.7423389364603,13.959671332077665,-18.636279855551066,2.9743206602449446e-19
1787278757.0106087,resting,fast,1787278739.9715214,-246.94075623562776,-185.45752992704718,1354.1669913317792,13.909314744527354,-18.520556717671965,2.976215328403143e-19
1787278757.0221446,resting,fast,1787278739.9715214,-247.09880688322437,-184.69074727219993,1355.7492322905737,13.851806045414012,-18.532410516241463,2.9769795755027647e-19
1787278757.0331793,resting,fast,1787278739.9715214,-246.43429267760303,-184.14582355082223,1354.255644025302,13.810936766310707,-18.482571950819953,2.9737599484371317e-19
1787278757.0439565,resting,fast,1787278739.9715214,-246.83984590827959,-186.00117242286967,1349.732927826667,13.950087931714197,-18.512988443120953,2.971322178438942e-19
1787278757.0553584,resting,fast,1787278739.9715214,-246.05627763874372,-187.8607237148491,1343.2588665155845,14.089554278612784,-18.454220822905697,2.9664426831282177e-19
1787278757.066558,resting,fast,1787278739.9715214,-245.3080225349645,-186.82584075425382,1340.0151473869382,14.011938056567562,-18.398101690122118,2.964487471840159e-19
1787278757.0771105,resting,fast,1787278739.9715214,-244.66872500475938,-186.35201512069273,1342.5185060839622,13.976401134050992,-18.350154375356766,2.9644859725751876e-19
1787278757.0886254,resting,fast,1787278739.9715214,-244.8461112630789,-185.51020170493064,1344.8939616407124,13.913265127868815,-18.363458344730738,2.965885611970467e-19
1787278757.0997725,resting,fast,1787278739.9715214,-246.7316368518882,-185.82834176488075,1350.329913165705,13.9371256323649,-18.504872763891342,2.970333601127677e-19
1787278757.1104305,resting,fast,1787278739.9715214,-248.28955534846455,-186.15662372120107,1351.3274552164012,13.96174677908883,-18.621716651134513,2.9706108485901935e-19
1787278757.1218739,resting,fast,1787278739.9715214,-247.51535480741813,-185.42340801321927,1346.794001354724,13.906755600990198,-18.5636516105563,2.9679690176725712e-19
1787278757.1331072,resting,fast,1787278739.9715214,-247.3786978256553,-185.82062447251099,1348.156405462717,13.936546835437216,-18.55340233692388,2.9717500442966865e-19
1787278757.1436725,resting,fast,1787278739.9715214,-246.95588299823567,-184.6412013857522,1348.8549654670796,13.848090103930193,-18.52169122486754,2.972384087852836e-19
1787278757.1548247,resting,fast,1787278739.9715214,-247.89734096720122,-185.2860751224431,1351.3979403941457,13.896455634182079,-18.59230057254002,2.9727135671691464e-19
1787278757.1661296,resting,fast,1787278739.9715214,-247.24379888407157,-184.86574777423345,1348.4107017632496,13.86493108306654,-18.543284916305197,2.9663143287618616e-19
1787278757.1769586,resting,fast,1787278739.9715214,-247.82753876371908,-185.56854687047496,1348.7138852688395,13.917641015284534,-18.587065407278956,2.967482307689128e-19
1787278757.1880434,resting,fast,1787278739.9715214,-247.47044558808966,-184.77946072858288,1349.8220047224104,13.858459554642653,-18.560283419106682,2.969445400327569e-19
1787278757.1994402,resting,fast,1787278739.9715214,-246.77954084494968,-184.25800589144762,1347.570149873759,13.819350441857555,-18.508465563370848,2.971204463347359e-19
1787278757.2102742,resting,fast,1787278739.9715214,-244.33320788307128,-183.10010448159403,1344.8822892838589,13.732507836118177,-18.324990591230197,2.9680333884053175e-19
1787278757.2219124,resting,fast,1787278739.9715214,-245.2499338284656,-184.82833124364004,1344.658517316294,13.862124843271904,-18.393745037134778,2.966465054164962e-19
1787278757.232967,resting,fast,1787278739.9715214,-246.23712080062205,-185.98652034328882,1347.2893532904664,13.948989025745735,-18.467784060046583,2.964638212494142e-19
1787278757.2436266,resting,fast,1787278739.9715214,-246.96949770267975,-186.39889983120872,1347.850337901894,13.979917487339296,-18.522712327700745,2.962270649546449e-19
1787278757.2548513,resting,fast,1787278739.9715214,-246.9590528309277,-186.63412995272904,1349.221771578047,13.997559746453323,-18.52192896231947,2.9666075043265807e-19
1787278757.2663267,resting,fast,1787278739.9715214,-247.00698197695465,-187.11037666853497,1345.509743173222,14.033278250139137,-18.525523648271303,2.9663108709561604e-19
1787278757.276846,resting,fast,1787278739.9715214,-248.58284039933324,-188.3260728893839,1348.2073310400856,14.124455466702688,-18.643713029949737,2.9707094097834675e-19
1787278757.2885075,resting,fast,1787278739.9715214,-247.7608156557867,-186.242392259781,1346.0010828854947,13.968179419482386,-18.582061174183686,2.9663205192508775e-19
1787278757.299122,resting,fast,1787278739.9715214,-248.46421697916458,-185.7048268614991,1351.8821138285157,13.927862014611424,-18.634816273437202,2.9695404963151584e-19
1787278757.310181,resting,fast,1787278739.9715214,-246.46428389307448,-184.19566383240692,1350.7931358896794,13.8146747874293,-18.484821291980367,2.9672885253418117e-19
1787278757.3217275,resting,fast,1787278739.9715214,-248.18034220920663,-185.86038718675502,1352.6779179632476,13.939529039005766,-18.613525665690496,2.969745295806066e-19
1787278757.333032,resting,fast,1787278739.9715214,-248.20777629290342,-184.93034236823848,1351.192857775245,13.869775677616591,-18.615583221967682,2.9737479662392884e-19
1787278757.3437264,resting,fast,1787278739.9715214,-249.92848542191268,-185.6757404752633,1351.7812203325566,13.925680535643696,-18.744636406643465,2.9735544437644114e-19
1787278757.355114,resting,fast,1787278739.9715214,-248.74835422144997,-184.40313355192472,1351.8820936566108,13.830235016393107,-18.65612656660847,2.972567249520971e-19
1787278757.366313,resting,fast,1787278739.9715214,-248.5142147975571,-186.0014683843716,1351.1622198739215,13.950110128826925,-18.638566109816686,2.969690381559343e-19
1787278757.3768897,resting,fast,1787278739.9715214,-247.49659867429136,-185.53034183660282,1346.3415484015377,13.914775637744203,-18.562244900571535,2.9678875356843073e-19
1787278757.3883657,resting,fast,1787278739.9715214,-246.0280371871754,-184.62177896358423,1341.0203881676289,13.846633422267846,-18.4521027890381,2.9631543447568427e-19
1787278757.3995547,resting,fast,1787278739.9715214,-246.49855969900045,-183.98749708820844,1344.0939064482127,13.799062281614543,-18.48739197742485,2.9633914788318304e-19
1787278757.4101686,resting,fast,1787278739.9715214,-246.6484344653295,-184.63115717803805,1347.7453934607774,13.847336788351644,-18.498632584899646,2.9667166819346537e-19
1787278757.421637,resting,fast,1787278739.9715214,-247.54687132387016,-185.64669143238177,1352.2700725057357,13.923501857427244,-18.566015349289913,2.9726653904577226e-19
1787278757.432892,resting,fast,1787278739.9715214,-246.96074769753932,-185.7703111393588,1350.954391431108,13.932773335450737,-18.52205607731522,2.972355733478978e-19
1787278757.4434662,resting,fast,1787278739.9715214,-247.63647136704412,-186.6647110907603,1350.3863242550224,13.99985333180594,-18.572735352528106,2.9704135952928523e-19
1787278757.454933,resting,fast,1787278739.9715214,-247.91252139507333,-187.66629959430873,1350.5130364320548,14.074972469572206,-18.59343910463018,2.9697582859204544e-19
1787278757.4660037,resting,fast,1787278739.9715214,-248.86346275030292,-187.8188026304366,1352.5174998221291,14.086410197281257,-18.664759706272527,2.971959247505957e-19
1787278757.4768097,resting,fast,1787278739.9715214,-248.5522868784724,-186.55792449562466,1353.4509020704309,13.99184433717068,-18.641421515885177,2.9722118647763454e-19
1787278757.488207,resting,fast,1787278739.9715214,-249.12546222344963,-185.47015208030655,1353.8752610670244,13.910261406022006,-18.684409666758626,2.973151401376756e-19
1787278757.499488,resting,fast,1787278739.9715214,-248.59890604847578,-185.02122521946046,1349.8595453462412,13.876591891458535,-18.644917953635378,2.9705277681324783e-19
1787278757.5100026,resting,fast,1787278739.9715214,-248.18159366543887,-185.13375903564304,1348.4190395944688,13.885031927672063,-18.613619524907733,2.968596353852217e-19
1787278757.5214286,resting,fast,1787278739.9715214,-247.95930673279372,-186.64846456854787,1347.3845560242744,13.998634842639962,-18.59694800495958,2.9662659408411985e-19
1787278757.5328767,resting,fast,1787278739.9715214,-248.45414728824062,-187.73457659122334,1351.4129979867566,14.080093244340649,-18.63406104661793,2.971904648417306e-19
1787278757.5434928,resting,fast,1787278739.9715214,-249.17101200062598,-187.15898195695775,1353.7344430767816,14.03692364677062,-18.687825900046704,2.9729929906092267e-19
1787278757.5550056,resting,fast,1787278739.9715214,-248.3726891524634,-184.78370169167567,1352.048733230179,13.858777626874403,-18.62795168643447,2.972404972871502e-19
1787278757.566199,resting,fast,1787278739.9715214,-246.99623673066208,-183.53752016493638,1347.6801233675187,13.765314012368979,-18.524717754799354,2.965312558743855e-19
1787278757.5767155,resting,fast,1787278739.9715214,-246.61511221992305,-183.66565727450813,1345.2691700066543,13.77492429558723,-18.496133416493997,2.961818743172503e-19
1787278757.588261,resting,fast,1787278739.9715214,-246.1976826076566,-184.5565847267959,1344.0774434330824,13.841743854508696,-18.464826195574005,2.960727523185565e-19
1787278757.5994258,resting,fast,1787278739.9715214,-246.92987756369394,-184.76455783303197,1349.6039265105364,13.85734183747633,-18.51974081727697,2.9631244807558245e-19
1787278757.61016,resting,fast,1787278739.9715214,-246.68995834455427,-185.05850259847864,1351.172108436088,13.879387694884787,-18.501746875841448,2.97007551779354e-19
1787278757.6215558,resting,fast,1787278739.9715214,-247.0806333753967,-185.56706289832766,1354.0998532103758,13.917529717373487,-18.531047503154397,2.974409292703382e-19
1787278757.6327567,resting,fast,1787278739.9715214,-247.0203659493768,-184.99256613334853,1350.724916689379,13.874442459999944,-18.526527446202813,2.9714185272784616e-19
1787278757.643267,resting,fast,1787278739.9715214,-247.77278452449218,-185.9650243700786,1349.9089046008967,13.94737682775477,-18.582958839336676,2.9716584762167993e-19
1787278757.6550813,resting,fast,1787278739.9715214,-248.64858408525424,-186.16083474526442,1349.8052129836733,13.962062605893866,-18.648643806394006,2.967528045318946e-19
1787278757.6660557,resting,fast,1787278739.9715214,-248.7445269343848,-185.53234407534558,1355.1565880907065,13.914925805649862,-18.65583952007885,2.970569629568766e-19
1787278757.6767328,resting,fast,1787278739.9715214,-249.5361666409167,-186.53737497517625,1359.4413920228717,13.990303123137043,-18.715212498068283,2.973080225113397e-19
1787278757.688127,resting,fast,1787278739.9715214,-249.3122162436016,-185.57713048300263,1359.7965923832298,13.918284786224124,-18.698416218270026,2.9749937736793614e-19
1787278757.6991563,resting,fast,1787278739.9715214,-247.59243391200152,-186.3247724079523,1351.743236895035,13.974357930595321,-18.56943254339997,2.9737063606389394e-19
1787278757.7099035,resting,fast,1787278739.9715214,-246.65177564431315,-185.45006837162111,1347.7843328654571,13.908755127870482,-18.49888317332322,2.9659712665516816e-19
1787278757.7214715,resting,fast,1787278739.9715214,-246.339090195082,-186.30220228572864,1348.8268827345864,13.972665171428634,-18.475431764631153,2.9646147659438085e-19
1787278757.7324731,resting,fast,1787278739.9715214,-248.38165536832776,-187.18932117211023,1352.9683943387963,14.039199087907068,-18.62862415262476,2.9674086552165596e-19
1787278757.7431757,resting,fast,1787278739.9715214,-248.15760351923154,-186.3025981235529,1352.4710469778702,13.972694859265605,-18.611820263942207,2.9703459568901014e-19
1787278757.754665,resting,fast,1787278739.9715214,-248.69790840884298,-186.480180090825,1349.606647384543,13.986013506810739,-18.652343130662878,2.971292540121511e-19
1787278757.7659786,resting,fast,1787278739.9715214,-247.74322192395584,-185.04602117737693,1345.1931352588645,13.878451588302188,-18.580741644296552,2.9638495180327864e-19
1787278757.7765002,resting,fast,1787278739.9715214,-248.4687742827541,-186.28871257887351,1345.8475092591607,13.971653443414585,-18.635158071206455,2.9653248315619597e-19
1787278757.7879055,resting,fast,1787278739.9715214,-248.58154362035793,-186.80409207699756,1346.5007135228252,14.010306905773707,-18.643615771526505,2.9639660542433452e-19
1787278757.7991288,resting,fast,1787278739.9715214,-248.8567315453688,-188.82144459679955,1347.9152311552161,14.161608344758793,-18.664254865902507,2.969220323104211e-19
1787278757.810003,resting,fast,1787278739.9715214,-249.2661525574963,-189.3526135045496,1352.4379230011136,14.20144601284004,-18.694961441812048,2.9734459919166815e-19
1787278757.8212686,resting,fast,1787278739.9715214,-249.08643595344847,-189.4429725418098,1354.1776920556267,14.208222940634545,-18.681482696508475,2.9778555720962807e-19
1787278757.8325799,resting,fast,1787278739.9715214,-248.99764144308074,-187.8230657789751,1358.4529516067696,14.086729933421811,-18.674823108230825,2.9801305057490135e-19
1787278757.8432386,resting,fast,1787278739.9715214,-248.29046078279634,-186.86407413722225,1355.1826025531054,14.014805560290558,-18.621784558709585,2.9787257406846296e-19
1787278757.85465,resting,fast,1787278739.9715214,-246.93972738997627,-185.28801892560557,1354.0908898521839,13.896601419419373,-18.52047955424831,2.9767807871516243e-19
1787278757.8656988,resting,fast,1787278739.9715214,-247.26071009984435,-185.23766015842386,1352.2071861594404,13.892824511880907,-18.544553257488147,2.97488782213445e-19
1787278757.876519,resting,fast,1787278739.9715214,-246.17094635769126,-184.67578035244503,1350.0358702123403,13.85068352643211,-18.462820976826485,2.9743471951691185e-19
1787278757.8879397,resting,fast,1787278739.9715214,-247.3895982849749,-184.84262479551046,1346.810870786764,13.863196859662043,-18.554219871372844,2.972779235504798e-19
1787278757.9026,resting,fast,1787278739.9715214,-246.32412583231007,-184.74797189920844,1344.3654527892113,13.856097892439639,-18.474309437422875,2.9692679172851587e-19
1787278757.909707,resting,fast,1787278739.9715214,-246.90586195004153,-185.15950999867766,1341.6477531212358,13.886963249899868,-18.517939646252756,2.964702596790533e-19
1787278757.921142,resting,fast,1787278739.9715214,-247.51597777527104,-186.62254093373178,1345.735151967875,13.996690570028964,-18.563698333145098,2.9660348978445644e-19
1787278757.9324217,resting,fast,1787278739.9715214,-248.995879682559,-188.23713918526857,1349.602539637909,14.117785438893922,-18.67469097619177,2.9726472025966656e-19
1787278757.943053,resting,fast,1787278739.9715214,-249.31526043644908,-189.15433772075414,1353.9306352232315,14.186575329055405,-18.698644532733695,2.977766402516244e-19
1787278757.954162,resting,fast,1787278739.9715214,-250.07290749181493,-189.49797925268956,1357.363537692744,14.212348443950592,-18.755468061885757,2.981397146976454e-19
1787278757.965479,resting,fast,1787278739.9715214,-249.11836776577138,-188.796703605762,1356.2244192452135,14.159752770430874,-18.683877582432736,2.979529816148953e-19
1787278757.9763663,resting,fast,1787278739.9715214,-250.31192200121905,-187.90364439784673,1359.3995442842324,14.09277332983756,-18.77339415009137,2.9807150177904276e-19
1787278757.9877803,resting,fast,1787278739.9715214,-249.38982187281226,-187.73194699535463,1355.0345984204496,14.079896024650484,-18.704236640460792,2.977903687733244e-19
1787278758.0019612,resting,fast,1787278739.9715214,-248.73398223120012,-186.8567430493066,1352.405791190603,14.014255728696956,-18.65504866734007,2.9739662174339206e-19
1787278758.0096395,resting,fast,1787278739.9715214,-247.6432458882905,-188.45827530575718,1349.8948451536826,14.13437064793094,-18.573243441621592,2.973714370661614e-19
1787278758.0212202,resting,fast,1787278739.9715214,-245.70245679376558,-186.67254209987584,1344.1165995429265,14.000440657489438,-18.42768425953217,2.971695971727999e-19
1787278758.0323682,resting,fast,1787278739.9715214,-246.37187349790975,-187.14855882809627,1343.5210945464178,14.03614191210615,-18.477890512342995,2.9724501689130833e-19
1787278758.0429542,resting,fast,1787278739.9715214,-246.24691531247709,-186.08386035126284,1340.3927903803842,13.956289526343514,-18.4685186484355,2.9682822708048005e-19
1787278758.0544837,resting,fast,1787278739.9715214,-247.63728377644975,-185.9860271208737,1344.1742677496213,13.948952034064451,-18.57279628323333,2.967129033634303e-19
1787278758.0654914,resting,fast,1787278739.9715214,-247.69801866974512,-186.11404697060914,1347.4645998343576,13.958553522794507,-18.57735140023061,2.9680680774455683e-19
1787278758.0761738,resting,fast,1787278739.9715214,-247.56223712382007,-186.93290742141414,1346.1655566807267,14.019968056604814,-18.56716778428632,2.970398070355805e-19
1787278758.087682,resting,fast,1787278739.9715214,-248.62251866538236,-189.05792167635093,1350.5812422790596,14.179344125725027,-18.64668889990346,2.9780062947761393e-19
1787278758.098984,resting,fast,1787278739.9715214,-247.85026263118425,-189.51370073477858,1347.5383578634328,14.213527555107095,-18.588769697338606,2.9752046058081717e-19
1787278758.109499,resting,fast,1787278739.9715214,-247.68763371954947,-188.29370441312005,1349.464285037705,14.122027830982947,-18.57657252896628,2.9711837829417994e-19
1787278758.1209555,resting,fast,1787278739.9715214,-247.0809125570927,-187.67099704502732,1350.2955569448577,14.075324778375705,-18.531068441781876,2.9709844636902125e-19
1787278758.1322863,resting,fast,1787278739.9715214,-247.86792809668123,-187.92703614554273,1351.014207293153,14.094527710914651,-18.5900946072507,2.972332293846687e-19
1787278758.1429007,resting,fast,1787278739.9715214,-248.34401532658057,-187.99443933615623,1351.2512171356511,14.099582950210607,-18.625801149493142,2.9702660006302166e-19
1787278758.1543977,resting,fast,1787278739.9715214,-248.51863296024885,-187.15093395355655,1347.979190553714,14.036320046515701,-18.63889747201857,2.963625385760675e-19
1787278758.1655018,resting,fast,1787278739.9715214,-249.36719569941442,-187.77541788410292,1351.4782478447696,14.08315634130658,-18.702539677456066,2.9662785199320806e-19
1787278758.176268,resting,fast,1787278739.9715214,-248.80658545912365,-186.70039011690835,1353.774350664059,14.002529258766874,-18.66049390943421,2.970976633430305e-19
1787278758.1876252,resting,fast,1787278739.9715214,-248.97439937153513,-187.30557101218017,1357.3023376451174,14.047917825912283,-18.673079952865102,2.9761176201040006e-19
1787278758.1988573,resting,fast,1787278739.9715214,-248.27495000267072,-185.9389224502503,1355.954430546387,13.945419183767587,-18.62062125020033,2.97550367320806e-19
1787278758.2095544,resting,fast,1787278739.9715214,-248.78010142718858,-187.48922346136976,1354.3143257920192,14.061691759601633,-18.658507607038736,2.972481990486372e-19
1787278758.2210307,resting,fast,1787278739.9715214,-248.64352014894075,-187.03659137588159,1353.6397275710324,14.027744353190133,-18.64826401117054,2.971127872609642e-19
1787278758.2321897,resting,fast,1787278739.9715214,-248.1298424964266,-187.72383187438948,1348.5910645634422,14.079287390578148,-18.60973818723201,2.968211794298967e-19
1787278758.242792,resting,fast,1787278739.9715214,-247.8818491643283,-186.73537368495056,1350.3451833959907,14.005153026370255,-18.59113868732431,2.969126370334034e-19
1787278758.2542593,resting,fast,1787278739.9715214,-247.5748558955088,-187.2534778210014,1350.2627367471405,14.044010836573964,-18.568114192162973,2.9668872950396332e-19
1787278758.265302,resting,fast,1787278739.9715214,-248.10958978281406,-186.42586189636597,1353.3147842291519,13.981939642226468,-18.60821923371092,2.9687234164214836e-19
1787278758.2761467,resting,fast,1787278739.9715214,-247.80123258361027,-186.71586261327036,1349.930963034857,14.003689695994144,-18.5850924437703,2.9696225108337448e-19
1787278758.2875187,resting,fast,1787278739.9715214,-248.80057521879507,-187.70035133844806,1351.389848683507,14.077526350382659,-18.66004314140973,2.9756910127504806e-19
1787278758.298666,resting,fast,1787278739.9715214,-249.02046327445396,-189.0458102730139,1353.0237795951007,14.178435770474795,-18.676534745583773,2.976109630310967e-19
1787278758.3092456,resting,fast,1787278739.9715214,-249.42696537429538,-189.07677946702677,1355.1503267394846,14.180758460025917,-18.707022403071853,2.9765484006267693e-19
1787278758.320812,resting,fast,1787278739.9715214,-249.00312782000174,-186.54419361440966,1354.3615440669755,13.990814521079532,-18.67523458649991,2.970243241019185e-19
1787278758.3320954,resting,fast,1787278739.9715214,-248.54505646079951,-184.43213132354333,1353.1721440827414,13.832409849264739,-18.64087923455981,2.9720020456075455e-19
1787278758.3425896,resting,fast,1787278739.9715214,-247.82170861541863,-183.98280232788136,1350.8842397533344,13.798710174590074,-18.586628146156507,2.9697182221062336e-19
1787278758.3540945,resting,fast,1787278739.9715214,-246.71178257276597,-185.51365049437175,1346.5325974381312,13.91352378707666,-18.503383692957428,2.9693028057395394e-19
1787278758.3652656,resting,fast,1787278739.9715214,-246.4655723374649,-185.9536571504217,1347.2362975650422,13.946524286280255,-18.48491792530948,2.9660629689815026e-19
1787278758.375879,resting,fast,1787278739.9715214,-247.04394284353157,-187.24877406529924,1347.6817192891676,14.043658054896316,-18.528295713264647,2.968293325003914e-19
1787278758.3869612,resting,fast,1787278739.9715214,-247.38476100122853,-187.50426029667585,1348.2436118953274,14.062819522249615,-18.55385707509219,2.9685865585900863e-19
1787278758.3983755,resting,fast,1787278739.9715214,-247.9922127401237,-189.1617613469774,1346.0924126108066,14.187132101022161,-18.599415955509066,2.970508093859446e-19
1787278758.4091835,resting,fast,1787278739.9715214,-247.36887822285962,-187.41277077318784,1347.288121329676,14.055957807987799,-18.552665866714364,2.96978828268955e-19
1787278758.4207938,resting,fast,1787278739.9715214,-246.01373906457366,-186.22999711639602,1346.6761108987876,13.96724978372858,-18.45103042984293,2.9715825663782195e-19
1787278758.4319456,resting,fast,1787278739.9715214,-245.87753426972586,-184.08158553092733,1350.1609431680636,13.806118914818757,-18.440815070229384,2.975198049154229e-19
1787278758.4424741,resting,fast,1787278739.9715214,-247.027414005644,-187.0347015290289,1349.6047063796768,14.027602614676002,-18.52705605042314,2.9742110300996257e-19
1787278758.4540553,resting,fast,1787278739.9715214,-248.3643408339617,-188.420092301645,1350.470811234788,14.131506922622112,-18.627325562546652,2.9713492685113325e-19
1787278758.4652386,resting,fast,1787278739.9715214,-248.85395767560067,-190.39103790212255,1349.5188886600963,14.279327842657953,-18.664046825669985,2.9688019157538147e-19
1787278758.4761522,resting,fast,1787278739.9715214,-248.31143872053644,-186.97047214465476,1348.5866957335666,14.022785410848034,-18.623357904040255,2.970491975858594e-19
1787278758.4872837,resting,fast,1787278739.9715214,-248.877378350046,-186.74283045407662,1351.3208851710815,14.005712284054614,-18.66580337625325,2.9741060351465205e-19
1787278758.4984126,resting,fast,1787278739.9715214,-247.79340853574058,-186.16820321234638,1348.42531423715,13.962615240924709,-18.58450564018034,2.969925324678948e-19
1787278758.509196,resting,fast,1787278739.9715214,-248.02272039428726,-187.8518406767513,1351.433316972426,14.088888050755205,-18.601704029571373,2.9709087030909695e-19
1787278758.520584,resting,fast,1787278739.9715214,-248.35003317371275,-187.6703564636381,1352.288024663595,14.075276734771624,-18.626252488028143,2.971912043400462e-19
1787278758.531814,resting,fast,1787278739.9715214,-249.3831934332843,-188.09077811395912,1355.9860571545914,14.106808358545837,-18.703739507496053,2.978871817845727e-19
1787278758.5424628,resting,fast,1787278739.9715214,-250.4083687192774,-188.69844280968948,1355.5110146074321,14.152383210725564,-18.780627653945672,2.979787683324894e-19
1787278758.5540755,resting,fast,1787278739.9715214,-249.47340870371545,-188.11902183333598,1348.882610840913,14.108926637499241,-18.710505652778558,2.9772190342811773e-19
1787278758.5682516,resting,fast,1787278739.9715214,-249.46254409163294,-188.5281963588419,1348.1903533975174,14.139614726912047,-18.70969080687236,2.9735098115031975e-19
1787278758.5760076,resting,fast,1787278739.9715214,-246.85891522939482,-186.9751979350832,1343.457128679257,14.023139845130093,-18.514418642204404,2.970172900343201e-19
1787278758.5873497,resting,fast,1787278739.9715214,-247.28723610110092,-187.01676240141308,1348.2168662931535,14.026257180104782,-18.546542707582283,2.9695572000987427e-19
1787278758.5985177,resting,fast,1787278739.9715214,-246.8289105768813,-186.49922108917633,1345.7931654377217,13.987441581686841,-18.51216829326593,2.9725913495259435e-19
1787278758.6091678,resting,fast,1787278739.9715214,-247.84134646297161,-185.8385491754458,1351.8358065855964,13.937891188157483,-18.58810098472263,2.9743279246440935e-19
1787278758.6207483,resting,fast,1787278739.9715214,-247.2036043271478,-185.4313308316863,1349.7381440765575,13.907349812375333,-18.54027032453599,2.9731371190005397e-19
1787278758.6317441,resting,fast,1787278739.9715214,-248.25610313714014,-186.08992928984264,1353.9584983660616,13.956744696736852,-18.619207735285315,2.971571667675803e-19
1787278758.6425943,resting,fast,1787278739.9715214,-248.38683868005182,-187.19945401730968,1351.8260140641005,14.03995905129715,-18.62901290100367,2.970714145398071e-19
1787278758.6539757,resting,fast,1787278739.9715214,-249.19402019952167,-187.5592810731133,1355.5064622075342,14.0669460804824,-18.689551514963945,2.9752748052775473e-19
1787278758.665152,resting,fast,1787278739.9715214,-247.5432789610727,-185.22032765574852,1350.2707952114406,13.891524574179929,-18.56574592208048,2.970728663166312e-19
1787278758.6757855,resting,fast,1787278739.9715214,-248.1960551991865,-185.33049771800495,1351.291073217416,13.899787328849232,-18.614704139938972,2.9743858792710916e-19
1787278758.6872373,resting,fast,1787278739.9715214,-247.44550125322576,-185.95395180123307,1351.9867002976434,13.946546385091612,-18.55841259399176,2.973686575204938e-19
1787278758.7019303,resting,fast,1787278739.9715214,-249.0196336412505,-187.9224699700402,1355.2809900717648,14.094185247751998,-18.676472523093608,2.9767083085248714e-19
1787278758.709215,resting,fast,1787278739.9715214,-247.84181427539215,-189.07600846334992,1352.6731064573096,14.180700634749957,-18.588136070654357,2.9723166845369924e-19
1787278758.7205315,resting,fast,1787278739.9715214,-247.74225936447192,-189.04407354787247,1347.620499550022,14.178305516089399,-18.580669452335123,2.9695654497349513e-19
1787278758.7350183,resting,fast,1787278739.9715214,-247.76750356861203,-189.8720442504631,1350.7433381037436,14.240403318783638,-18.58256276764589,2.972813425065643e-19
1787278758.742364,resting,fast,1787278739.9715214,-248.19351024264097,-188.7514393900559,1350.8739778350127,14.156357954253014,-18.61451326819811,2.9754987677783004e-19
1787278758.7539442,resting,fast,1787278739.9715214,-248.54487422435022,-188.2490196110274,1349.7323566911318,14.118676470826035,-18.640865566826243,2.973627546985256e-19
1787278758.7678466,resting,fast,1787278739.9715214,-247.20883156857917,-186.67785758870662,1343.7020139806473,14.000839319151869,-18.54066236764313,2.9699784694276033e-19
1787278758.7756324,resting,fast,1787278739.9715214,-247.45231818718594,-187.09969239767486,1347.5995822959876,14.032476929824615,-18.558923864038952,2.972046192221889e-19
1787278758.7871954,resting,fast,1787278739.9715214,-247.3763634306547,-186.70432069009928,1351.596714959348,14.00282405175641,-18.553227257299042,2.9770401784909573e-19
1787278758.798244,resting,fast,1787278739.9715214,-247.6715343951023,-187.37914883615042,1353.0611108359835,14.053436162710273,-18.57536507963242,2.9785161576994154e-19
1787278758.8090017,resting,fast,1787278739.9715214,-247.5748265280822,-186.92674314448902,1349.7129625338812,14.019505735835413,-18.568111989605747,2.972855636368866e-19
1787278758.820354,resting,fast,1787278739.9715214,-247.1757937115649,-188.2137906169063,1348.671672665997,14.116034296266694,-18.538184528367253,2.9739036117873606e-19
1787278758.831444,resting,fast,1787278739.9715214,-247.17698836896352,-187.97245627928316,1349.105610577969,14.097934220945024,-18.538274127672004,2.971858117570245e-19
1787278758.8423498,resting,fast,1787278739.9715214,-247.74383754408836,-188.42958178215656,1354.1200962973317,14.13221863366056,-18.58078781580648,2.978346335044713e-19
1787278758.8537438,resting,fast,1787278739.9715214,-248.73660241889456,-187.5263295577589,1356.5373270982645,14.064474716830691,-18.65524518141673,2.977397447983392e-19
1787278758.8649995,resting,fast,1787278739.9715214,-250.1389087087332,-188.6045216775816,1360.356653494976,14.145339125817234,-18.76041815315473,2.9816219766130514e-19
1787278758.8755555,resting,fast,1787278739.9715214,-249.88564542671566,-188.65963110049404,1358.7387230835511,14.149472332535812,-18.74142340700338,2.978896214926765e-19
1787278758.8869617,resting,fast,1787278739.9715214,-248.66230963758107,-188.6907600973201,1355.3085679445294,14.151807007298093,-18.649673222818357,2.974718177950175e-19
1787278758.900981,resting,fast,1787278739.9715214,-247.18396814478137,-188.08957372539123,1350.530633906209,14.1067180294033,-18.53879761085829,2.972083878889657e-19
1787278758.9089134,resting,fast,1787278739.9715214,-245.86059882060772,-186.7234700897892,1347.2659584835592,14.004260256733108,-18.43954491154542,2.969134734852351e-19
1787278758.9202318,resting,fast,1787278739.9715214,-246.92743911369007,-187.23937457771933,1350.3895657830062,14.042953093327686,-18.519557933526478,2.974015440348294e-19
1787278758.931368,resting,fast,1787278739.9715214,-246.63471854891623,-185.92205483443433,1350.1749519682808,13.944154112581362,-18.49760389116839,2.9734769820676945e-19
1787278758.942145,resting,fast,1787278739.9715214,-248.0838057372498,-187.57930897869971,1352.977352598139,14.068448173401482,-18.60628543029346,2.979112334310133e-19
1787278758.9536095,resting,fast,1787278739.9715214,-247.89513678461253,-187.46244890337823,1350.9539602196955,14.059683667752456,-18.592135258845886,2.977581077924743e-19
1787278758.9647355,resting,fast,1787278739.9715214,-248.9980894096375,-189.5632647640922,1353.6556729700087,14.217244857305904,-18.674856705722576,2.9815952371461117e-19
1787278758.9755628,resting,fast,1787278739.9715214,-248.76759107074986,-188.07066302753208,1354.0679577386263,14.105299727063798,-18.657569330305797,2.97886897474481e-19
1787278758.9868789,resting,fast,1787278739.9715214,-247.92152259367822,-188.49416922985108,1352.4237259135925,14.137062692237695,-18.594114194525737,2.975245037792118e-19
1787278759.000861,resting,fast,1787278739.9715214,-247.85441526501972,-188.3684458494937,1352.2757576814356,14.127633438710848,-18.58908114487634,2.974399600190078e-19
1787278759.0088718,resting,fast,1787278739.9715214,-246.58854806000954,-188.4466378831945,1349.1024035348755,14.133497841238412,-18.494141104500628,2.9715168386419675e-19
1787278759.0202327,resting,fast,1787278739.9715214,-246.97132899976123,-187.14441344475165,1349.508942659707,14.035831008355391,-18.52284967498199,2.975457493729393e-19
1787278759.03134,resting,fast,1787278739.9715214,-246.8435324318839,-185.6219257235931,1349.953949372516,13.921644429268287,-18.513264932391202,2.9769092987109746e-19
1787278759.042116,resting,fast,1787278739.9715214,-248.06003085246948,-186.67097015582488,1349.6987315772085,14.000322761685698,-18.604502313934873,2.978632290138324e-19
1787278759.0534613,resting,fast,1787278739.9715214,-248.0466975121958,-186.11927422228462,1352.5166797848206,13.958945566670298,-18.603502313414424,2.978055081560765e-19
1787278759.0647378,resting,fast,1787278739.9715214,-247.34728836213935,-185.8757963285276,1352.703734027592,13.940684724638476,-18.55104662716007,2.976727684273497e-19
1787278759.0752718,resting,fast,1787278739.9715214,-247.89358368264175,-185.33353659740226,1355.5466073514972,13.900015244803985,-18.59201877619784,2.977653694426533e-19
1787278759.0867538,resting,fast,1787278739.9715214,-248.38643443924184,-186.4997692184644,1353.3056682407323,13.987482691383764,-18.62898258294303,2.9779515197698774e-19
1787278759.098003,resting,fast,1787278739.9715214,-249.50039674491336,-186.90275959416147,1354.0289399543972,14.017706969560951,-18.71252975586814,2.977659826590983e-19
1787278759.1085663,resting,fast,1787278739.9715214,-249.26218378609565,-187.4100928185611,1354.359083608243,14.055756961390902,-18.69466378395682,2.9790053885971644e-19
1787278759.120105,resting,fast,1787278739.9715214,-248.2975307849233,-187.40961537916644,1354.1803594571438,14.055721153436384,-18.622314808869262,2.9758420511509278e-19
1787278759.1313212,resting,fast,1787278739.9715214,-247.20176370704985,-187.3034895371444,1352.0758667446835,14.047761715284782,-18.54013227802865,2.975033525262927e-19
1787278759.1419528,resting,fast,1787278739.9715214,-248.01691662981693,-187.58751121602734,1351.5656808831473,14.069063341200991,-18.601268747235892,2.9726906126437817e-19
1787278759.1533847,resting,fast,1787278739.9715214,-248.20151234665673,-187.02317553270666,1352.2643209943226,14.026738164951883,-18.615113425998985,2.9730832366882023e-19
1787278759.1645281,resting,fast,1787278739.9715214,-247.85654168665906,-187.97637514470227,1352.9241093362934,14.098228135851532,-18.58924062649932,2.9726845343046864e-19
1787278759.1752522,resting,fast,1787278739.9715214,-246.69938995961957,-187.7746506567238,1349.9920041978048,14.083098799253339,-18.50245424697136,2.971229247876818e-19
1787278759.1866314,resting,fast,1787278739.9715214,-247.20720254444723,-187.78733993380854,1350.763971847361,14.084050495034635,-18.540540190833504,2.9740574373186257e-19
1787278759.2013664,resting,fast,1787278739.9715214,-248.03960690081158,-186.76202982626808,1350.5695492617351,14.007152236969223,-18.60297051756084,2.971285224112495e-19
1787278759.208458,resting,fast,1787278739.9715214,-248.18463191440196,-185.03714087467995,1353.8721511367357,13.877785565599854,-18.613847393579867,2.9751014837358965e-19
1787278759.2200658,resting,fast,1787278739.9715214,-247.91135826553864,-185.1554722044133,1350.9125658031217,13.886660415329889,-18.59335186991524,2.9700231226601816e-19
1787278759.2311723,resting,fast,1787278739.9715214,-247.80949426001052,-184.84817515506631,1349.0716225422575,13.86361313662879,-18.585712069500524,2.969000583483824e-19
1787278759.241943,resting,fast,1787278739.9715214,-248.40477830382633,-186.25697815969568,1349.0533231074796,13.969273361976011,-18.6303583727868,2.9696784703569223e-19
1787278759.2533238,resting,fast,1787278739.9715214,-248.80143395228924,-185.34821239115888,1353.8476808833611,13.90111592933582,-18.660107546421578,2.978569598523122e-19
1787278759.2644732,resting,fast,1787278739.9715214,-249.24950200116973,-185.69468227644018,1354.8075972733814,13.927101170732062,-18.693712650087612,2.980719603944432e-19
1787278759.2752552,resting,fast,1787278739.9715214,-248.70843939112956,-185.3907832084641,1354.6333869110595,13.904308740633542,-18.653132954334424,2.9815416545935747e-19
1787278759.2865686,resting,fast,1787278739.9715214,-248.62698497376687,-186.821941999376,1352.0224122092304,14.011645649952019,-18.647023873032325,2.9753914441590944e-19
1787278759.2977598,resting,fast,1787278739.9715214,-248.09108898890054,-186.98080374227823,1353.2745202490687,14.023560280669745,-18.606831674167303,2.977393272505643e-19
1787278759.3084462,resting,fast,1787278739.9715214,-247.97910178264237,-187.60766469146085,1350.9769757749464,14.070574851858556,-18.59843263369809,2.972424904598938e-19
1787278759.319972,resting,fast,1787278739.9715214,-248.59875754191717,-187.13961352635317,1351.6949717137004,14.035471014475608,-18.644906815643658,2.9733413464651206e-19
1787278759.3311982,resting,fast,1787278739.9715214,-248.80271445997778,-187.19566386868212,1347.8678417959754,14.039674790150034,-18.66020358449822,2.9671883710720774e-19
1787278759.3419166,resting,fast,1787278739.9715214,-248.96331671664439,-186.73933812156076,1352.6914821945238,14.005450359116,-18.672248753748285,2.9714755215070935e-19
1787278759.3533928,resting,fast,1787278739.9715214,-248.34006121612902,-187.36845656789262,1350.0817288527714,14.052634242591015,-18.62550459120957,2.971490021201229e-19
1787278759.3644316,resting,fast,1787278739.9715214,-248.8482344492827,-188.7974889663393,1353.993559377449,14.159811672474508,-18.663617583695924,2.97782372300518e-19
1787278759.3750503,resting,fast,1787278739.9715214,-249.78133093447696,-188.17598391865488,1352.5650866313672,14.113198793897997,-18.733599820085487,2.9776084934632647e-19
1787278759.3865836,resting,fast,1787278739.9715214,-249.15366215832591,-187.47665198336347,1355.78813206854,14.060748898751104,-18.68652466187408,2.9799212812806004e-19
1787278759.3976429,resting,fast,1787278739.9715214,-247.9643257361081,-184.93422922052684,1355.6131522691767,13.870067191538443,-18.59732443020807,2.9792070904979635e-19
1787278759.4083402,resting,fast,1787278739.9715214,-246.10069218972922,-186.75658634056492,1350.1334150305674,14.006743975541273,-18.457551914229505,2.9747099124198424e-19
1787278759.4199386,resting,fast,1787278739.9715214,-247.23300096646153,-188.14139372195143,1348.9398983565961,14.11060452914521,-18.542475072484322,2.9751434656233346e-19
1787278759.4308825,resting,fast,1787278739.9715214,-248.47253983252767,-190.00339500121697,1346.68726262144,14.250254625089998,-18.635440487439375,2.9740344150267716e-19
1787278759.441632,resting,fast,1787278739.9715214,-249.44578593581218,-188.8403356074665,1348.7179339551813,14.163025170558914,-18.708433945185938,2.974106889142186e-19
1787278759.4531336,resting,fast,1787278739.9715214,-249.658295787302,-188.2163886105394,1351.3748008898156,14.116229145789237,-18.724372184047354,2.973014351938107e-19
1787278759.4678268,resting,fast,1787278739.9715214,-248.64655134281793,-187.86375793102445,1352.3833899085284,14.08978184482557,-18.64849135071121,2.9723224564736683e-19
1787278759.4751034,resting,fast,1787278739.9715214,-247.16518639507058,-187.14652868186647,1348.735347789815,14.035989651138724,-18.537388979630123,2.969342964843418e-19
1787278759.4864745,resting,fast,1787278739.9715214,-246.45023992297456,-185.08735843904685,1349.1074108164112,13.881551882927358,-18.48376799422268,2.970218998300279e-19
1787278759.497559,resting,fast,1787278739.9715214,-247.2157032100099,-185.41741628517354,1353.0727737007537,13.906306221386746,-18.541177740750648,2.972792933492536e-19
1787278759.508431,resting,fast,1787278739.9715214,-247.53816689896803,-184.96703867661984,1356.680871601765,13.872527900745428,-18.565362517422543,2.977379900922634e-19
1787278759.5198581,resting,fast,1787278739.9715214,-248.32430675155547,-187.49970269303014,1353.1861400714179,14.06247770197621,-18.624323006366673,2.976719398981958e-19
1787278759.5309904,resting,fast,1787278739.9715214,-247.42866860247022,-186.02745907782662,1348.9615272198253,13.952059430835764,-18.55715014518499,2.9734524427571636e-19
1787278759.5418797,resting,fast,1787278739.9715214,-248.29639727787298,-187.82997530699402,1348.4584158403277,14.087248148023267,-18.622229795840276,2.971372631802449e-19
1787278759.55308,resting,fast,1787278739.9715214,-246.96580500143182,-186.10896739756583,1346.0432514211725,13.958172554816077,-18.5224353751074,2.9639713954876704e-19
1787278759.5642025,resting,fast,1787278739.9715214,-248.59044106947067,-188.15907776016536,1345.5832184283072,14.111930832011272,-18.6442830802102,2.964589529879785e-19
1787278759.574833,resting,fast,1787278739.9715214,-248.96327744358632,-185.746879119789,1350.4233859569204,13.931015933983009,-18.67224580826884,2.967275358746343e-19
1787278759.58598,resting,fast,1787278739.9715214,-249.70308656674797,-185.8875238088309,1355.8998932536642,13.941564285661332,-18.727731492506017,2.9724284220017882e-19
1787278759.5971904,resting,fast,1787278739.9715214,-247.89367917542086,-185.01114534858846,1356.4862269254127,13.875835901142768,-18.592025938156368,2.972270009985613e-19
1787278759.6083653,resting,fast,1787278739.9715214,-247.36904776455367,-186.60720879545772,1354.044558833738,13.995540659658207,-18.552678582341194,2.973305365841391e-19
1787278759.6196878,resting,fast,1787278739.9715214,-246.1027489139983,-187.52363061647418,1350.7158604000042,14.064272296234396,-18.457706168549535,2.9728115300352995e-19
1787278759.630864,resting,fast,1787278739.9715214,-245.99517555438752,-186.90933199747326,1348.4894179313478,14.018199899809307,-18.449638166578843,2.9699031223592424e-19
1787278759.6414726,resting,fast,1787278739.9715214,-247.07248362103064,-187.68585170447875,1348.130298013245,14.076438877834793,-18.530436271577265,2.970926104673701e-19
1787278759.6530063,resting,fast,1787278739.9715214,-247.8915908532167,-186.74006961022235,1348.1749829640967,14.005505220765588,-18.591869313990912,2.9734640351917065e-19
1787278759.6674976,resting,fast,1787278739.9715214,-248.90724918996284,-186.91180470886877,1348.9682682459288,14.018385353164039,-18.668043689247213,2.9750906706107884e-19
1787278759.6747549,resting,fast,1787278739.9715214,-247.4082366678299,-185.12831609557463,1348.8810927360819,13.884623707167027,-18.55561775008715,2.9724921872680973e-19
1787278759.6862667,resting,fast,1787278739.9715214,-246.663719307267,-186.17740689259074,1345.0774975544691,13.96330551694314,-18.499778948044714,2.9682381794810766e-19
1787278759.6972382,resting,fast,1787278739.9715214,-246.44343623023224,-185.84318787246605,1347.1769637004081,13.938239090433857,-18.483257717267193,2.971193777545535e-19
1787278759.7082274,resting,fast,1787278739.9715214,-245.25600541500307,-186.07706343865823,1341.4742149927906,13.955779757898245,-18.39420040612481,2.9681522234879815e-19
1787278759.7195466,resting,fast,1787278739.9715214,-246.45922197127993,-185.33187844504516,1349.8744860018442,13.899890883377214,-18.484441647845806,2.974685513087801e-19
1787278759.7332308,resting,fast,1787278739.9715214,-245.85230032516984,-186.0353352838307,1348.2251579302801,13.95265014628595,-18.438922524387593,2.9753723644083273e-19
1787278759.7414649,resting,fast,1787278739.9715214,-247.38096526608797,-187.39545075737817,1348.387062402232,14.05465880680207,-18.55357239495637,2.975233529445874e-19
1787278759.752932,resting,fast,1787278739.9715214,-246.7024993787686,-187.58813962790703,1343.6900499476878,14.069110472091925,-18.502687453407404,2.97050265776523e-19
1787278759.7678778,resting,fast,1787278739.9715214,-247.20843091953748,-187.28136913060996,1345.4796645318502,14.04610268479485,-18.540632318965137,2.968786939112579e-19
1787278759.7745361,resting,fast,1787278739.9715214,-247.58523076329357,-187.19268894728577,1351.32550650959,14.039451671045274,-18.56889230724685,2.97308605500773e-19
1787278759.786128,resting,fast,1787278739.9715214,-248.75781639375737,-188.52801331124158,1354.4348933767606,14.13960099834198,-18.656836229531557,2.9748046208797356e-19
1787278759.800148,resting,fast,1787278739.9715214,-248.94670812959748,-188.66276222364434,1354.6394609186582,14.149707166772078,-18.671003109719678,2.975331756533933e-19
1787278759.8080337,resting,fast,1787278739.9715214,-249.324107971373,-187.62682111537526,1355.9173116834163,14.072011583651946,-18.69930809785263,2.976487851895303e-19
1787278759.8195267,resting,fast,1787278739.9715214,-248.19657893700742,-185.4904756364059,1352.0304991449657,13.911785672729454,-18.614743420275346,2.9754153909862516e-19
1787278759.8342552,resting,fast,1787278739.9715214,-247.81444609167056,-184.96936374247537,1350.151484048819,13.872702280684482,-18.586083456874974,2.9767995540417106e-19
1787278759.8412194,resting,fast,1787278739.9715214,-246.80712771616663,-186.78656939092218,1349.025019567468,14.008992704318022,-18.510534578712004,2.97761883958909e-19
1787278759.8527348,resting,fast,1787278739.9715214,-248.00380690176598,-187.24418622330415,1354.9915737773126,14.04331396674674,-18.600285517632337,2.98169239611766e-19
1787278759.8662012,resting,fast,1787278739.9715214,-248.58384281858935,-187.24562189824576,1358.34406070135,14.043421642367282,-18.64378821139426,2.9776331560097386e-19
1787278759.8745105,resting,fast,1787278739.9715214,-249.7689094288785,-186.814966949412,1359.0268433004721,14.01112252120463,-18.73266820716576,2.975681670413582e-19
1787278759.8861146,resting,fast,1787278739.9715214,-249.67566726223367,-187.65260274895752,1355.789576848044,14.073945206170325,-18.725675044667362,2.977023032243565e-19
1787278759.8969784,resting,fast,1787278739.9715214,-248.20662429566028,-188.0634802968508,1351.177780448007,14.104761022262881,-18.615496822174272,2.9755651662812854e-19
1787278759.9080098,resting,fast,1787278739.9715214,-248.60510492437652,-186.2080200334509,1352.77111255396,13.965601502507571,-18.645382869328117,2.973672115572177e-19
1787278759.919302,resting,fast,1787278739.9715214,-246.85288111028922,-185.6342013657346,1345.7191247159708,13.922565102429008,-18.513966083271406,2.9596265472991625e-19
1787278759.9338272,resting,fast,1787278739.9715214,-246.88989771384013,-185.6008600225822,1346.1361608612142,13.920064501692497,-18.516742328537624,2.962185471144757e-19
1787278759.9412224,resting,fast,1787278739.9715214,-244.95114893860455,-185.19231990502192,1341.2597454359502,13.88942399287534,-18.371336170395125,2.9633708999449367e-19
1787278759.9525943,resting,fast,1787278739.9715214,-246.11008242004436,-186.28373210667576,1345.1540541377972,13.971279907999307,-18.458256181503202,2.9710142545453936e-19
1787278759.9672916,resting,fast,1787278739.9715214,-247.22903487023132,-185.92728340682504,1347.434965615409,13.94454625551079,-18.542177615267192,2.9719672312272943e-19
1787278759.9744802,resting,fast,1787278739.9715214,-247.0401500245648,-186.05846530464862,1344.2403441006036,13.954384897847465,-18.52801125184218,2.9661196311086567e-19
1787278759.9862642,resting,fast,1787278739.9715214,-246.10739612600855,-185.02441310217148,1345.7594257337269,13.876830982661591,-18.458054709450373,2.965650515038198e-19
1787278759.999678,resting,fast,1787278739.9715214,-246.62771586384724,-183.66930596817417,1349.3496177083334,13.77519794761199,-18.497078689788417,2.9689749588132486e-19
1787278760.0078146,resting,fast,1787278739.9715214,-246.68509203752956,-184.6901848444619,1352.5093287563768,13.851763863333563,-18.50138190281463,2.9723957818051937e-19
1787278760.019305,resting,fast,1787278739.9715214,-247.03025246282186,-184.91890925725977,1351.3440236774632,13.868918194293403,-18.527268934711472,2.973831618104165e-19
1787278760.0332363,resting,fast,1787278739.9715214,-245.90063909592163,-185.89455063107368,1347.7504892140578,13.942091297329302,-18.44254793219413,2.9709856989550163e-19
1787278760.0411022,resting,fast,1787278739.9715214,-246.38856046151022,-185.4919038905856,1345.9507817014173,13.911892791792756,-18.479142034613048,2.9715613206840834e-19
1787278760.0524824,resting,fast,1787278739.9715214,-246.46108900658464,-184.06025829489965,1347.613976482783,13.804519372116491,-18.484581675493658,2.971600492677862e-19
1787278760.0658016,resting,fast,1787278739.9715214,-247.07304509258984,-184.3825822228481,1349.9059004602432,13.82869366671257,-18.5304783819439,2.9729005431844014e-19
1787278760.074339,resting,fast,1787278739.9715214,-247.1203242206043,-184.78349522156066,1353.0262714557784,13.858762141615774,-18.534024316544986,2.976239818850678e-19
1787278760.0858116,resting,fast,1787278739.9715214,-247.2600673150796,-186.9195453717815,1353.2416238941996,14.018965902882233,-18.544505048630484,2.9768335149394567e-19
1787278760.0993805,resting,fast,1787278739.9715214,-246.5250067095617,-186.21077140254863,1349.078880575552,13.965807855190025,-18.48937550321712,2.9741477804906746e-19
1787278760.107716,resting,fast,1787278739.9715214,-244.87046106392927,-185.07892979683527,1341.9017898742068,13.880919734761296,-18.36528457979457,2.9649058652136096e-19
1787278760.1191385,resting,fast,1787278739.9715214,-244.87578941058155,-184.92376794408813,1340.0705768647922,13.86928259580559,-18.365684205793492,2.9639238405922036e-19
1787278760.131979,resting,fast,1787278739.9715214,-245.39513203167326,-185.82137356308647,1340.98988831539,13.936603017230244,-18.404634902375065,2.9629964405584565e-19
1787278760.141132,resting,fast,1787278739.9715214,-247.60360342706326,-186.1551775671836,1348.5866437848008,13.961638317537439,-18.570270257029634,2.970132406069942e-19
1787278760.1524758,resting,fast,1787278739.9715214,-248.61776074668023,-186.86635870520365,1348.7034234863777,14.014976902888922,-18.64633205600075,2.9693824052415075e-19
1787278760.1650383,resting,fast,1787278739.9715214,-248.77219680519784,-185.67422409092194,1348.1174227292313,13.925566806817788,-18.657914760389644,2.970086131996006e-19
1787278760.174308,resting,fast,1787278739.9715214,-248.00922641894113,-185.07647398343636,1343.9277349103368,13.880735548756565,-18.600691981420432,2.9657678386226806e-19
1787278760.186162,resting,fast,1787278739.9715214,-246.0067140807937,-183.2009938034215,1339.9734294347536,13.740074535255477,-18.450503556059324,2.964678652497374e-19
1787278760.1977403,resting,fast,1787278739.9715214,-245.73971372568258,-183.73431207003625,1342.8803930506228,13.78007340525156,-18.43047852942619,2.9672295037860475e-19
1787278760.2079694,resting,fast,1787278739.9715214,-245.0763724920903,-184.06711810099603,1344.7724964822855,13.805033857573381,-18.380727936906403,2.970580459853492e-19
1787278760.2192185,resting,fast,1787278739.9715214,-245.95849382991537,-184.4544845019933,1347.6363235819326,13.834086337648518,-18.44688703724328,2.971856039039076e-19
1787278760.2308834,resting,fast,1787278739.9715214,-246.85494595379578,-184.66102634285505,1348.5015653652308,13.849576975712953,-18.51412094653439,2.971565508670534e-19
1787278760.2410636,resting,fast,1787278739.9715214,-247.908792920241,-186.15320480157436,1348.8810395672017,13.961490360116915,-18.593159469017976,2.9707956435534847e-19
1787278760.2525566,resting,fast,1787278739.9715214,-247.46626271326068,-185.6513369358812,1349.9124100782328,13.923850270190332,-18.55996970349456,2.9694794385252405e-19
1787278760.2644567,resting,fast,1787278739.9715214,-248.00770573431464,-187.5403439624157,1348.1715941057546,14.065525797180147,-18.60057793007318,2.9687218408570247e-19
1787278760.274289,resting,fast,1787278739.9715214,-247.42438183540025,-185.9559529494844,1344.8876540713818,13.94669647121005,-18.556828637654434,2.966649926959774e-19
1787278760.2857792,resting,fast,1787278739.9715214,-247.97854544032225,-186.49478982795802,1348.0193703442465,13.98710923709574,-18.5983909080239,2.970385723754893e-19
1787278760.2979925,resting,fast,1787278739.9715214,-245.63016830496827,-184.79402077598968,1344.943726200495,13.859551558198095,-18.42226262287234,2.969044561479877e-19
1787278760.3074229,resting,fast,1787278739.9715214,-245.6189846928578,-185.16440971400868,1349.854623335238,13.887330728549575,-18.421423851964036,2.9730532060643727e-19
1787278760.3186615,resting,fast,1787278739.9715214,-245.67271088207735,-184.93196495945142,1351.2248159441215,13.869897371957652,-18.425453316155632,2.974583636326394e-19
1787278760.3297832,resting,fast,1787278739.9715214,-245.61285507099683,-184.06006589672972,1352.6204868934828,13.804504942253832,-18.42096413032459,2.973865663987441e-19
1787278760.3408017,resting,fast,1787278739.9715214,-244.95727598618532,-183.94714027467705,1344.7707482487995,13.79603552059952,-18.371795698963858,2.969674770593842e-19
1787278760.3524144,resting,fast,1787278739.9715214,-244.996699126335,-184.9935446278547,1340.599201892329,13.87451584708781,-18.374752434475006,2.968851055846177e-19
1787278760.3635793,resting,fast,1787278739.9715214,-246.70404571736753,-185.89110720451447,1342.8532555425618,13.941833040337404,-18.502803428802196,2.972482420890172e-19
1787278760.3744156,resting,fast,1787278739.9715214,-248.2377053101177,-187.05643309578875,1350.6444505485588,14.02923248218308,-18.617827898258696,2.9779845907310143e-19
1787278760.3855064,resting,fast,1787278739.9715214,-247.2449072415452,-184.49244214674457,1350.8727446465464,13.836933161004698,-18.543368043115507,2.975096842489782e-19
1787278760.3968368,resting,fast,1787278739.9715214,-247.00582392321985,-185.32927384859784,1348.144404041902,13.89969553864363,-18.525436794241344,2.97088948098838e-19
1787278760.407598,resting,fast,1787278739.9715214,-246.28865708321473,-183.7379871401671,1346.092417719642,13.780349035511168,-18.47164928124097,2.9669171508535964e-19
1787278760.4188204,resting,fast,1787278739.9715214,-246.66387030121268,-185.23880514542782,1346.5969578841477,13.892910385905939,-18.49979027259068,2.9665613470524803e-19
1787278760.43012,resting,fast,1787278739.9715214,-246.16049902387613,-183.7792315761052,1345.6262832336097,13.783442368206952,-18.462037426790495,2.9666112356312996e-19
1787278760.4408503,resting,fast,1787278739.9715214,-245.795164854419,-186.16873312596056,1345.296786396274,13.962654984445937,-18.434637364081432,2.9686064253726086e-19
1787278760.45223,resting,fast,1787278739.9715214,-246.52635042782504,-186.1381957336738,1343.0484435782118,13.960364680024458,-18.489476282086805,2.968368911704837e-19
1787278760.4631634,resting,fast,1787278739.9715214,-246.89271733666692,-186.8333211586786,1345.951115384999,14.012499086899926,-18.51695380025007,2.9717203963465087e-19
1787278760.474284,resting,fast,1787278739.9715214,-246.0510349763358,-184.36801098335047,1342.6720583634842,13.827600823749979,-18.453827623225074,2.96736386440943e-19
1787278760.4855444,resting,fast,1787278739.9715214,-244.61114903440512,-183.78391845852354,1340.9368852338475,13.78379388438805,-18.345836177580175,2.9637472800453e-19
1787278760.4963899,resting,fast,1787278739.9715214,-244.0048279993539,-183.82198656665935,1340.3215399443661,13.786648992498275,-18.300362099951272,2.9596398500114153e-19
1787278760.5075326,resting,fast,1787278739.9715214,-243.83121780459487,-184.46905585325487,1340.4478831266415,13.835179188992829,-18.287341335344635,2.960435360214976e-19
1787278760.5188613,resting,fast,1787278739.9715214,-246.762485853998,-185.0109571809022,1347.4102858744873,13.875821788566558,-18.507186439049555,2.9662344776417704e-19
1787278760.5298185,resting,fast,1787278739.9715214,-246.61053915258208,-184.37471626737567,1348.5544497935907,13.828103720052074,-18.495790436443265,2.9691748466269093e-19
1787278760.5410025,resting,fast,1787278739.9715214,-247.12305130869254,-182.756883621278,1349.550641762943,13.706766271594606,-18.534228848151812,2.9726706419821564e-19
1787278760.5521088,resting,fast,1787278739.9715214,-245.54131451780768,-181.48144146535776,1345.2096352025865,13.611108109900915,-18.415598588835266,2.970244478866611e-19
1787278760.5632088,resting,fast,1787278739.9715214,-245.92429807836788,-182.30689607667102,1345.7926590824727,13.673017205749307,-18.444322355877475,2.972462848097647e-19
1787278760.5740876,resting,fast,1787278739.9715214,-246.92921848168817,-184.3072694442891,1345.347662865236,13.823045208320284,-18.519691386126418,2.971014341173029e-19
1787278760.5854352,resting,fast,1787278739.9715214,-246.82901676644133,-185.44403827964072,1345.9265391536,13.908302870972168,-18.512176257483176,2.9725591814675773e-19
1787278760.5964153,resting,fast,1787278739.9715214,-247.27640584789015,-184.82272636907953,1343.9426184463055,13.861704477679627,-18.54573043859171,2.9689579708421785e-19
1787278760.607376,resting,fast,1787278739.9715214,-245.67717630699326,-183.44160928565304,1343.1748622842433,13.758120696422782,-18.425788223024355,2.9674162839575367e-19
1787278760.6187196,resting,fast,1787278739.9715214,-244.15059048519151,-182.37449583056343,1345.0182297695255,13.6780871872913,-18.31129428638944,2.9646811022300194e-19
1787278760.6299546,resting,fast,1787278739.9715214,-243.1740062124386,-181.51653453734946,1344.0499693710963,13.613740090300045,-18.238050465932915,2.964186941050342e-19
1787278760.640849,resting,fast,1787278739.9715214,-244.39569551959312,-183.21686431126852,1342.8383494739983,13.741264823344085,-18.3296771639692,2.9628292244802593e-19
1787278760.6520927,resting,fast,1787278739.9715214,-245.22284096155408,-184.00677077977514,1339.5104434367468,13.800507808482,-18.391713072116552,2.9630915181102376e-19
1787278760.6629481,resting,fast,1787278739.9715214,-245.64895463589573,-185.36343844331589,1341.7207703221966,13.902257883247561,-18.42367159769197,2.967394092961184e-19
1787278760.6740582,resting,fast,1787278739.9715214,-244.36970578019964,-184.35734289087634,1343.4052496469494,13.826800716814578,-18.327727933514673,2.9685256242754217e-19
1787278760.6851668,resting,fast,1787278739.9715214,-244.6900136401705,-184.05216926467222,1346.3018974797897,13.803912694849178,-18.351751023012703,2.972365746933795e-19
1787278760.6962945,resting,fast,1787278739.9715214,-245.4433174518067,-182.770814036434,1346.7784160017573,13.707811052731476,-18.40824880888534,2.9722998938293123e-19
1787278760.707093,resting,fast,1787278739.9715214,-246.88289060928992,-182.89697638290352,1351.0475985394633,13.71727322871671,-18.516216795696472,2.975320955556853e-19
1787278760.718502,resting,fast,1787278739.9715214,-249.33261742310833,-183.6818236150383,1355.601422334158,13.776136771126591,-18.699946306733196,2.97732860371828e-19
1787278760.729581,resting,fast,1787278739.9715214,-248.93813579479092,-185.12610120569468,1356.370180217701,13.884457590426013,-18.670360184609144,2.975891202541257e-19
1787278760.7402701,resting,fast,1787278739.9715214,-249.51161445647585,-185.97781418666057,1356.8341002477728,13.9483360639985,-18.71337108423564,2.9776405609306065e-19
1787278760.751382,resting,fast,1787278739.9715214,-248.01575095833277,-186.72404030272867,1356.3750370061052,14.004303022703514,-18.60118132187491,2.9789831886134133e-19
1787278760.7628148,resting,fast,1787278739.9715214,-248.02140939218907,-187.09287534986345,1353.2525910371687,14.031965651238597,-18.601605704413927,2.9779759480176675e-19
1787278760.7740064,resting,fast,1787278739.9715214,-247.31507435874164,-184.59126447419192,1350.4473869057429,13.844344835563096,-18.548630576905573,2.976195407310024e-19
1787278760.7851853,resting,fast,1787278739.9715214,-246.88829996402046,-184.38837318227036,1345.352638149202,13.829127988669118,-18.51662249730132,2.9725810841147445e-19
1787278760.796372,resting,fast,1787278739.9715214,-246.94342692564032,-184.78947638743796,1349.2578934971034,13.859210729056603,-18.520757019422902,2.974586109757188e-19
1787278760.8071954,resting,fast,1787278739.9715214,-247.66329589237785,-187.10210697739365,1348.7173068856964,14.032658023303316,-18.57474719192824,2.9752775926020926e-19
1787278760.8183913,resting,fast,1787278739.9715214,-247.0558021427355,-185.3097717195334,1346.3246546173805,13.898232878963928,-18.529185160704863,2.968486043125185e-19
1787278760.82941,resting,fast,1787278739.9715214,-246.76768220994882,-184.25534217903953,1345.9302436327607,13.819150663426857,-18.50757616574601,2.9663469970468367e-19
1787278760.8405,resting,fast,1787278739.9715214,-245.33931584261381,-183.36162259805894,1346.045319209853,13.752121694853418,-18.400448688195894,2.96701467390637e-19
1787278760.8516865,resting,fast,1787278739.9715214,-246.20756368788943,-184.74452507853346,1349.059148641708,13.855839380888742,-18.4655672765915,2.975165199806663e-19
1787278760.8627608,resting,fast,1787278739.9715214,-244.91957595070517,-183.80427856326048,1347.2710389999856,13.785320892243337,-18.36896819630274,2.974757007411227e-19
1787278760.8740356,resting,fast,1787278739.9715214,-244.3726757360705,-182.7454610340393,1344.77544417216,13.705909577551953,-18.32795068020522,2.9673736589759284e-19
1787278760.8850641,resting,fast,1787278739.9715214,-243.769523117257,-182.70889510434233,1346.234713031111,13.703167132824749,-18.282714233793982,2.965913735372098e-19
1787278760.8959632,resting,fast,1787278739.9715214,-245.5322020242088,-182.97067583315777,1343.7286552892683,13.72280068748589,-18.414915151815663,2.964612869675194e-19
1787278760.9073114,resting,fast,1787278739.9715214,-247.83590746103664,-184.5517118985689,1348.7467459802765,13.841378392391508,-18.587693059577575,2.9698333784802835e-19
1787278760.9184055,resting,fast,1787278739.9715214,-247.49937393288064,-184.5149126481025,1344.8160409073598,13.838618448606514,-18.56245304496578,2.967942827314116e-19
1787278760.9293036,resting,fast,1787278739.9715214,-248.0953099252224,-185.99186487837335,1347.5076826687318,13.949389865876714,-18.607148244391375,2.97219205865553e-19
1787278760.9405906,resting,fast,1787278739.9715214,-247.1423866327009,-186.35880503721376,1346.0430909263332,13.976910377789782,-18.535678997452194,2.9730233558512873e-19
1787278760.951771,resting,fast,1787278739.9715214,-247.12971242763842,-186.942005044972,1346.2118898260915,14.020650378371759,-18.534728432072633,2.9749688007319755e-19
1787278760.9628816,resting,fast,1787278739.9715214,-245.6169729773651,-185.57966254907467,1345.4234045475487,13.918474691179515,-18.42127297330218,2.972589500655551e-19
1787278760.9738116,resting,fast,1787278739.9715214,-245.22978773894692,-185.3211515413485,1344.4433101522036,13.899086365600045,-18.392234080420828,2.970852262016063e-19
1787278760.985146,resting,fast,1787278739.9715214,-245.2210630509494,-183.61568404766683,1345.828745042886,13.771176303574041,-18.391579728821206,2.968959546201472e-19
1787278760.9958713,resting,fast,1787278739.9715214,-245.7221340186038,-183.89332747406104,1344.0448137153571,13.791999560553425,-18.429160051395044,2.965789116801612e-19
1787278761.0072756,resting,fast,1787278739.9715214,-246.41248054593007,-183.17949642281212,1342.0518533675177,13.738462231709764,-18.480936040944613,2.9648736999119887e-19
1787278761.0183635,resting,fast,1787278739.9715214,-246.74892524312736,-183.6304627107462,1343.341109037502,13.772284703304809,-18.506169393234323,2.9676167703453323e-19
1787278761.0294561,resting,fast,1787278739.9715214,-246.29331862476602,-182.91497694733937,1345.778869623492,13.718623271049385,-18.471998896857272,2.972313880638828e-19
1787278761.0402706,resting,fast,1787278739.9715214,-245.85736613209747,-182.69391185234178,1347.2705891741653,13.702043388924412,-18.439302459907296,2.975530154770462e-19
1787278761.051783,resting,fast,1787278739.9715214,-246.36504362035748,-183.7692403637394,1347.9237067117692,13.782693027279297,-18.477378271526852,2.974868981998332e-19
1787278761.06259,resting,fast,1787278739.9715214,-246.28328998999632,-184.43085474929455,1344.9870390115766,13.83231410619604,-18.47124674924936,2.970795595045663e-19
1787278761.0737898,resting,fast,1787278739.9715214,-246.3252011084628,-184.54239306125112,1344.9629317262961,13.840679479592726,-18.474390083134594,2.9674174500051174e-19
1787278761.0850334,resting,fast,1787278739.9715214,-245.42690620496842,-182.67558297293056,1343.2796937922349,13.700668722968633,-18.40701796537236,2.966084232072398e-19
1787278761.095899,resting,fast,1787278739.9715214,-246.40047507135432,-182.52658461892713,1344.9928770099586,13.689493846418362,-18.480035630351367,2.96935863617894e-19
1787278761.1070611,resting,fast,1787278739.9715214,-246.19207769387094,-183.06482546130144,1347.2021301043687,13.729861909596583,-18.46440582703986,2.9722275938037556e-19
1787278761.117904,resting,fast,1787278739.9715214,-247.09018716393484,-183.88890480471116,1349.1469950007804,13.791667860352167,-18.531764037295012,2.9740372005800583e-19
1787278761.1293359,resting,fast,1787278739.9715214,-246.10034950066665,-183.68721096325396,1348.8986706987553,13.776540822242897,-18.457526212549503,2.9729358783787284e-19
1787278761.1404765,resting,fast,1787278739.9715214,-246.84336160998419,-184.09763058806277,1351.5587628708881,13.807322294103276,-18.51325212074854,2.972879956382868e-19
1787278761.151592,resting,fast,1787278739.9715214,-246.45788996503006,-183.93563448106067,1348.747749325611,13.79517258607827,-18.484341747377037,2.9708331135568147e-19
1787278761.162465,resting,fast,1787278739.9715214,-245.87898417907445,-183.768216095296,1345.4441206918755,13.782616207145825,-18.44092381343036,2.9657975912059494e-19
1787278761.1736085,resting,fast,1787278739.9715214,-245.4162960012677,-183.19637126226996,1344.5965087831983,13.73972784466908,-18.406222200094845,2.969985162855644e-19
1787278761.1849234,resting,fast,1787278739.9715214,-245.7216910000293,-184.59302558368552,1345.4746077636219,13.84447691877499,-18.429126825001866,2.970276805542412e-19
1787278761.1960025,resting,fast,1787278739.9715214,-247.12407631315955,-184.52169473768652,1351.6060846113132,13.839127105325236,-18.53430572348678,2.9785704746332337e-19
1787278761.2066948,resting,fast,1787278739.9715214,-247.2535761402737,-185.01318560727498,1348.1139580800454,13.875988920544604,-18.544018210520434,2.9723408365783715e-19
1787278761.2177615,resting,fast,1787278739.9715214,-247.3072683137957,-184.24936344935747,1348.3255533347992,13.818702258700785,-18.548045123534706,2.974626245388924e-19
1787278761.2287536,resting,fast,1787278739.9715214,-245.52081252579,-184.9546868113299,1338.9789791456124,13.871601510848581,-18.414060939434314,2.962215462754733e-19
1787278761.2403717,resting,fast,1787278739.9715214,-245.82198367980845,-185.54583285808928,1341.2434566026923,13.915937464355597,-18.436648775985347,2.9634052017436036e-19
1787278761.2515924,resting,fast,1787278739.9715214,-244.93799116953642,-186.03187827969066,1338.325102829961,13.952390870975453,-18.37034933771519,2.958561765742992e-19
1787278761.262506,resting,fast,1787278739.9715214,-246.08519960779222,-185.89499202555442,1345.5867621531443,13.942124401915553,-18.456389970584354,2.9672010999930773e-19
1787278761.273627,resting,fast,1787278739.9715214,-245.24955192373136,-185.51671120926937,1346.1544129402764,13.913753340694146,-18.39371639427968,2.9701743796978487e-19
1787278761.2846727,resting,fast,1787278739.9715214,-246.584056557213,-185.37338524296285,1350.5953074208583,13.903003893221172,-18.493804241790983,2.9735655685917804e-19
1787278761.2953608,resting,fast,1787278739.9715214,-246.56363033186472,-185.36925467237813,1352.0931379881304,13.90269410042723,-18.492272274889586,2.97497907748107e-19
1787278761.3067074,resting,fast,1787278739.9715214,-246.55354298599968,-185.7327946245765,1348.866289606819,13.929959596842071,-18.491515723949824,2.9699619762540303e-19
1787278761.318056,resting,fast,1787278739.9715214,-245.4549439207717,-185.25793516910687,1344.9859754324252,13.894345137681714,-18.409120794057607,2.9670129978942875e-19
1787278761.3287842,resting,fast,1787278739.9715214,-244.6831540341268,-184.9144067040546,1340.6536068660907,13.868580502802875,-18.351236552559513,2.966104807233958e-19
1787278761.3400009,resting,fast,1787278739.9715214,-245.08282155832376,-183.46360181885268,1344.47968572013,13.759770136412886,-18.381211616873976,2.9700690796229654e-19
1787278761.3512003,resting,fast,1787278739.9715214,-245.2347875929613,-182.7048749662207,1345.8867863994028,13.70286562246557,-18.392609069471774,2.971586845929816e-19
1787278761.3620148,resting,fast,1787278739.9715214,-246.49842153591408,-182.49978783011773,1348.5977046620546,13.687484087257534,-18.487381615193392,2.9707888852431403e-19
1787278761.373309,resting,fast,1787278739.9715214,-246.98008320137023,-182.12095586558837,1348.7268046088057,13.659071689917983,-18.523506240102463,2.9691203198814374e-19
1787278761.3844743,resting,fast,1787278739.9715214,-246.3879473424672,-182.07984746448585,1348.523222834764,13.655988559835325,-18.479096050684788,2.966331905872552e-19
1787278761.395444,resting,fast,1787278739.9715214,-246.033888785802,-183.1186227574916,1347.9690308091785,13.733896706810743,-18.452541658934983,2.9659992538045523e-19
1787278761.4066162,resting,fast,1787278739.9715214,-245.80513565791034,-183.57023369690899,1345.3903176577924,13.7677675272672,-18.435385174343068,2.967464734102822e-19
1787278761.417787,resting,fast,1787278739.9715214,-246.83579827714993,-184.24880652305285,1347.450327757856,13.818660489227842,-18.51268487078601,2.972640877718207e-19
1787278761.4289546,resting,fast,1787278739.9715214,-246.35028346798435,-183.9185992478141,1344.749813159332,13.793894943584835,-18.476271260098734,2.9692238242484473e-19
1787278761.43989,resting,fast,1787278739.9715214,-246.7933971961097,-184.0410575176012,1346.0528122260357,13.80307931381903,-18.509504789707833,2.9655513638711354e-19
1787278761.4511347,resting,fast,1787278739.9715214,-246.81348886911337,-185.55832665733953,1344.8072611020461,13.9168744992993,-18.511011665183347,2.961377023445637e-19
1787278761.4623766,resting,fast,1787278739.9715214,-247.72761175368623,-185.28354589325215,1346.245817445074,13.896265941992699,-18.579570881526408,2.9622098099100555e-19
1787278761.4733448,resting,fast,1787278739.9715214,-247.43275288728046,-185.28273353345014,1346.4128388786094,13.896205015007727,-18.55745646654585,2.9645274696188873e-19
1787278761.4844515,resting,fast,1787278739.9715214,-246.76388133094724,-183.5258269978384,1344.5254687076858,13.764437024836628,-18.507291099821046,2.9629957424895193e-19
1787278761.4952226,resting,fast,1787278739.9715214,-246.6848935116709,-182.45940139114862,1347.7028392905331,13.684455104335004,-18.501367013375138,2.965141757136514e-19
1787278761.5067663,resting,fast,1787278739.9715214,-247.88418716666683,-183.65957857923752,1351.021578293873,13.774468393441783,-18.591314037499814,2.9660120434697197e-19
1787278761.5178587,resting,fast,1787278739.9715214,-248.08876137339894,-184.48893659090857,1353.4030147784679,13.836670244317023,-18.60665710300463,2.9670867292081126e-19
1787278761.5285676,resting,fast,1787278739.9715214,-247.96001014266358,-185.86486331490107,1353.6394596425807,13.939864748616547,-18.597000760699736,2.9701866502759966e-19
1787278761.5400422,resting,fast,1787278739.9715214,-248.16298848204087,-186.56894533346997,1353.602434756941,13.992670900008992,-18.612224136152918,2.971160062486734e-19
1787278761.5511544,resting,fast,1787278739.9715214,-247.99418474710956,-187.0351098374441,1350.585053321346,14.027633237807283,-18.599563856033136,2.9708129176824826e-19
1787278761.56228,resting,fast,1787278739.9715214,-247.38087511600088,-187.06591043238893,1347.532494417036,14.029943282427926,-18.553565633699904,2.966489661080578e-19
1787278761.573219,resting,fast,1787278739.9715214,-246.58311792618906,-185.2392422053082,1344.1550951402269,13.892943165396705,-18.49373384446423,2.9646173510272803e-19
1787278761.5843954,resting,fast,1787278739.9715214,-246.72909533532538,-184.22747609173064,1346.4992398909208,13.81706070687871,-18.50468215014913,2.962666959833527e-19
1787278761.5950487,resting,fast,1787278739.9715214,-247.05294492600433,-185.1118338881687,1348.6358083697132,13.883387541611317,-18.528970869450113,2.9646728857334703e-19
1787278761.6062393,resting,fast,1787278739.9715214,-246.22260007823434,-186.21661915042466,1347.434001041901,13.966246436280702,-18.46669500586721,2.963199387560689e-19
1787278761.6177487,resting,fast,1787278739.9715214,-246.53133685773673,-186.50566639286865,1347.7768409240134,13.987924979463987,-18.489850264330308,2.965250659946961e-19
1787278761.6285965,resting,fast,1787278739.9715214,-247.4028780108888,-186.8442878037057,1346.592934223926,14.013321585276802,-18.55521585081663,2.966461845929974e-19
1787278761.6398718,resting,fast,1787278739.9715214,-247.05508141011296,-184.9090842006766,1347.7724205322638,13.868181315049714,-18.529131105758445,2.9678807927615134e-19
1787278761.651058,resting,fast,1787278739.9715214,-246.798258737565,-185.06569949259108,1349.3825573885633,13.879927461943229,-18.509869405317183,2.9659189105437786e-19
1787278761.6616592,resting,fast,1787278739.9715214,-246.28321701816594,-183.89572463055208,1349.3207341452407,13.79217934729019,-18.471241276362413,2.9600858724250285e-19
1787278761.6733007,resting,fast,1787278739.9715214,-248.25640278308265,-187.42755090747858,1353.2733567340392,14.057066318059757,-18.619230208730905,2.964049611795446e-19
1787278761.684393,resting,fast,1787278739.9715214,-248.75563616182035,-186.3161316039376,1351.560449043026,13.973709870294233,-18.65667271213649,2.9655376327330048e-19
1787278761.6953337,resting,fast,1787278739.9715214,-248.22712475520484,-186.2220744306345,1349.5286509005882,13.96665558229643,-18.617034356640417,2.9677217267236323e-19
1787278761.7064903,resting,fast,1787278739.9715214,-246.1095450558173,-182.93333393676642,1345.6914194638457,13.720000045256445,-18.458215879186177,2.96327096632651e-19
1787278761.7172842,resting,fast,1787278739.9715214,-245.67656440447672,-183.03784652691832,1347.8596876383845,13.72783848951794,-18.425742330335645,2.9638014795947357e-19
1787278761.7281213,resting,fast,1787278739.9715214,-246.17228879517506,-183.25230963902334,1354.3596712325261,13.743923222925648,-18.4629216596378,2.966786594074339e-19
1787278761.739297,resting,fast,1787278739.9715214,-248.07145790770437,-185.08011740580002,1362.2908355048448,13.881008805433954,-18.605359343077573,2.972792446632686e-19
1787278761.7503254,resting,fast,1787278739.9715214,-248.67065864062488,-185.88981721979883,1360.0375749251607,13.941736291483895,-18.65029939804662,2.9730701382331307e-19
1787278761.7614887,resting,fast,1787278739.9715214,-249.44773248682077,-187.2153588625489,1356.0567083029227,14.04115191468981,-18.70857993651145,2.972299305052362e-19
1787278761.7727637,resting,fast,1787278739.9715214,-248.30114707269468,-187.29917197029988,1349.9228909383628,14.047437897771363,-18.622586030452048,2.968112487034423e-19
1787278761.7841733,resting,fast,1787278739.9715214,-247.7424785019507,-186.87584637746147,1348.7661282848248,14.015688478308508,-18.580685887646005,2.9641307962996866e-19
1787278761.7951643,resting,fast,1787278739.9715214,-247.03460029371536,-184.60160630993107,1350.3909782570963,13.845120473243743,-18.52759502202845,2.9632779428043494e-19
1787278761.8058684,resting,fast,1787278739.9715214,-247.46989052910567,-184.9075595711746,1350.0990011077893,13.868066967836942,-18.5602417896827,2.9609647671375214e-19
1787278761.8173323,resting,fast,1787278739.9715214,-246.3887790627773,-185.30826938307302,1348.8842971888344,13.898120203729423,-18.479158429707994,2.9636596898602986e-19
1787278761.8284245,resting,fast,1787278739.9715214,-246.33596274384809,-187.14629540470617,1347.4435216832744,14.035972155351704,-18.47519720578866,2.9621616856722956e-19
1787278761.8396595,resting,fast,1787278739.9715214,-247.34740950724745,-188.1032871947151,1348.165716090124,14.10774653960242,-18.55105571304356,2.9620009029547363e-19
1787278761.85086,resting,fast,1787278739.9715214,-249.63073104193018,-189.31137915773695,1351.4661740181336,14.198353436829155,-18.722304828144438,2.964929489102457e-19
1787278761.8618526,resting,fast,1787278739.9715214,-250.67586403236555,-189.8471163080054,1351.8517525856341,14.238533723099042,-18.80068980242727,2.967733832738855e-19
1787278761.8731854,resting,fast,1787278739.9715214,-250.48898609917296,-187.5535754479357,1354.3266936822447,14.066518158594125,-18.786673957437706,2.97060246893997e-19
1787278761.8841705,resting,fast,1787278739.9715214,-249.5088984461413,-186.06951392771919,1353.9096367308657,13.955213544577862,-18.71316738346046,2.970717868915123e-19
1787278761.895181,resting,fast,1787278739.9715214,-249.03225000003704,-184.7556458655232,1352.7067449488723,13.856673439913227,-18.677418750002467,2.969986801866753e-19
1787278761.906299,resting,fast,1787278739.9715214,-248.07681508208452,-184.97126574913057,1350.013733780198,13.872844931183682,-18.60576113115603,2.968973837562365e-19
1787278761.9174767,resting,fast,1787278739.9715214,-248.2071719440969,-186.0585049920113,1348.918522328896,13.954387874399547,-18.615537895806867,2.9690271295156026e-19
1787278761.9280572,resting,fast,1787278739.9715214,-247.88727989350946,-186.21465951864218,1350.0089147110602,13.96609946389717,-18.59154599201314,2.9679470481404224e-19
1787278761.939149,resting,fast,1787278739.9715214,-249.70423623155648,-186.96200540699135,1352.020168741642,14.022150405523067,-18.727817717366655,2.9700287193069396e-19
1787278761.9507277,resting,fast,1787278739.9715214,-248.72794581683456,-185.5198398332849,1348.9751763805298,13.913987987495108,-18.654595936262517,2.966368005463634e-19
1787278761.9617164,resting,fast,1787278739.9715214,-248.22701762136649,-184.8837378837478,1348.1781869834986,13.86628034127975,-18.61702632160224,2.9662737599098585e-19
1787278761.9725802,resting,fast,1787278739.9715214,-246.8542622289856,-184.66582279933016,1344.0488589299066,13.849936709948683,-18.51406966717382,2.962954178867756e-19
1787278761.9840064,resting,fast,1787278739.9715214,-247.51624511954242,-185.80311186977008,1345.3765760583165,13.935233390231563,-18.563718383965444,2.9634739438875323e-19
1787278761.9947784,resting,fast,1787278739.9715214,-247.68576679567786,-186.6711565773411,1343.6755264422545,14.000336743299503,-18.57643250967547,2.9610657584430663e-19
1787278762.005895,resting,fast,1787278739.9715214,-249.53012395062296,-188.61473249387552,1350.456577113765,14.146104937039429,-18.714759296296428,2.9667313859989995e-19
1787278762.0170686,resting,fast,1787278739.9715214,-249.57747883399998,-187.4915058936682,1353.8460256021344,14.061862942023826,-18.71831091254976,2.973220898890656e-19
1787278762.0282536,resting,fast,1787278739.9715214,-250.20562305990688,-187.80266788479128,1354.3987844937556,14.085200091357965,-18.765421729492672,2.9727892539935127e-19
1787278762.0393333,resting,fast,1787278739.9715214,-248.39100455267044,-185.55736504400522,1349.2055673095829,13.9168023782991,-18.629325341450127,2.9661241408604386e-19
1787278762.0503113,resting,fast,1787278739.9715214,-249.97934634278636,-187.5670545580025,1354.6789877008969,14.067529091849142,-18.748450975708806,2.9669322906840263e-19
1787278762.0615375,resting,fast,1787278739.9715214,-248.27811478723606,-186.40528003430325,1354.0672213687621,13.980396002571343,-18.620858609042358,2.969296649840655e-19
1787278762.072823,resting,fast,1787278739.9715214,-246.67608437614354,-185.28557425302608,1349.1931235237907,13.89641806897568,-18.500706328210548,2.967758124046524e-19
1787278762.0838697,resting,fast,1787278739.9715214,-245.22856477415053,-185.27870819337352,1340.4077484939926,13.895903114501767,-18.392142358061086,2.9594061821814017e-19
1787278762.0946517,resting,fast,1787278739.9715214,-246.0863876085682,-185.6910006962138,1339.2147942883284,13.9268250522147,-18.45647907064263,2.9584434837795637e-19
1787278762.1056395,resting,fast,1787278739.9715214,-247.7540952096956,-186.61183529608581,1344.0859020518574,13.995887647205084,-18.581557140726666,2.96158911343585e-19
1787278762.1169703,resting,fast,1787278739.9715214,-247.3338890825503,-185.26222743353048,1345.1858186714699,13.894667057513562,-18.550041681191125,2.9650547803124273e-19
1787278762.1281054,resting,fast,1787278739.9715214,-247.62340996543162,-185.6095688738402,1346.2589946414382,13.920717665536817,-18.57175574740723,2.9673799682889016e-19
1787278762.1393883,resting,fast,1787278739.9715214,-247.86938821495323,-186.79313388786898,1344.928643342012,14.009485041589176,-18.590204116121292,2.965324871771078e-19
1787278762.1504703,resting,fast,1787278739.9715214,-246.17545976672,-186.2412461762425,1339.627532526113,13.968093463216949,-18.463159482503883,2.96133846468274e-19
1787278762.161262,resting,fast,1787278739.9715214,-247.15753318672841,-185.70350190322972,1343.3523142359327,13.927762642741047,-18.536814989004412,2.9596182506612865e-19
1787278762.1726336,resting,fast,1787278739.9715214,-246.0442430942826,-185.46998478063676,1341.2612187332898,13.910248858546385,-18.45331823207099,2.958233745383091e-19
1787278762.1837037,resting,fast,1787278739.9715214,-249.44582596809278,-186.6942699367686,1348.3840349781503,14.002070245256522,-18.70843694760675,2.964194028679334e-19
1787278762.1944835,resting,fast,1787278739.9715214,-249.38682669324726,-186.53186059060715,1350.085014231715,13.98988954429446,-18.7040120019932,2.96775388382723e-19
1787278762.2059147,resting,fast,1787278739.9715214,-249.02003194825602,-185.3803915523,1351.6754098453575,13.903529366421086,-18.67650239611894,2.969339011703012e-19
1787278762.2172277,resting,fast,1787278739.9715214,-247.47334322909637,-184.33321206944686,1351.855989083394,13.824990905207205,-18.560500742181844,2.966052948900512e-19
1787278762.2277558,resting,fast,1787278739.9715214,-247.73518166264284,-184.08840707313232,1352.856345603378,13.806630530483805,-18.580138624697874,2.968552937509629e-19
1787278762.2391775,resting,fast,1787278739.9715214,-248.15707046638863,-183.92222171346373,1353.229047376849,13.794166628508723,-18.611780284979183,2.9685355612426513e-19
1787278762.250276,resting,fast,1787278739.9715214,-250.12459571267345,-184.6638150175994,1355.9386838681394,13.849786126318907,-18.759344678450454,2.970361348382215e-19
1787278762.2612228,resting,fast,1787278739.9715214,-250.43496188459585,-185.45209328945623,1356.159039032188,13.908906996708172,-18.78262214134444,2.969203685725366e-19
1787278762.2725077,resting,fast,1787278739.9715214,-249.14445585395742,-185.6503769534969,1351.7040031780807,13.923778271511186,-18.685834189046467,2.9668977566633347e-19
1787278762.2836087,resting,fast,1787278739.9715214,-247.19571774088536,-185.07826105682773,1348.5338700931125,13.880869579260807,-18.53967883056633,2.964934922809504e-19
1787278762.2943604,resting,fast,1787278739.9715214,-245.51157830962575,-183.2831755806027,1345.5844451944931,13.746238168543943,-18.41336837322173,2.96297240400818e-19
1787278762.3057141,resting,fast,1787278739.9715214,-247.26296117926222,-184.56061022549932,1350.7385361156475,13.842045766911145,-18.54472208844446,2.9674620021969706e-19
1787278762.3169718,resting,fast,1787278739.9715214,-247.7149514511434,-185.2581986465774,1350.5962695020726,13.89436489849206,-18.57862135883554,2.9679449817656267e-19
1787278762.327656,resting,fast,1787278739.9715214,-247.7635709339579,-185.73340034393607,1348.815931118973,13.930005025793864,-18.582267820046965,2.9655454211644508e-19
1787278762.3389094,resting,fast,1787278739.9715214,-246.90022995982008,-183.7509049481631,1348.1193389249538,13.781317871111032,-18.517517246986436,2.9611181330217257e-19
1787278762.3501518,resting,fast,1787278739.9715214,-247.27607739527184,-183.2941833024837,1349.5557104195168,13.747063747685178,-18.545705804645223,2.959061051565506e-19
1787278762.3609517,resting,fast,1787278739.9715214,-248.71154514518685,-185.116629032192,1351.7688172171938,13.883747177413216,-18.653365885888853,2.9626505436688425e-19
1787278762.3723373,resting,fast,1787278739.9715214,-248.9422203301633,-185.34469861620335,1352.6068884438018,13.900852396214038,-18.670666524762126,2.9654881093203483e-19
1787278762.3834832,resting,fast,1787278739.9715214,-248.67833134968214,-185.4498849413609,1351.1418723434936,13.908741370601053,-18.650874851225886,2.9672408197741104e-19
1787278762.3943493,resting,fast,1787278739.9715214,-247.3431846641929,-183.90043120619487,1350.7817813810898,13.792532340463456,-18.550738849814287,2.9647414609844375e-19
1787278762.4056542,resting,fast,1787278739.9715214,-246.62619749556552,-184.17164633920027,1350.1688728725903,13.812873475439023,-18.49696481216703,2.9631550981136685e-19
1787278762.4169345,resting,fast,1787278739.9715214,-247.4347738617612,-184.61045625471763,1349.6156956542773,13.845784219102601,-18.557608039631745,2.9674323412431064e-19
1787278762.427899,resting,fast,1787278739.9715214,-247.71189446262042,-185.14114467209504,1347.489109029514,13.885585850406006,-18.57839208469626,2.96558312077592e-19
1787278762.4389734,resting,fast,1787278739.9715214,-249.5679532163972,-187.13519339136235,1349.740365783634,14.03513950435121,-18.71759649122957,2.967940600751509e-19
1787278762.4501417,resting,fast,1787278739.9715214,-249.25937646243847,-186.75404108884538,1352.5458904214674,14.006553081662336,-18.694453234682847,2.9653317512832716e-19
1787278762.4610014,resting,fast,1787278739.9715214,-249.72048459252937,-187.3400054682703,1353.18897911355,14.050500410119174,-18.729036344439358,2.9673117794321516e-19
1787278762.4722643,resting,fast,1787278739.9715214,-248.56081465090801,-185.33179941471997,1349.1728008343098,13.899884956102841,-18.642061098817734,2.966038619797736e-19
1787278762.4834802,resting,fast,1787278739.9715214,-247.74185799366433,-185.87319326473505,1348.5728267137065,13.940489494853995,-18.58063934952473,2.967810444261231e-19
1787278762.4944117,resting,fast,1787278739.9715214,-247.09538489948727,-185.93808256855812,1350.2895522165736,13.94535619264089,-18.53215386746136,2.970547765595749e-19
1787278762.5056043,resting,fast,1787278739.9715214,-247.16353371787454,-186.73604436967105,1352.5395090932225,14.005203327724264,-18.53726502884031,2.9701570169104954e-19
1787278762.51668,resting,fast,1787278739.9715214,-247.5026650651239,-186.51038924201396,1352.008827846731,13.98827919315001,-18.56269987988408,2.969135335341353e-19
1787278762.527417,resting,fast,1787278739.9715214,-247.371379026687,-185.88539759510047,1349.3970408370615,13.94140481963149,-18.552853427001182,2.965672615194017e-19
1787278762.5389452,resting,fast,1787278739.9715214,-246.6915282412151,-185.849950994579,1342.384637453587,13.938746324592376,-18.501864618090806,2.9620732865303387e-19
1787278762.5498977,resting,fast,1787278739.9715214,-246.04506845134574,-186.22977772959723,1338.6816783626646,13.967233329718471,-18.453380133850928,2.9576193335173814e-19
1787278762.560727,resting,fast,1787278739.9715214,-246.42598769899314,-187.5462781686373,1340.5094518699798,14.065970862646584,-18.481949077424396,2.9619395566182597e-19
1787278762.57218,resting,fast,1787278739.9715214,-246.83210050480238,-187.38809864054895,1344.619720094951,14.054107398039736,-18.512407537859943,2.961303032447517e-19
1787278762.583336,resting,fast,1787278739.9715214,-246.70246770762833,-187.1064720628948,1348.724933400973,14.032985404715806,-18.502685078071742,2.9650656832192145e-19
1787278762.5942893,resting,fast,1787278739.9715214,-245.58181929447665,-186.07477867837463,1345.5420754936813,13.955608400876915,-18.41863644708564,2.959080754960708e-19
1787278762.6054463,resting,fast,1787278739.9715214,-247.00629568926297,-186.56083730700254,1351.4227604739963,13.992062798023927,-18.525472176694514,2.967180370600149e-19
1787278762.6166298,resting,fast,1787278739.9715214,-246.8634789751718,-186.015323438476,1349.8350464708992,13.951149257884598,-18.5147609231377,2.967008908528851e-19
1787278762.6277323,resting,fast,1787278739.9715214,-246.32816286457137,-184.69413642094753,1348.7730452448404,13.852060231570054,-18.474612214842615,2.966574939501605e-19
1787278762.638842,resting,fast,1787278739.9715214,-244.36004881343297,-183.0574899974839,1341.7777791590606,13.729311749810183,-18.327003661007495,2.963978115679031e-19
1787278762.6495852,resting,fast,1787278739.9715214,-246.0080537105664,-182.8922686652437,1344.8831870141194,13.716920149891838,-18.450604028292304,2.9625600240638054e-19
1787278762.6611135,resting,fast,1787278739.9715214,-246.60000200773402,-183.97389883166113,1347.8137719465967,13.798042412373594,-18.49500015057979,2.9633522638791346e-19
1787278762.6719606,resting,fast,1787278739.9715214,-247.30635588077575,-185.6547181233908,1350.4696865386786,13.92410385925314,-18.547976691057933,2.9627488650336525e-19
1787278762.6831777,resting,fast,1787278739.9715214,-245.51811772478095,-185.92142783280985,1347.6245516762365,13.944107087459674,-18.413858829358652,2.962264687686002e-19
1787278762.6938236,resting,fast,1787278739.9715214,-246.66647419168976,-186.624803488697,1349.335836605108,13.996860261651268,-18.49998556437653,2.9638273669299867e-19
1787278762.7053123,resting,fast,1787278739.9715214,-246.60228534914904,-185.897931476503,1348.3488727790946,13.942344860736643,-18.49517140118582,2.9630065709282376e-19
1787278762.7164567,resting,fast,1787278739.9715214,-246.73719564305384,-185.44011288321815,1347.9199022033708,13.908008466240137,-18.50528967322891,2.9631907577420285e-19
1787278762.727331,resting,fast,1787278739.9715214,-247.2407198355072,-186.1018380344891,1345.4953464002801,13.957637852585467,-18.543053987662738,2.960188859666107e-19
1787278762.7381074,resting,fast,1787278739.9715214,-247.2286917477145,-186.35581732465778,1347.8613962594218,13.976686299348248,-18.542151881078432,2.9613308422498324e-19
1787278762.7493935,resting,fast,1787278739.9715214,-247.0400052498694,-187.00710661502228,1345.0818156787072,14.025532996125452,-18.52800039374013,2.9605294679168606e-19
1787278762.760661,resting,fast,1787278739.9715214,-246.42993500260445,-186.7286503318461,1348.4799444359787,14.00464877488719,-18.482245125195085,2.9647893011363236e-19
1787278762.772,resting,fast,1787278739.9715214,-246.24955291531433,-186.6847014033441,1346.459597970258,14.001352605249597,-18.468716468648225,2.9637910168107655e-19
1787278762.7831368,resting,fast,1787278739.9715214,-247.08654398006774,-185.34137447399587,1350.827274394468,13.900603085548642,-18.531490798504713,2.9670441485475584e-19
1787278762.793984,resting,fast,1787278739.9715214,-247.15381579163886,-184.18156596036658,1350.7598761639192,13.813617447026335,-18.53653618437287,2.969105598683416e-19
1787278762.8053098,resting,fast,1787278739.9715214,-247.59583128949134,-184.2731744496176,1352.680266623186,13.820488083720267,-18.569687346711795,2.9698193331797823e-19
1787278762.816559,resting,fast,1787278739.9715214,-247.9860634251213,-186.1343485481906,1352.5566431168672,13.960076141113237,-18.59895475688377,2.967991686300904e-19
1787278762.8273075,resting,fast,1787278739.9715214,-249.16772681343036,-186.96255385368715,1353.1385601368193,14.022191539025261,-18.687579511006952,2.9674075890262395e-19
1787278762.8385947,resting,fast,1787278739.9715214,-250.63428976010573,-188.5468533988693,1354.999911249296,14.14101400491393,-18.797571732007576,2.968896774129227e-19
1787278762.8493595,resting,fast,1787278739.9715214,-249.50510164289472,-187.41510419951544,1353.4665642291848,14.056132814962414,-18.71288262321699,2.9680981684281695e-19
1787278762.8604124,resting,fast,1787278739.9715214,-247.69923592205987,-186.73726559477916,1348.9150901678777,14.005294919607056,-18.57744269415427,2.9660113258486723e-19
1787278762.8714802,resting,fast,1787278739.9715214,-246.39366290956468,-184.48945027924253,1345.4586647276037,13.836708770941971,-18.479524718217178,2.9614088521990833e-19
1787278762.8827615,resting,fast,1787278739.9715214,-246.62948890696543,-184.19903333188006,1344.8159228208706,13.814927499890093,-18.497211668022246,2.9633423482990257e-19
1787278762.8936841,resting,fast,1787278739.9715214,-247.25364320472772,-183.1491986610173,1345.8686182498413,13.736189899575084,-18.544023240354335,2.961748658939316e-19
1787278762.905107,resting,fast,1787278739.9715214,-246.36412658058225,-184.50471940030218,1344.4426716943499,13.837853955021433,-18.47730949354348,2.9618237813041052e-19
1787278762.9163365,resting,fast,1787278739.9715214,-247.2834348028341,-186.40655628456454,1344.7748406503388,13.980491721341327,-18.546257610212486,2.9637313383197754e-19
1787278762.9269547,resting,fast,1787278739.9715214,-246.96315979588917,-188.44562192466026,1346.4501701906656,14.133421644348392,-18.52223698469146,2.964712361415488e-19
1787278762.9385538,resting,fast,1787278739.9715214,-246.7593885928086,-188.84699027562522,1346.5139225225985,14.163524270670454,-18.506954144460238,2.968277935872836e-19
1787278762.9497588,resting,fast,1787278739.9715214,-246.69397499348315,-187.59699329528155,1349.010602411584,14.069774497144895,-18.5020481245109,2.9664172804427485e-19
1787278762.960514,resting,fast,1787278739.9715214,-245.65060256385777,-186.05680282640913,1345.7603690096157,13.954260211979463,-18.423795192289,2.9626614072822176e-19
1787278762.9718528,resting,fast,1787278739.9715214,-246.48250699075788,-184.447869307097,1349.7651041550753,13.833590198031064,-18.48618802430662,2.9627810617752863e-19
1787278762.9830823,resting,fast,1787278739.9715214,-246.19270357560754,-184.77237185377828,1347.6095466308498,13.857927889032243,-18.464452768170567,2.9620767333186094e-19
1787278762.9938664,resting,fast,1787278739.9715214,-248.59204084697603,-186.46282186740143,1353.576132380157,13.98471164005392,-18.644403063522923,2.971350961354315e-19
1787278763.005138,resting,fast,1787278739.9715214,-249.2982548557561,-187.35274929903164,1353.777697841083,14.051456197426223,-18.69736911418166,2.9722257123626273e-19
1787278763.0162992,resting,fast,1787278739.9715214,-249.16246960140825,-187.03106866084988,1352.1519525044305,14.027330149562577,-18.687185220105526,2.970833556574807e-19
1787278763.026986,resting,fast,1787278739.9715214,-248.38177514328663,-186.75939915711263,1349.8373715968783,14.006954936782368,-18.628633135746306,2.9668598604736828e-19
1787278763.0382588,resting,fast,1787278739.9715214,-247.61469352837275,-186.0359759617121,1346.4205280916512,13.952698197127365,-18.571102014627947,2.9630115598144696e-19
1787278763.0490558,resting,fast,1787278739.9715214,-246.9999664484917,-186.51404982496808,1348.7415217096868,13.988553736871115,-18.52499748363652,2.964823728122226e-19
1787278763.0601673,resting,fast,1787278739.9715214,-247.0583885908568,-187.78020608091617,1349.1132502850587,14.083515456067392,-18.529379144314042,2.967332522306878e-19
1787278763.0712743,resting,fast,1787278739.9715214,-247.7865383605763,-188.34036397875536,1351.8126978183436,14.12552729840532,-18.583990377043,2.9702029252005594e-19
1787278763.0829358,resting,fast,1787278739.9715214,-247.51838158557393,-186.38301007526468,1350.3738409678417,13.97872575564374,-18.563878618917748,2.968164970381588e-19
1787278763.093572,resting,fast,1787278739.9715214,-246.96044232808572,-183.7928889816818,1348.2530831554113,13.784466673624909,-18.522033174605994,2.9611657322944644e-19
1787278763.1046326,resting,fast,1787278739.9715214,-247.34786557691814,-185.15594022228186,1347.7820903383008,13.886695516670063,-18.551089918268822,2.96167023707151e-19
1787278763.1160533,resting,fast,1787278739.9715214,-248.45106046931278,-186.2933054734084,1349.47926036817,13.971997910504374,-18.633829535198238,2.9639028470726053e-19
1787278763.1267877,resting,fast,1787278739.9715214,-248.75580668679186,-185.66890354197915,1349.6118803788368,13.925167765647277,-18.65668550150921,2.965253659364108e-19
1787278763.1378913,resting,fast,1787278739.9715214,-248.17452296309284,-183.75478254739835,1349.2472949983376,13.781608691053538,-18.61308922223172,2.962595398971457e-19
1787278763.1495109,resting,fast,1787278739.9715214,-246.3296565940659,-183.77334718135614,1342.8304270294839,13.783001038600435,-18.474724244555013,2.955964130645594e-19
1787278763.1601214,resting,fast,1787278739.9715214,-246.12474944060568,-185.35562714695368,1344.9677850233047,13.90167203602039,-18.459356208045158,2.9599757770819646e-19
1787278763.1716356,resting,fast,1787278739.9715214,-246.12499792092922,-185.6355757045045,1344.917478850778,13.922668177836801,-18.459374844069558,2.9595297305391166e-19
1787278763.1828103,resting,fast,1787278739.9715214,-247.69477141619927,-186.22098552497243,1352.4202083228056,13.966573914371711,-18.57710785621471,2.965888548162602e-19
1787278763.1935396,resting,fast,1787278739.9715214,-248.70914698443949,-187.26759120967074,1352.901792610538,14.045069340723987,-18.65318602383293,2.9666784435026227e-19
1787278763.2050967,resting,fast,1787278739.9715214,-247.33758318803166,-186.27294222891499,1351.1889405844222,13.970470667167437,-18.550318739102103,2.967538892444344e-19
1787278763.216202,resting,fast,1787278739.9715214,-247.70618152221186,-185.61908605345945,1349.8448050249362,13.921431454008331,-18.577963614166045,2.9682600657148545e-19
1787278763.2270968,resting,fast,1787278739.9715214,-247.48843982783865,-184.74827740485227,1348.5192088927479,13.856120805362625,-18.561632987087457,2.9657932343181507e-19
1787278763.2383537,resting,fast,1787278739.9715214,-248.71555822622622,-186.76611608376595,1349.49777235099,14.007458706281259,-18.65366686696685,2.969784845798897e-19
1787278763.2492797,resting,fast,1787278739.9715214,-248.51856918532076,-188.0423758313824,1346.50134948482,14.103178187352416,-18.638892688898714,2.9682979528279067e-19
1787278763.2601101,resting,fast,1787278739.9715214,-247.36805524232523,-189.19703727578633,1346.751409250769,14.18977779568269,-18.552604143174158,2.971067688841592e-19
1787278763.2716665,resting,fast,1787278739.9715214,-247.1190992618699,-188.07848945968783,1344.3090566042365,14.105886709475488,-18.533932444639973,2.9679166685481037e-19
1787278763.2828662,resting,fast,1787278739.9715214,-247.54213757911157,-188.38436721669393,1347.3140077035687,14.128827541250704,-18.565660318433245,2.9695943549666857e-19
1787278763.2934253,resting,fast,1787278739.9715214,-249.07885605619094,-186.59466567251354,1349.6771616836186,13.994599925437416,-18.680914204214176,2.970047939594922e-19
1787278763.3049004,resting,fast,1787278739.9715214,-248.50985349062603,-185.7603000081266,1351.2726935183573,13.932022500608202,-18.638239011796813,2.9695873239474115e-19
1787278763.3160295,resting,fast,1787278739.9715214,-248.45437133791393,-185.26929232896703,1351.1903509698977,13.895196924671314,-18.63407785034338,2.9697181653579123e-19
1787278763.3267722,resting,fast,1787278739.9715214,-246.96461542056977,-185.6440960895908,1346.7047858819215,13.923307206718125,-18.522346156542696,2.967147677365262e-19
1787278763.3378315,resting,fast,1787278739.9715214,-247.88997540947776,-187.44735092452913,1351.0610107754283,14.058551319338495,-18.591748155710746,2.9686554937293805e-19
1787278763.3492293,resting,fast,1787278739.9715214,-247.85441162458255,-187.54766149178988,1350.6892512033237,14.06607461188307,-18.589080871843763,2.966666839706339e-19
1787278763.3601072,resting,fast,1787278739.9715214,-248.6948153651324,-188.26093210376905,1354.9621879047145,14.119569907781372,-18.65211115238474,2.969219949947717e-19
1787278763.3715558,resting,fast,1787278739.9715214,-248.27254317851794,-187.9350021373299,1350.8912386047332,14.095125160298767,-18.6204407383887,2.966963378468781e-19
1787278763.3827233,resting,fast,1787278739.9715214,-248.0903611960107,-187.27881328048454,1352.5739011820324,14.045910996035037,-18.606777089700635,2.9666998849914095e-19
1787278763.3935122,resting,fast,1787278739.9715214,-246.8889595148189,-185.41148973353563,1350.82770293663,13.905861730013886,-18.516671963611422,2.9629204602730013e-19
1787278763.4047983,resting,fast,1787278739.9715214,-247.96313487744874,-185.480702088793,1353.2032716615186,13.911052656658487,-18.59723511580846,2.965205286061076e-19
1787278763.4192333,resting,fast,1787278739.9715214,-247.87357101346106,-186.38785341470236,1353.4147065281677,13.979089006101677,-18.59051782600931,2.9659785902727488e-19
1787278763.42662,resting,fast,1787278739.9715214,-248.11911672106044,-187.1814510057519,1351.177705385432,14.038608825430149,-18.608933754079565,2.9662914031538536e-19
1787278763.4380283,resting,fast,1787278739.9715214,-247.09042689774333,-187.50635525945506,1348.3691161112174,14.06297664445805,-18.531782017330706,2.969263467412151e-19
1787278763.448932,resting,fast,1787278739.9715214,-247.17445984673805,-187.42382422946514,1346.9691487629652,14.056786817208778,-18.538084488505106,2.967862433699985e-19
1787278763.4599793,resting,fast,1787278739.9715214,-247.3223365744493,-188.32020594802486,1349.4873563161318,14.124015446100746,-18.549175243083617,2.967219511702832e-19
1787278763.4715476,resting,fast,1787278739.9715214,-248.2171142960574,-188.40000181709127,1354.3006853689667,14.130000136280746,-18.616283572204175,2.965476487908949e-19
1787278763.4852777,resting,fast,1787278739.9715214,-247.44241989196098,-186.49501325742415,1353.4445244548488,13.987125994305703,-18.558181491897003,2.9667969999729135e-19
1787278763.4933994,resting,fast,1787278739.9715214,-247.87636609074298,-185.5752168852258,1353.7580825134492,13.918141266390993,-18.590727456805475,2.9676583255526844e-19
1787278763.5042758,resting,fast,1787278739.9715214,-246.74220056388504,-184.26092703753068,1350.6815342199488,13.819569527813531,-18.505665042291362,2.9670441714177127e-19
1787278763.5171459,resting,fast,1787278739.9715214,-247.16815624902438,-185.6415107498609,1349.338330579415,13.923113306238523,-18.53761171867678,2.9644221543076274e-19
1787278763.5264003,resting,fast,1787278739.9715214,-246.30822114838293,-186.1406074538546,1344.8542825178183,13.960545559037772,-18.473116586128505,2.963863760726266e-19
1787278763.5382352,resting,fast,1787278739.9715214,-244.82881817016778,-184.60318700974597,1340.2470829201202,13.845239025729857,-18.3621613627623,2.9615517453282234e-19
1787278763.5520158,resting,fast,1787278739.9715214,-244.6571490098063,-183.39933821457896,1342.5244305623282,13.754950366092164,-18.34928617573504,2.9641369855299417e-19
1787278763.5599718,resting,fast,1787278739.9715214,-245.28358928574153,-184.3583510972295,1343.1461151410595,13.826876332290968,-18.396269196430474,2.9626735241432705e-19
1787278763.5714304,resting,fast,1787278739.9715214,-246.10435159138297,-185.57334842135344,1344.3836333921963,13.918001131600366,-18.45782636935342,2.9651780008693025e-19
1787278763.5857232,resting,fast,1787278739.9715214,-245.66359134265394,-186.1017221644919,1339.756711734527,13.957629162335724,-18.424769350698874,2.9602043824012057e-19
1787278763.5931833,resting,fast,1787278739.9715214,-246.40474313387176,-186.0676305614826,1342.5791231604462,13.955072292110192,-18.48035573504042,2.962998909142297e-19
1787278763.6046755,resting,fast,1787278739.9715214,-247.42874546688245,-187.8961521893449,1343.2589012882318,14.09221141419967,-18.557155910016,2.9596888969414384e-19
1787278763.6158855,resting,fast,1787278739.9715214,-247.41849716222305,-187.6377349153737,1348.625653147944,14.07283011865194,-18.55638728716655,2.9664316642333165e-19
1787278763.6265314,resting,fast,1787278739.9715214,-246.9398627487667,-187.5161763211937,1346.2183737258647,14.063713224088477,-18.520489706157335,2.9606732032172283e-19
1787278763.6380928,resting,fast,1787278739.9715214,-246.3638642755327,-186.1670591893013,1346.8785113859167,13.962529439196405,-18.4772898206648,2.964614259419659e-19
1787278763.6491785,resting,fast,1787278739.9715214,-247.2739982190501,-186.70071808690489,1346.5665509399578,14.002553856516801,-18.545549866428367,2.962828781746357e-19
1787278763.659831,resting,fast,1787278739.9715214,-248.0171751333769,-187.21968783285968,1351.1854173752808,14.041476587463553,-18.601288135003095,2.9734836466902985e-19
1787278763.671328,resting,fast,1787278739.9715214,-250.24990146400023,-189.33349816323755,1353.1714080078918,14.200012362241583,-18.76874260979988,2.9743844005644307e-19
1787278763.6861446,resting,fast,1787278739.9715214,-250.0968457417007,-190.5674025439779,1353.052579897404,14.292555190797177,-18.757263430627347,2.9777327489930385e-19
1787278763.6934042,resting,fast,1787278739.9715214,-248.75158256420173,-189.2890029486117,1349.1724220913866,14.19667522114452,-18.656368692315084,2.9732557230869793e-19
1787278763.7046201,resting,fast,1787278739.9715214,-246.98695264500975,-187.17119938582948,1345.5531943819924,14.037839953935833,-18.52402144837542,2.9680202325931305e-19
1787278763.7189856,resting,fast,1787278739.9715214,-246.97879964819595,-186.12619972226605,1346.159545032836,13.959464979168988,-18.52340997361447,2.965327949671862e-19
1787278763.7264674,resting,fast,1787278739.9715214,-247.56250004652566,-187.50195071673704,1350.284613677387,14.062646303754239,-18.5671875034891,2.96873316363588e-19
1787278763.7378726,resting,fast,1787278739.9715214,-247.97509278857478,-189.7753046401184,1355.7228132906757,14.233147848007693,-18.598131959143032,2.976589901085416e-19
1787278763.75169,resting,fast,1787278739.9715214,-247.66098863103662,-188.69904869175718,1355.5165568423608,14.15242865188063,-18.57457414732751,2.975031454738754e-19
1787278763.7597766,resting,fast,1787278739.9715214,-247.42888549677946,-187.75178181902004,1348.586201672285,14.081383636425347,-18.557166412258212,2.9673953662467126e-19
1787278763.7709746,resting,fast,1787278739.9715214,-247.79864829277858,-187.70220243775054,1346.3854255043452,14.077665182830305,-18.584898621958345,2.9663268114323225e-19
1787278763.784383,resting,fast,1787278739.9715214,-247.80247395129072,-188.54949985190763,1344.1373269758215,14.14121248889187,-18.58518554634665,2.962350706511115e-19
1787278763.7932327,resting,fast,1787278739.9715214,-248.3699679201086,-188.77469362881618,1345.7526841867157,14.158102022159941,-18.627747594008113,2.9627100363423926e-19
1787278763.8044553,resting,fast,1787278739.9715214,-247.81812978841526,-187.01949043414254,1344.7124838468653,14.02646178255944,-18.586359734130866,2.9577968031656673e-19
1787278763.8173754,resting,fast,1787278739.9715214,-247.91675503801298,-186.71087439209202,1346.7561483497857,14.00331557940574,-18.593756627850873,2.964140858160486e-19
1787278763.8265004,resting,fast,1787278739.9715214,-247.47076628752302,-183.8595890858188,1349.480048211547,13.789469181435283,-18.560307471564258,2.969763071770782e-19
1787278763.8380322,resting,fast,1787278739.9715214,-247.587808788428,-183.78644826815696,1352.2671768079135,13.78398362011075,-18.56908565913203,2.97243822314891e-19
1787278763.8510563,resting,fast,1787278739.9715214,-246.73363001151074,-183.6321709771513,1350.5285618150983,13.772412823285126,-18.505022250863405,2.9700537486786937e-19
1787278763.8595862,resting,fast,1787278739.9715214,-245.18876137828784,-185.74880993556474,1345.5642324644514,13.931160745166057,-18.389157103371268,2.9660732975679396e-19
1787278763.8706756,resting,fast,1787278739.9715214,-244.1541489145543,-185.0273606065415,1340.2852058040453,13.877052045489425,-18.31156116859143,2.9608749649221255e-19
1787278763.882029,resting,fast,1787278739.9715214,-244.71039404104567,-187.06848902853756,1344.102202130619,14.030136677139257,-18.353279553078337,2.96445112334154e-19
1787278763.8931139,resting,fast,1787278739.9715214,-245.14611300467595,-185.89469512362746,1347.3917089037413,13.942102134270943,-18.385958475350527,2.966586080356336e-19
1787278763.9043632,resting,fast,1787278739.9715214,-244.96382098671847,-186.2536210461477,1350.1427335897797,13.969021578459905,-18.37228657400356,2.9712844109893023e-19
1787278763.916659,resting,fast,1787278739.9715214,-246.06693763050725,-185.3318302000945,1348.480701939815,13.89988726500582,-18.455020322288163,2.969413196255064e-19
1787278763.926418,resting,fast,1787278739.9715214,-246.20625623534352,-186.55460967129545,1345.8007288076524,13.991595725345864,-18.4654692176507,2.968537867420113e-19
1787278763.9378903,resting,fast,1787278739.9715214,-246.5557089862773,-185.46034106967988,1345.5320026114505,13.909525580224699,-18.491678173970683,2.967548913034678e-19
1787278763.9493694,resting,fast,1787278739.9715214,-245.4317675352827,-185.68710936467812,1341.307243627537,13.926533202349734,-18.407382565146136,2.9647871351197386e-19
1787278763.9598193,resting,fast,1787278739.9715214,-245.96688556893469,-185.04655127208082,1344.7348644995354,13.878491345405042,-18.447516417670002,2.965986626598049e-19
1787278763.970875,resting,fast,1787278739.9715214,-246.93992201918127,-187.10668065088396,1347.030719069614,14.033001048815155,-18.520494151438292,2.9655062489543747e-19
1787278763.9830213,resting,fast,1787278739.9715214,-248.37306177611072,-187.98167958905708,1354.998252619279,14.098625969177963,-18.627979633208064,2.9708355579885635e-19
1787278763.9930665,resting,fast,1787278739.9715214,-248.94684418752922,-188.4305035196718,1356.0854032150937,14.132287763974194,-18.671013314064446,2.9719997069162494e-19
1787278764.004378,resting,fast,1787278739.9715214,-247.5575256638508,-188.3883216066762,1352.66717644837,14.129124120499743,-18.56681442478883,2.9717074155794346e-19
1787278764.0171432,resting,fast,1787278739.9715214,-246.69601641872896,-187.55209383818658,1346.1517308175798,14.066407037862877,-18.502201231404435,2.9652352266956537e-19
1787278764.0264518,resting,fast,1787278739.9715214,-247.15441744360533,-187.75485155516196,1346.4664853403765,14.081613866635895,-18.536581308270094,2.96193138053866e-19
1787278764.0376823,resting,fast,1787278739.9715214,-248.66011748630308,-186.53805262918706,1352.9125848882168,13.990353947187902,-18.649508811472522,2.9637506814639515e-19
1787278764.0505936,resting,fast,1787278739.9715214,-247.9756278753016,-185.80169524397854,1354.195446557559,13.935127143297368,-18.598172090647516,2.964506271099635e-19
1787278764.0593643,resting,fast,1787278739.9715214,-247.70297700206493,-183.81899007108007,1354.3364521077647,13.786424255329568,-18.577723275154696,2.9679113787327275e-19
1787278764.0709805,resting,fast,1787278739.9715214,-246.1554448347556,-185.16710093073482,1344.7710641208223,13.887532569804069,-18.461658362606713,2.9677150851579033e-19
1787278764.08257,resting,fast,1787278739.9715214,-249.4078490470888,-188.66982373290637,1348.3985677626688,14.150236779966978,-18.705588678531413,2.976700216397679e-19
1787278764.0929904,resting,fast,1787278739.9715214,-248.96583421970217,-191.8943486247905,1347.0504791387402,14.392076146858148,-18.67243756647749,2.975913377114587e-19
1787278764.104206,resting,fast,1787278739.9715214,-251.42773761490798,-191.93610175704396,1356.2816501174448,14.395207631777058,-18.85708032111802,2.9785448165632293e-19
1787278764.1161377,resting,fast,1787278739.9715214,-248.8015702883581,-189.39388698230198,1351.43767378949,14.204541523671342,-18.660117771626588,2.9708568396516484e-19
1787278764.1262815,resting,fast,1787278739.9715214,-248.57871487170132,-188.72134899147693,1351.5151839815599,14.154101174359486,-18.643403615377558,2.9692710955655016e-19
1787278764.1376886,resting,fast,1787278739.9715214,-246.74072018582183,-187.9219961099128,1345.1493954522311,14.094149708242401,-18.50555401393641,2.965377316151159e-19
1787278764.1494763,resting,fast,1787278739.9715214,-246.99893430813745,-186.44680037757996,1347.9736479758822,13.983510028317145,-18.524920073110067,2.965871860498957e-19
1787278764.1595685,resting,fast,1787278739.9715214,-247.1039365245956,-186.02764330027628,1348.447980170221,13.952073247519412,-18.532795239344587,2.967685396308816e-19
1787278764.170809,resting,fast,1787278739.9715214,-248.13180577359662,-187.34981372151003,1348.5427111929594,14.051236029112193,-18.6098854330195,2.9657614340902653e-19
1787278764.1817675,resting,fast,1787278739.9715214,-248.56859284419943,-189.66943902643868,1350.1511593703244,14.225207926981927,-18.642644463314937,2.9721811688073104e-19
1787278764.1926336,resting,fast,1787278739.9715214,-247.99686817387692,-189.5110299579327,1346.6335899049818,14.21332724684375,-18.59976511304057,2.967267012682304e-19
1787278764.204066,resting,fast,1787278739.9715214,-246.26354807644157,-188.84030697653168,1343.612909087481,14.16302302323874,-18.469766105732887,2.9643766959595147e-19
1787278764.2153218,resting,fast,1787278739.9715214,-245.59500171517766,-187.54022119075296,1343.3042439849241,14.065516589305364,-18.41962512863828,2.9604842184223033e-19
1787278764.2260811,resting,fast,1787278739.9715214,-245.23485780139663,-188.405917643203,1344.408207372323,14.130443823239222,-18.392614335104597,2.960907172267034e-19
1787278764.237348,resting,fast,1787278739.9715214,-245.59090964127563,-187.89285503996177,1349.131106901369,14.091964127995812,-18.41931822309543,2.9649678679151482e-19
1787278764.2488225,resting,fast,1787278739.9715214,-246.21362114042086,-187.80235905170946,1350.473597142619,14.085176928877122,-18.4660215855314,2.9654728780578946e-19
1787278764.2594163,resting,fast,1787278739.9715214,-246.4916777685944,-186.39561763169797,1352.8581646707871,13.979671322376294,-18.48687583264445,2.9699073314175985e-19
1787278764.2707715,resting,fast,1787278739.9715214,-245.58159421669598,-185.87645438018092,1347.3070911290679,13.940734078512424,-18.418619566252197,2.96611772037653e-19
1787278764.2814112,resting,fast,1787278739.9715214,-245.6199471697132,-185.72525179319734,1344.1259273617188,13.92939388448875,-18.421496037728467,2.9683463378357414e-19
1787278764.2925296,resting,fast,1787278739.9715214,-245.2969920130895,-185.6244453647504,1339.3269116848523,13.921833402355066,-18.3972744009816,2.96259508830702e-19
1787278764.30365,resting,fast,1787278739.9715214,-247.9856739233678,-186.6617770039437,1348.967383124008,13.999633275294418,-18.59892554425234,2.9704482725063506e-19
1787278764.3152103,resting,fast,1787278739.9715214,-247.70142162862476,-187.22095043883098,1349.1628758295165,14.041571282911153,-18.577606622146604,2.9647444443302037e-19
1787278764.3261046,resting,fast,1787278739.9715214,-248.63799652306488,-186.58869315082154,1351.1711934481382,13.994151986310388,-18.64784973922948,2.970796792313327e-19
1787278764.3374023,resting,fast,1787278739.9715214,-247.1803051025122,-186.68736715150533,1342.8391258633483,14.001552536361718,-18.538522882688206,2.9659804337965227e-19
1787278764.348365,resting,fast,1787278739.9715214,-246.88386916780883,-185.3168429222934,1341.7674840365862,13.898763219170807,-18.51629018758542,2.9662311054713424e-19
1787278764.359507,resting,fast,1787278739.9715214,-245.90855944585064,-186.993595993967,1342.9748020418401,14.024519699546392,-18.443141958438694,2.963613127713209e-19
1787278764.370667,resting,fast,1787278739.9715214,-246.12267028609904,-186.6128657187786,1346.891315732776,13.995964928907302,-18.45920027145734,2.9655255117042934e-19
1787278764.3815017,resting,fast,1787278739.9715214,-246.04085123175673,-186.88807115375528,1350.3070483762558,14.01660533653045,-18.453063842381567,2.9676547172313075e-19
1787278764.3926404,resting,fast,1787278739.9715214,-246.9716679944181,-187.31967494454318,1343.8854297782718,14.048975620839844,-18.52287509958115,2.965311225139354e-19
1787278764.4038906,resting,fast,1787278739.9715214,-247.5716942573422,-186.87754164926662,1344.8830646480064,14.015815623694028,-18.567877069300422,2.967441620189858e-19
1787278764.4149573,resting,fast,1787278739.9715214,-248.15439563138034,-187.301312623208,1343.5669139050124,14.047598446739475,-18.611579672353443,2.9659698268225436e-19
1787278764.42609,resting,fast,1787278739.9715214,-247.69542539765052,-186.25280615378654,1346.4431173761377,13.968960461532962,-18.57715690482381,2.96931033436652e-19
1787278764.4372785,resting,fast,1787278739.9715214,-247.5810592212224,-187.70445336118007,1344.7949484988467,14.077834002087517,-18.568579441591474,2.967465297506793e-19
1787278764.4483876,resting,fast,1787278739.9715214,-247.45034423326206,-188.0832165046969,1342.5044652640036,14.106241237851112,-18.558775817494457,2.9650197433329467e-19
1787278764.459511,resting,fast,1787278739.9715214,-246.93453232896036,-188.33839201113926,1342.3370192608263,14.125379400834223,-18.520089924671687,2.960420489306851e-19
1787278764.4705925,resting,fast,1787278739.9715214,-246.1062922657652,-186.0011623846234,1341.945689806701,13.950087178845667,-18.45797191993219,2.9597522146642685e-19
1787278764.4816234,resting,fast,1787278739.9715214,-246.8773251657817,-187.8262422824722,1342.4919317244485,14.086968171184271,-18.51579938743346,2.9643259379103602e-19
1787278764.4926631,resting,fast,1787278739.9715214,-248.22138820004466,-187.17872852040807,1345.3703275114103,14.03840463902964,-18.616604115003,2.9655292103359844e-19
1787278764.50378,resting,fast,1787278739.9715214,-249.07160446123044,-189.39129364524058,1348.121702207346,14.204347023392092,-18.68037033459222,2.9672825517827654e-19
1787278764.5147865,resting,fast,1787278739.9715214,-248.0598522694395,-186.98429286656858,1348.5233410678948,14.023821964991615,-18.604488920207764,2.9653569362026595e-19
1787278764.5260155,resting,fast,1787278739.9715214,-247.4810782908039,-187.05214416832143,1345.1198684252204,14.028910812623156,-18.561080871810155,2.9634631127972687e-19
1787278764.5371182,resting,fast,1787278739.9715214,-247.11986213951923,-185.97949611428464,1343.5281686804565,13.948462208570351,-18.533989660463618,2.9630911666155004e-19
1787278764.5481696,resting,fast,1787278739.9715214,-247.77689903206146,-186.75390323667045,1344.145553174737,14.006542742749193,-18.583267427404465,2.9639597831422474e-19
1787278764.559292,resting,fast,1787278739.9715214,-249.37136146642342,-187.79209233209883,1349.8221793204893,14.084406924906165,-18.70285210998172,2.973102023185515e-19
1787278764.570425,resting,fast,1787278739.9715214,-249.91490046201534,-187.59611100093355,1348.4669705497754,14.06970832506899,-18.743617534650923,2.971676468292246e-19
1787278764.581423,resting,fast,1787278739.9715214,-249.23636334819503,-186.84758436752975,1348.470048446813,14.013568827563407,-18.69272725111422,2.971818485635468e-19
1787278764.592417,resting,fast,1787278739.9715214,-248.6214645365285,-185.92890738521726,1345.2711261366649,13.944668053889988,-18.6466098402395,2.9665394628390415e-19
1787278764.6035838,resting,fast,1787278739.9715214,-246.77643788022624,-185.22500682564635,1344.0940027415845,13.89187551192214,-18.508232841016557,2.966317196468034e-19
1787278764.6144164,resting,fast,1787278739.9715214,-247.666599621954,-186.33410302671075,1344.7465249229926,13.975057727002142,-18.5749949716461,2.9708398312723326e-19
1787278764.6258757,resting,fast,1787278739.9715214,-246.57264715767587,-186.92375043318305,1345.1627867539783,14.019281282487643,-18.49294853682541,2.9703463383201475e-19
1787278764.637065,resting,fast,1787278739.9715214,-247.85977152798523,-188.63521032883807,1348.5000503506772,14.14764077466167,-18.589482864598615,2.9721357794671376e-19
1787278764.6479692,resting,fast,1787278739.9715214,-248.2266241010816,-187.00595380442803,1350.2566123687347,14.025446535331088,-18.61699680758106,2.9720627509632075e-19
1787278764.6591635,resting,fast,1787278739.9715214,-248.59872127174685,-186.97509278007044,1354.047267554627,14.023131958504226,-18.644904095380753,2.974821800431069e-19
1787278764.670392,resting,fast,1787278739.9715214,-248.84791966123294,-186.60464231756384,1350.9971542879293,13.995348173816215,-18.663593974592423,2.9718193575418717e-19
1787278764.6809473,resting,fast,1787278739.9715214,-248.07566057415488,-187.55261985314576,1347.8083703803177,14.066446488984997,-18.605674543061426,2.968128369103374e-19
1787278764.692135,resting,fast,1787278739.9715214,-247.35690978226603,-186.73994011056686,1343.5269603670486,14.00549550829125,-18.551768233669797,2.9634658807919754e-19
1787278764.7033494,resting,fast,1787278739.9715214,-247.96907562899605,-185.84655061402475,1348.7061639277626,13.938491296050604,-18.597680672174214,2.967844612536003e-19
1787278764.7144995,resting,fast,1787278739.9715214,-247.3739696944599,-186.06794982164445,1349.696223835971,13.955096236622342,-18.55304772708429,2.968353790971048e-19
1787278764.725808,resting,fast,1787278739.9715214,-248.3470350334369,-185.51132787293352,1354.5088621067034,13.913349590468858,-18.626027627507405,2.973511945840621e-19
1787278764.7369595,resting,fast,1787278739.9715214,-246.9823769831496,-185.97832700455513,1350.5846706259172,13.948374525340544,-18.523678273736103,2.9714335200450003e-19
1787278764.747626,resting,fast,1787278739.9715214,-246.98848350864182,-186.78389610882584,1346.4015828083548,14.008792208160433,-18.524136263148065,2.9701587614313167e-19
1787278764.758992,resting,fast,1787278739.9715214,-246.9259889147811,-186.09963878527412,1347.6572509977732,13.95747290889435,-18.519449168608475,2.9699789713207887e-19
1787278764.7702196,resting,fast,1787278739.9715214,-247.8431179221102,-185.9083478448623,1348.5997759261436,13.94312608836383,-18.58823384415816,2.9718097341944974e-19
1787278764.7807293,resting,fast,1787278739.9715214,-248.02445697686971,-185.32461864784761,1351.945959755144,13.89934639858743,-18.60183427326499,2.97141408962879e-19
1787278764.7921221,resting,fast,1787278739.9715214,-248.88221977939202,-187.49204166825768,1349.8688408809348,14.061903125118395,-18.66616648345412,2.9710813393366026e-19
1787278764.8034675,resting,fast,1787278739.9715214,-248.37510658350175,-186.9514814939397,1351.5307678803883,14.021361112044222,-18.628132993762378,2.969443099803823e-19
1787278764.8145785,resting,fast,1787278739.9715214,-249.4225854523661,-188.16387995091384,1351.6454000696913,14.112290996317274,-18.706693908927356,2.973825388993338e-19
1787278764.825638,resting,fast,1787278739.9715214,-247.69436944250765,-186.64203449424883,1350.275334496896,13.998152587067697,-18.57707770818795,2.9738346566657555e-19
1787278764.8369007,resting,fast,1787278739.9715214,-246.95633048505397,-186.1614965504881,1349.4367947152978,13.9621122412854,-18.521724786378805,2.975209273067373e-19
1787278764.8476,resting,fast,1787278739.9715214,-245.93566537595188,-184.62528586710926,1350.2794160673302,13.846896440032243,-18.44517490319633,2.973751661195038e-19
1787278764.85908,resting,fast,1787278739.9715214,-247.35917097915672,-185.71437679248186,1352.936965222675,13.928578259434975,-18.551937823436603,2.976994390753515e-19
1787278764.8701158,resting,fast,1787278739.9715214,-248.1223079918268,-185.8726232820319,1351.8191612172295,13.940446746151256,-18.60917309938685,2.975717349282633e-19
1787278764.8809483,resting,fast,1787278739.9715214,-247.61278185286892,-184.94599426277284,1346.2036748530472,13.870949569706642,-18.570958638965116,2.968761455704699e-19
1787278764.8923655,resting,fast,1787278739.9715214,-247.42896792675538,-185.3701357422343,1343.118754706852,13.902760180666508,-18.557172594506525,2.965940219570035e-19
1787278764.9034586,resting,fast,1787278739.9715214,-247.58724580129774,-187.01859704897277,1343.0484241098266,14.026394778671847,-18.569043435097015,2.96627218565779e-19
1787278764.914035,resting,fast,1787278739.9715214,-248.15939595211285,-188.56499925032347,1347.3409503810044,14.142374943773223,-18.611954696408333,2.972773573069733e-19
1787278764.9257166,resting,fast,1787278739.9715214,-247.6725603815098,-187.20914421412283,1352.6480140583544,14.040685816058076,-18.57544202861302,2.9736328898600214e-19
1787278764.9367726,resting,fast,1787278739.9715214,-248.81883508315377,-186.19463965836133,1355.592320274477,13.964597974376051,-18.661412631236445,2.976881877902868e-19
1787278764.9476302,resting,fast,1787278739.9715214,-249.13123328803567,-186.13370803046416,1356.3171989432258,13.960028102283491,-18.684842496602506,2.979060645921974e-19
1787278764.9588118,resting,fast,1787278739.9715214,-248.91591159945756,-186.65921939345446,1352.3254481893846,13.99944145450785,-18.66869336995928,2.9782455048419156e-19
1787278764.9700632,resting,fast,1787278739.9715214,-246.29836990354897,-186.32007124578206,1348.3805360717934,13.974005343432655,-18.472377742766113,2.974026623071594e-19
1787278764.9810936,resting,fast,1787278739.9715214,-245.18400134533158,-185.8998626484564,1347.236714244923,13.9424896986332,-18.388800100899616,2.97299323514626e-19
1787278764.991956,resting,fast,1787278739.9715214,-245.47917601548988,-184.379214637706,1346.8292029257582,13.828441097826786,-18.410938201161635,2.9692123631041866e-19
1787278765.0033634,resting,fast,1787278739.9715214,-245.4578775265477,-184.3860675656739,1342.5512151070134,13.828955067424221,-18.409340814490925,2.9661856421282494e-19
1787278765.0140402,resting,fast,1787278739.9715214,-246.0505036417294,-183.67879716808227,1340.7019177296033,13.775909787605048,-18.453787773129484,2.961043137678187e-19
1787278765.025544,resting,fast,1787278739.9715214,-245.76295684249408,-184.07756246956103,1338.5676977544963,13.805817185215819,-18.43222176318666,2.961006468422307e-19
1787278765.0368533,resting,fast,1787278739.9715214,-247.1010892393001,-184.47472638382362,1344.56568135422,13.83560447878563,-18.53258169294711,2.968240717108506e-19
1787278765.0474665,resting,fast,1787278739.9715214,-247.97409481778914,-185.32759722092385,1352.74091734999,13.899569791568187,-18.598057111334022,2.976087581383733e-19
1787278765.0587952,resting,fast,1787278739.9715214,-247.88703670675613,-186.20073146648758,1355.8635786641962,13.96505485998522,-18.591527753006503,2.97809906233788e-19
1787278765.0699036,resting,fast,1787278739.9715214,-247.03415141526102,-185.50581554838675,1356.159216538591,13.912936166127896,-18.527561356144517,2.975150609696006e-19
1787278765.0805638,resting,fast,1787278739.9715214,-246.6076157938346,-186.62714406566,1351.7355767153213,13.99703580492353,-18.495571184537475,2.9714500306620193e-19
1787278765.0920537,resting,fast,1787278739.9715214,-246.74638305517556,-186.55454746908856,1349.7570631097815,13.991591060180628,-18.505978729137823,2.969622620700117e-19
1787278765.1031814,resting,fast,1787278739.9715214,-247.07437036554666,-187.03188349173945,1350.0461021846086,14.027391261879348,-18.53057777741585,2.9695060415017985e-19
1787278765.1140783,resting,fast,1787278739.9715214,-246.38517645301863,-185.3101742095397,1348.4682354819606,13.898263065714435,-18.478888233976072,2.966259650002722e-19
1787278765.1254666,resting,fast,1787278739.9715214,-246.25829732024476,-186.14493051264697,1348.922468139498,13.960869788447457,-18.469372299018147,2.9663935394924083e-19
1787278765.1365511,resting,fast,1787278739.9715214,-248.2196117084227,-187.08914986109028,1351.0216631849844,14.031686239580683,-18.616470878131693,2.9688249400543116e-19
1787278765.147361,resting,fast,1787278739.9715214,-247.75940040036994,-187.52034180179533,1347.0654134292608,14.064025635133564,-18.581955030027707,2.965857831772071e-19
1787278765.158627,resting,fast,1787278739.9715214,-247.22236487258715,-186.32408710210927,1347.5896598488698,13.9743065326568,-18.54167736544384,2.9703974316423145e-19
1787278765.169779,resting,fast,1787278739.9715214,-245.3068217288269,-185.39729502369767,1343.3434047095661,13.904797126776021,-18.398011629661795,2.963660398225184e-19
1787278765.180818,resting,fast,1787278739.9715214,-246.25986227658223,-184.30626654322293,1347.2733571884119,13.822969990740564,-18.46948967074337,2.9674909864077197e-19
1787278765.1915638,resting,fast,1787278739.9715214,-248.27543697897408,-185.0819385591409,1350.02273544939,13.881145391934528,-18.620657773422764,2.9657894620940226e-19
1787278765.203246,resting,fast,1787278739.9715214,-250.49227431366262,-186.42512566119615,1355.961600290163,13.981884424588575,-18.786920573524746,2.972246689564873e-19
1787278765.214124,resting,fast,1787278739.9715214,-250.68260860825512,-187.82215632493865,1354.294839494417,14.086661724368941,-18.801195645618947,2.9761248694768303e-19
1787278765.225282,resting,fast,1787278739.9715214,-249.25828967869757,-188.1318369269144,1349.6637083222804,14.109887769517446,-18.694371725901952,2.972584592768403e-19
1787278765.2364259,resting,fast,1787278739.9715214,-247.04888666746365,-187.1726480563235,1344.0950246675047,14.037948604222894,-18.52866650005941,2.967623767369272e-19
1787278765.2470953,resting,fast,1787278739.9715214,-246.69206648230966,-186.72935779786974,1345.7919322436874,14.004701834839143,-18.501904986173074,2.9643928120962977e-19
1787278765.2585237,resting,fast,1787278739.9715214,-246.60019494646394,-184.8414133000996,1348.2389070030667,13.863105997506214,-18.495014620984392,2.9620634331649777e-19
1787278765.269747,resting,fast,1787278739.9715214,-247.44698946626386,-184.97402161903267,1350.2430240069798,13.873051621426217,-18.55852420996959,2.965731968612199e-19
1787278765.280875,resting,fast,1787278739.9715214,-247.1196170830376,-185.14645109165906,1349.5724674664716,13.885983831873379,-18.53397128122755,2.9657583787724643e-19
1787278765.2917523,resting,fast,1787278739.9715214,-246.98353356881626,-186.88659419426392,1346.4740812906502,14.016494564568436,-18.523765017661106,2.973405349627302e-19
1787278765.302964,resting,fast,1787278739.9715214,-245.63915832460816,-187.05871614935324,1343.4130825751809,14.02940371120022,-18.422936874345453,2.969466708200802e-19
1787278765.3140106,resting,fast,1787278739.9715214,-246.29922851486162,-185.80897261515236,1348.3632279410149,13.935672946135245,-18.47244213861466,2.9742401354624405e-19
1787278765.3250897,resting,fast,1787278739.9715214,-245.9420002737711,-185.7339023813821,1345.415574179483,13.93004267860275,-18.44565002053261,2.9693169651054796e-19
1787278765.3363547,resting,fast,1787278739.9715214,-247.42939755239377,-185.56769859363146,1348.6910949529547,13.917577394521107,-18.557204816429568,2.976916902855057e-19
1787278765.347538,resting,fast,1787278739.9715214,-246.6502119345928,-186.0566076562851,1342.4050082712247,13.954245574220241,-18.498765895094273,2.968831936994835e-19
1787278765.358278,resting,fast,1787278739.9715214,-245.995197775635,-186.20434337802988,1342.9699301280134,13.965325753351141,-18.44963983317261,2.972423350615364e-19
1787278765.369629,resting,fast,1787278739.9715214,-246.28021545052206,-186.70479050330084,1342.1736668424537,14.002859287746237,-18.47101615878897,2.9712035043824007e-19
1787278765.3804295,resting,fast,1787278739.9715214,-245.90427137135293,-186.88174067878379,1343.7567178798645,14.016130550907395,-18.442820352851342,2.975329468287497e-19
1787278765.3916304,resting,fast,1787278739.9715214,-246.56806359732172,-185.97186334890546,1344.13297824882,13.94788975116666,-18.49260476979891,2.968184841173057e-19
1787278765.4027417,resting,fast,1787278739.9715214,-246.51919046677858,-185.42124682194128,1345.7250563071839,13.906593511644335,-18.488939285008236,2.963613042715311e-19
1787278765.414015,resting,fast,1787278739.9715214,-247.81981300998586,-184.97799147902253,1347.5665846576348,13.873349360925491,-18.586485975748765,2.9650357293702153e-19
1787278765.4250112,resting,fast,1787278739.9715214,-248.29523546033988,-186.30666680098363,1347.7048186044512,13.973000010072614,-18.622142659525373,2.968679462882372e-19
1787278765.43625,resting,fast,1787278739.9715214,-247.25415872591157,-186.23994666046394,1346.4968664679081,13.967995999533475,-18.544061904443254,2.9702285131288924e-19
1787278765.4474049,resting,fast,1787278739.9715214,-245.92779106233002,-186.76723411443947,1344.1165691385204,14.007542558581779,-18.44458432967477,2.9673048589915375e-19
1787278765.458238,resting,fast,1787278739.9715214,-244.81266529508002,-186.3968964926852,1342.7111310961564,13.979767236950426,-18.360949897130794,2.9641460288916965e-19
1787278765.469426,resting,fast,1787278739.9715214,-245.21511864065678,-186.7983322983947,1343.1454306239748,14.009874922378291,-18.391133898049205,2.9667697911981556e-19
1787278765.480614,resting,fast,1787278739.9715214,-246.53260334865035,-186.89367683987132,1343.9247966205685,14.01702576298921,-18.489945251148626,2.969166284543804e-19
1787278765.4916494,resting,fast,1787278739.9715214,-248.17892762365727,-187.52808094130785,1351.3397779154993,14.064606070596955,-18.613419571774052,2.9773098406751077e-19
1787278765.502825,resting,fast,1787278739.9715214,-248.5597648477792,-187.32759338436233,1352.04503347859,14.049569503825982,-18.641982363583317,2.974770365839528e-19
1787278765.5136127,resting,fast,1787278739.9715214,-247.71670636589306,-186.40137604403014,1351.9527336811034,13.980103203301102,-18.578752977441873,2.969064220215327e-19
1787278765.52503,resting,fast,1787278739.9715214,-247.3226170692792,-186.10083952981256,1346.211607422364,13.957562964734851,-18.549196280195794,2.9664433181935693e-19
1787278765.5362225,resting,fast,1787278739.9715214,-246.33628994327728,-186.05644623621754,1344.4486410057734,13.954233467715103,-18.47522174574565,2.965171000162964e-19
1787278765.5470154,resting,fast,1787278739.9715214,-246.7146211016111,-186.30470023161558,1347.2311059178019,13.972852517370004,-18.50359658262073,2.969440553652969e-19
1787278765.5582364,resting,fast,1787278739.9715214,-247.4229345730223,-185.46507678260048,1351.3147678582964,13.90988075869382,-18.556720092976526,2.9681469434093464e-19
1787278765.5693903,resting,fast,1787278739.9715214,-247.83276963411254,-185.0696771939996,1347.7377126747806,13.880225789548962,-18.587457722558362,2.967325106764988e-19
1787278765.580076,resting,fast,1787278739.9715214,-248.04306268487971,-185.18236977688264,1344.50370373452,13.888677733265087,-18.603229701365635,2.9658422180046944e-19
1787278765.5911138,resting,fast,1787278739.9715214,-247.85938234471132,-185.23480262107216,1344.5345109721593,13.892610196579245,-18.589453675853214,2.969902353010313e-19
1787278765.602514,resting,fast,1787278739.9715214,-248.3119345035534,-185.93577850361328,1354.7808552433535,13.945183387769905,-18.623395087766504,2.9747716384437875e-19
1787278765.6135843,resting,fast,1787278739.9715214,-248.63396366533334,-186.05171402313647,1355.964782873315,13.95387855173421,-18.647547274899615,2.976871601579708e-19
1787278765.624851,resting,fast,1787278739.9715214,-248.98019915900522,-186.26988118240763,1357.658774075052,13.970241088679234,-18.673514936925166,2.975355473156465e-19
1787278765.6359913,resting,fast,1787278739.9715214,-248.75174146927793,-184.85061546750205,1348.6882460656389,13.863796160061629,-18.656380610195654,2.970345074635428e-19
1787278765.6469228,resting,fast,1787278739.9715214,-248.76227572998732,-185.96978667577957,1348.9726652766121,13.947734000682193,-18.657170679748823,2.970691323738929e-19
1787278765.6582303,resting,fast,1787278739.9715214,-248.20453385987503,-185.80127588789185,1346.713795184046,13.935095691591005,-18.615340039490526,2.9722096697157064e-19
1787278765.669253,resting,fast,1787278739.9715214,-248.36046823960942,-187.13217196811036,1347.625809318647,14.034912897607331,-18.627035117970685,2.9734242020051506e-19
1787278765.6801193,resting,fast,1787278739.9715214,-247.6379642262068,-186.26471642062359,1349.9911959733718,13.969853731545602,-18.572847316965415,2.975721138947278e-19
1787278765.6911645,resting,fast,1787278739.9715214,-249.09911400391093,-186.30671888756626,1354.234646885946,13.9730039165666,-18.68243355029321,2.9760860160821716e-19
1787278765.702596,resting,fast,1787278739.9715214,-248.3406665102898,-184.93860853401554,1354.4067460838314,13.870395640050194,-18.62554998827143,2.977330862039004e-19
1787278765.7135408,resting,fast,1787278739.9715214,-248.79568433469512,-186.35339184274142,1349.396966800211,13.976504388204436,-18.659676325102012,2.975034688067084e-19
1787278765.7248175,resting,fast,1787278739.9715214,-248.73567925711586,-186.56305203108184,1347.6443391514376,13.992228902329916,-18.65517594428355,2.9715342903774535e-19
1787278765.73599,resting,fast,1787278739.9715214,-249.08381849212992,-187.60041133940229,1349.4229861086324,14.070030850453822,-18.681286386909548,2.971426260187329e-19
1787278765.746951,resting,fast,1787278739.9715214,-249.12471387517553,-186.94381108587606,1352.3001527434508,14.0207858314395,-18.68435354063792,2.971508563202791e-19
1787278765.757747,resting,fast,1787278739.9715214,-248.1419853856919,-186.91906114311507,1349.6357741800775,14.018929585732725,-18.610648903926467,2.9734764690108253e-19
1787278765.7691035,resting,fast,1787278739.9715214,-248.1140733949792,-187.38774218807578,1348.0028795099433,14.054080664104507,-18.608555504623283,2.9736693092116786e-19
1787278765.7797678,resting,fast,1787278739.9715214,-248.87345921954557,-188.59580448486201,1350.391902656268,14.144685336363384,-18.665509441465993,2.976581666492425e-19
1787278765.7911706,resting,fast,1787278739.9715214,-249.63036621507808,-188.58519954719657,1355.4601530376704,14.143889966038788,-18.722277466130848,2.9758556854999757e-19
1787278765.8024592,resting,fast,1787278739.9715214,-249.69748588389257,-188.1474098452344,1359.2205125265946,14.111055738391574,-18.72731144129174,2.974254201211522e-19
1787278765.813003,resting,fast,1787278739.9715214,-249.0464366190131,-187.14404481746658,1356.5580039510687,14.03580336130901,-18.678482746425814,2.973545810815905e-19
1787278765.8242192,resting,fast,1787278739.9715214,-248.01736859571747,-188.0344181243073,1354.5888689848025,14.10258135932192,-18.60130264467849,2.974128565903528e-19
1787278765.8358536,resting,fast,1787278739.9715214,-248.8347208665641,-189.30674072205227,1350.63982318933,14.198005554152704,-18.66260406499218,2.977768874524209e-19
1787278765.8466086,resting,fast,1787278739.9715214,-247.95323422799765,-189.5514609711521,1350.081366264535,14.21635957283532,-18.596492567099695,2.974660553062987e-19
1787278765.8579915,resting,fast,1787278739.9715214,-248.3253322008918,-189.1180879363177,1348.5010272233567,14.18385659522271,-18.624399915066782,2.9743530254574215e-19
1787278765.8690917,resting,fast,1787278739.9715214,-247.9833894731214,-187.34143119010162,1351.6761676261913,14.050607339256533,-18.59875421048376,2.9740497947536296e-19
1787278765.8797808,resting,fast,1787278739.9715214,-249.2171512523969,-187.38392306545722,1353.945949680351,14.053794229908195,-18.69128634392949,2.9766608819680316e-19
1787278765.891337,resting,fast,1787278739.9715214,-249.5301426871033,-187.45096471961767,1354.4869237425582,14.058822353970218,-18.7147607015324,2.9781564490542424e-19
1787278765.9023886,resting,fast,1787278739.9715214,-248.15977235309356,-187.7129063814424,1351.2794522747636,14.078467978607154,-18.611982926481872,2.977017160099225e-19
1787278765.9131527,resting,fast,1787278739.9715214,-247.67646730992828,-187.15811274607256,1349.1425185160178,14.036858455954235,-18.575735048244482,2.97688902824516e-19
1787278765.9245644,resting,fast,1787278739.9715214,-247.4059701897154,-189.16756427296184,1349.430018905793,14.187567320470894,-18.55544776422856,2.978160469354096e-19
1787278765.935527,resting,fast,1787278739.9715214,-249.09116738903913,-189.543757338732,1352.54622284989,14.21578180040392,-18.681837554177804,2.975751292729628e-19
1787278765.9463987,resting,fast,1787278739.9715214,-249.84961233360036,-188.99627107301956,1355.718829214783,14.174720330475541,-18.738720925019784,2.975702305422103e-19
1787278765.957887,resting,fast,1787278739.9715214,-250.14651817988624,-186.682881383486,1359.2277596924005,14.001216103760246,-18.760988863491185,2.975571150528927e-19
1787278765.9690287,resting,fast,1787278739.9715214,-250.1395597930773,-187.02998080990335,1357.3051184550504,14.027248560741572,-18.760466984480367,2.9763073831291e-19
1787278765.9796634,resting,fast,1787278739.9715214,-250.09906582898884,-187.4086429122591,1359.668802755762,14.055648218418344,-18.75742993717393,2.978276922618991e-19
1787278765.9908967,resting,fast,1787278739.9715214,-249.19591589625225,-187.75386118270683,1357.18700308827,14.081539588701961,-18.68969369221888,2.978940236325893e-19
1787278766.0022302,resting,fast,1787278739.9715214,-247.80675214639132,-187.82006803429056,1353.042927001873,14.086505102570928,-18.585506410979214,2.9766050006846834e-19
1787278766.0128806,resting,fast,1787278739.9715214,-246.97458613458957,-187.1274087436367,1349.5881520290923,14.034555655771687,-18.52309396009408,2.975791609706325e-19
1787278766.0244687,resting,fast,1787278739.9715214,-246.72576214301216,-186.98040688051253,1347.1290465083703,14.023530516037145,-18.50443216072572,2.97340361488097e-19
1787278766.0356514,resting,fast,1787278739.9715214,-247.08246647422538,-186.57482529697552,1349.6718448258098,13.993111897271863,-18.53118498556698,2.975138310040139e-19
1787278766.0463073,resting,fast,1787278739.9715214,-248.92894087960076,-188.28244128616063,1351.7204180849649,14.121183096460971,-18.66967056596968,2.9758265332045535e-19
1787278766.0578735,resting,fast,1787278739.9715214,-248.81452143370961,-188.60865525292718,1350.8207135441871,14.145649143968459,-18.6610891075281,2.974034133517948e-19
1787278766.0690038,resting,fast,1787278739.9715214,-249.589421935651,-189.05418637770333,1350.5565282893995,14.179063978326855,-18.719206645173692,2.9735484332417217e-19
1787278766.0797002,resting,fast,1787278739.9715214,-248.58677536373898,-187.7587767470592,1351.4705717672214,14.081908256028147,-18.644008152280172,2.9750239652694093e-19
1787278766.0910919,resting,fast,1787278739.9715214,-249.1072807650703,-187.25719540222497,1353.837770114843,14.044289655165716,-18.683046057380032,2.976560208193066e-19
1787278766.1023753,resting,fast,1787278739.9715214,-249.30533724745283,-187.5363980346525,1355.833918200652,14.065229852597813,-18.69790029355871,2.9800188618426954e-19
1787278766.1132267,resting,fast,1787278739.9715214,-248.91911669981573,-187.71098292937734,1351.1828151351065,14.078323719702158,-18.668933752485913,2.9763440584807717e-19
1787278766.1243634,resting,fast,1787278739.9715214,-248.7710938673631,-187.3116362438983,1351.0665584190601,14.048372718291109,-18.657832040052057,2.9787199440067894e-19
1787278766.1355212,resting,fast,1787278739.9715214,-248.28905767848437,-187.7768837102975,1351.0054736365628,14.083266278271115,-18.62167932588627,2.9778871425728763e-19
1787278766.1461844,resting,fast,1787278739.9715214,-248.02983075965722,-187.426910613288,1355.973288234084,14.057018295995622,-18.60223730697418,2.9787628483996504e-19
1787278766.1576302,resting,fast,1787278739.9715214,-247.82760591305714,-188.51199816840938,1354.7702842901099,14.13839986262963,-18.587070443479263,2.977542924184064e-19
1787278766.1688309,resting,fast,1787278739.9715214,-248.29260496980123,-187.5552418018591,1357.039416881972,14.066643135138268,-18.62194537273497,2.979031243898785e-19
1787278766.1797113,resting,fast,1787278739.9715214,-249.1878930295029,-188.35366676512524,1355.743996888531,14.126525007383169,-18.689091977212577,2.980709531368673e-19
1787278766.1909955,resting,fast,1787278739.9715214,-250.50096408048603,-188.70408650756792,1356.9040777856017,14.152806488066492,-18.78757230603624,2.978557973480536e-19
1787278766.2017365,resting,fast,1787278739.9715214,-250.44717832123342,-189.6114684460382,1360.0171053040476,14.220860133451655,-18.783538374092338,2.979123760949816e-19
1787278766.2128227,resting,fast,1787278739.9715214,-249.42109616910193,-190.24599178774076,1355.458531408166,14.268449384079364,-18.706582212682505,2.974384174161632e-19
1787278766.2238543,resting,fast,1787278739.9715214,-248.38087124030199,-190.32857912223733,1355.749337828548,14.274643434166766,-18.6285653430224,2.9772843135456e-19
1787278766.2351043,resting,fast,1787278739.9715214,-247.0582870071862,-189.3414239276234,1347.2504823250883,14.20060679457075,-18.52937152553865,2.970941507853026e-19
1787278766.2460082,resting,fast,1787278739.9715214,-247.82934250819517,-189.18573241984734,1353.7253882506766,14.18892993148754,-18.587200688114407,2.974700103342184e-19
1787278766.257468,resting,fast,1787278739.9715214,-246.6303100337359,-187.98986356156468,1347.0925312200116,14.099239767116234,-18.49727325252998,2.971765367771965e-19
1787278766.2688117,resting,fast,1787278739.9715214,-247.29653183740584,-188.11544655147907,1353.8045861828368,14.108658491359964,-18.547239887805183,2.9783482235617155e-19
1787278766.2794297,resting,fast,1787278739.9715214,-247.99716501941793,-186.41767451619432,1353.795386800136,13.981325588713421,-18.59978737645625,2.979535335891277e-19
1787278766.2909994,resting,fast,1787278739.9715214,-250.8324371186677,-188.71776944513806,1363.9517586099437,14.153832708384233,-18.812432783899816,2.984989602317138e-19
1787278766.3019435,resting,fast,1787278739.9715214,-250.98320379137613,-187.79613457123048,1361.683185552195,14.084710092841224,-18.82374028435322,2.9832870695342696e-19
1787278766.3130198,resting,fast,1787278739.9715214,-249.43383942722676,-188.15004046776005,1355.3212931623812,14.111253035080797,-18.707537957041687,2.9788122210214447e-19
1787278766.3243172,resting,fast,1787278739.9715214,-247.70617810209978,-186.0101297545292,1347.316331377061,13.950759731588594,-18.577963357657396,2.969641406969007e-19
1787278766.335397,resting,fast,1787278739.9715214,-247.9501215936366,-187.44832792650834,1344.6543949585075,14.058624594487032,-18.59625911952248,2.9676821969027337e-19
1787278766.3461008,resting,fast,1787278739.9715214,-248.3609896125413,-187.29268169275986,1346.7280231610212,14.046951126955936,-18.627074220940408,2.9659173270319525e-19
1787278766.3574657,resting,fast,1787278739.9715214,-248.1942325200157,-187.84082286553564,1349.721321213813,14.088061714914037,-18.614567439000737,2.9697151075999427e-19
1787278766.368584,resting,fast,1787278739.9715214,-248.17981197172458,-186.99298740751135,1351.3697717607874,14.024474055562482,-18.61348589787908,2.9699620275455295e-19
1787278766.3794558,resting,fast,1787278739.9715214,-248.1577833627657,-186.57528003238724,1352.7950213701597,13.993146002428038,-18.61183375220724,2.972548401557962e-19
1787278766.3903863,resting,fast,1787278739.9715214,-249.05676361341057,-187.53973042847326,1353.0259839279488,14.065479782134506,-18.679257271005575,2.97100280581035e-19
1787278766.4016364,resting,fast,1787278739.9715214,-249.77487921797592,-187.14645048999466,1356.4668328692815,14.035983786748464,-18.73311594134791,2.973616581488775e-19
1787278766.4126527,resting,fast,1787278739.9715214,-249.1160832509172,-188.28152547440334,1350.9788118710212,14.121114410579057,-18.68370624381876,2.9721410080453314e-19
1787278766.4241364,resting,fast,1787278739.9715214,-248.08844828759857,-187.46294112587873,1353.2388444430826,14.059720584439791,-18.606633621569635,2.977250351041382e-19
1787278766.4352555,resting,fast,1787278739.9715214,-246.32776122746554,-186.67740744356718,1350.2623278929286,14.000805558266382,-18.47458209205977,2.974308411226781e-19
1787278766.445936,resting,fast,1787278739.9715214,-247.27905904634508,-186.5555774712917,1356.3645997071917,13.991668310345833,-18.54592942847595,2.976168001510944e-19
1787278766.457443,resting,fast,1787278739.9715214,-246.66192785999965,-185.20605659778641,1353.7202800130426,13.89045424483287,-18.49964458949963,2.9698628235864043e-19
1787278766.468517,resting,fast,1787278739.9715214,-247.36139036377563,-186.32551967517873,1348.0775820614645,13.974413975637493,-18.552104277283014,2.964741997020555e-19
1787278766.4793696,resting,fast,1787278739.9715214,-246.99651128125015,-185.6258129810293,1347.4565918091548,13.921935973575774,-18.524738346093514,2.9639469259042776e-19
1787278766.490679,resting,fast,1787278739.9715214,-248.1149542784019,-186.64264812388922,1346.425014217125,13.998198609290757,-18.608621570880025,2.9681570311834003e-19
1787278766.5018127,resting,fast,1787278739.9715214,-246.9794181368029,-185.38778020765005,1350.505050045299,13.904083515572754,-18.52345636026012,2.974043331298915e-19
1787278766.512524,resting,fast,1787278739.9715214,-246.44910440944977,-185.1484746405116,1351.2884146327406,13.886135598037075,-18.483682830708446,2.973929735546197e-19
1787278766.524042,resting,fast,1787278739.9715214,-246.3083560059208,-184.8321908363106,1349.928219972563,13.862414312722283,-18.47312670044387,2.968303300266502e-19
1787278766.5352716,resting,fast,1787278739.9715214,-247.14741031137464,-186.19126614806135,1350.7491636762215,13.964344961103482,-18.53605577335317,2.9686642553817936e-19
1787278766.5459158,resting,fast,1787278739.9715214,-246.558485979715,-185.49105886595714,1350.8201786798845,13.911829414945391,-18.491886448478347,2.9673632086908295e-19
1787278766.5574195,resting,fast,1787278739.9715214,-247.2652661697398,-186.04406248388716,1358.122476957301,13.953304686290313,-18.544894962730453,2.9754686119235263e-19
1787278766.568479,resting,fast,1787278739.9715214,-247.2508622399696,-185.6175404458353,1355.1900613049665,13.921315533436474,-18.54381466799746,2.96958138224341e-19
1787278766.5790906,resting,fast,1787278739.9715214,-248.9393086095838,-186.22780913795657,1354.5519617499622,13.967085685345783,-18.670448145718602,2.9727934245946706e-19
1787278766.59049,resting,fast,1787278739.9715214,-248.203772207577,-185.85051386260204,1350.4975709635955,13.938788539693906,-18.615282915568066,2.971757579493592e-19
1787278766.601293,resting,fast,1787278739.9715214,-249.0951073899355,-186.3121423548256,1356.732464676682,13.973410676610886,-18.68213305424495,2.9786022616670873e-19
1787278766.6123796,resting,fast,1787278739.9715214,-247.71146602369618,-187.2821337305619,1349.9972683634996,14.046160029790972,-18.578359951777053,2.973774764940952e-19
1787278766.6238775,resting,fast,1787278739.9715214,-246.52774088265278,-186.30974478430846,1349.0707929751707,13.973230858821982,-18.489580566198825,2.969632070377679e-19
1787278766.6351829,resting,fast,1787278739.9715214,-245.53081577687817,-185.70510210957684,1343.760612376508,13.927882658217033,-18.414811183265698,2.9687813214273974e-19
1787278766.6459315,resting,fast,1787278739.9715214,-247.30717285787205,-185.96630452978468,1351.8936012767927,13.947472839732516,-18.548037964340097,2.9739340027249705e-19
1787278766.6572077,resting,fast,1787278739.9715214,-247.8073928847257,-185.2558917073594,1350.9658637297116,13.894191878050737,-18.585554466354225,2.9733820938080777e-19
1787278766.6684058,resting,fast,1787278739.9715214,-248.9174907122665,-186.03729869266851,1356.2315563164384,13.952797401948846,-18.66881180341985,2.9736920942307912e-19
1787278766.6790097,resting,fast,1787278739.9715214,-248.45580396910418,-185.21240087213698,1356.401478955574,13.890930065409197,-18.634185297682443,2.9725521918125886e-19
1787278766.6901286,resting,fast,1787278739.9715214,-249.47475280374192,-186.07694683292232,1358.7084234567928,13.955771012467952,-18.710606460280566,2.9773881597337323e-19
1787278766.701373,resting,fast,1787278739.9715214,-249.44814621581872,-185.10039498056915,1354.7736029519647,13.882529623541547,-18.70861096618647,2.973475551957949e-19
1787278766.7122383,resting,fast,1787278739.9715214,-248.79151995312213,-185.26587740700904,1351.6589697726404,13.894940805524616,-18.65936399648387,2.972882893533885e-19
1787278766.7233913,resting,fast,1787278739.9715214,-247.60861289434843,-185.42808060615528,1350.1819647274524,13.907106045460583,-18.570645967075755,2.9716630005644204e-19
1787278766.734597,resting,fast,1787278739.9715214,-246.86509216634704,-185.38296119468112,1352.0945827503938,13.90372208959997,-18.5148819124759,2.9736670308014833e-19
1787278766.7457018,resting,fast,1787278739.9715214,-246.2366263238605,-185.38021921784173,1352.4493452253892,13.903516441336809,-18.46774697428937,2.9759313035040763e-19
1787278766.7571852,resting,fast,1787278739.9715214,-248.64512208681617,-185.60220232043855,1357.5184018686605,13.920165174031712,-18.648384156511177,2.978709642478555e-19
1787278766.7716458,resting,fast,1787278739.9715214,-249.92390286524505,-187.06078700656428,1360.0192135448842,14.029559025491285,-18.744292714893263,2.982518935094696e-19
1787278766.779072,resting,fast,1787278739.9715214,-250.04519046539144,-187.740692004346,1358.9475408941826,14.080551900324512,-18.753389284904074,2.981406374262317e-19
1787278766.7906463,resting,fast,1787278739.9715214,-248.7421227777836,-188.31062157711483,1355.2785659690135,14.123296618282314,-18.655659208333795,2.9826600590671295e-19
1787278766.8044882,resting,fast,1787278739.9715214,-247.99813162043074,-188.44787974336884,1353.6076652116708,14.133590980751467,-18.599859871532004,2.9809671636411734e-19
1787278766.8124776,resting,fast,1787278739.9715214,-247.516326505081,-186.48737597643037,1351.469825791416,13.986553198231068,-18.56372448788084,2.976444486160274e-19
1787278766.8239691,resting,fast,1787278739.9715214,-247.8065943844099,-186.61676886492262,1354.517418110624,13.996257664868185,-18.58549457883062,2.9744577636050115e-19
1787278766.8380508,resting,fast,1787278739.9715214,-247.49003075307473,-185.55862020850543,1353.3073340560231,13.91689651563691,-18.561752306480237,2.971009848550391e-19
1787278766.8458095,resting,fast,1787278739.9715214,-248.1412750808363,-188.2677833820993,1356.373334891895,14.120083753656676,-18.610595631062587,2.9770921809432277e-19
1787278766.8570871,resting,fast,1787278739.9715214,-246.42263567098098,-186.30121355854692,1350.3787297905337,13.972591016890082,-18.48169767532331,2.972744631609113e-19
1787278766.868309,resting,fast,1787278739.9715214,-247.07423409551802,-186.268256557884,1350.9203389191161,13.970119241840312,-18.530567557163707,2.978701000551781e-19
1787278766.879287,resting,fast,1787278739.9715214,-248.53981925161816,-186.13742513807972,1352.6222767553272,13.960306885354814,-18.640486443871183,2.97944917797657e-19
1787278766.8905795,resting,fast,1787278739.9715214,-249.512660473501,-187.86996138527059,1354.4444667996968,14.09024710389443,-18.713449535512538,2.9803524177382493e-19
1787278766.9045384,resting,fast,1787278739.9715214,-249.37519187733278,-187.57819360034762,1353.6189207938778,14.068364520024748,-18.703139390799798,2.9764443945669767e-19
1787278766.9122593,resting,fast,1787278739.9715214,-247.8782424643473,-187.05878743563846,1351.1942963068095,14.029409057671803,-18.590868184825766,2.9724510010772695e-19
1787278766.9238794,resting,fast,1787278739.9715214,-248.3739701873169,-186.84560668152028,1350.4601673653933,14.013420501112865,-18.628047764048603,2.973631943581518e-19
1787278766.9358094,resting,fast,1787278739.9715214,-248.76605706300825,-187.53395279295353,1353.0460718135537,14.06504645947037,-18.657454279725407,2.9767333772860605e-19
1787278766.9455302,resting,fast,1787278739.9715214,-247.43502934994694,-186.14272281450474,1348.9832753100973,13.96070421108671,-18.5576272012458,2.9760107273171124e-19
1787278766.9566226,resting,fast,1787278739.9715214,-246.8890055303832,-185.66513753236416,1347.139770132474,13.924885314926232,-18.516675414778675,2.972496473377797e-19
1787278766.9707863,resting,fast,1787278739.9715214,-246.0424055468634,-185.23260858525748,1342.9252125522335,13.892445643893328,-18.45318041601457,2.9662211340479896e-19
1787278766.9789789,resting,fast,1787278739.9715214,-247.36272975714246,-185.7118843189104,1346.707007817632,13.928391323917214,-18.55220473178553,2.966239410697716e-19
1787278766.990032,resting,fast,1787278739.9715214,-247.44403058446596,-186.4404567315288,1347.8441671488772,13.983034254863288,-18.558302293834693,2.9668762472785416e-19
1787278767.002873,resting,fast,1787278739.9715214,-247.25071127885576,-187.14375606256647,1349.947722060674,14.035781704691406,-18.543803345914007,2.96957573431901e-19
1787278767.0122094,resting,fast,1787278739.9715214,-246.05365097462936,-186.7493947011211,1346.5787086902483,14.006204602582915,-18.454023823097046,2.972393277483674e-19
1787278767.0234673,resting,fast,1787278739.9715214,-247.77054834845376,-186.73860362292237,1350.439808096101,14.005395271718076,-18.582791126133934,2.975575743318405e-19
1787278767.036697,resting,fast,1787278739.9715214,-247.52679986838348,-186.1266013812036,1348.6807389818232,13.959495103589024,-18.56450999012869,2.9766233513984284e-19
1787278767.045543,resting,fast,1787278739.9715214,-248.22789674134174,-185.64221165433435,1351.1558332314135,13.923165874074005,-18.61709225560036,2.976998456884458e-19
1787278767.0567892,resting,fast,1787278739.9715214,-246.3158967988952,-185.79949149130823,1348.2230986321256,13.934961861846961,-18.47369225991683,2.974944150950856e-19
1787278767.0699263,resting,fast,1787278739.9715214,-246.12800451578232,-186.158454271167,1349.58484945709,13.961884070336286,-18.459600338683558,2.9747749199440203e-19
1787278767.0790033,resting,fast,1787278739.9715214,-246.74256805866344,-187.14269971557007,1348.9061608892725,14.035702478666455,-18.505692604399506,2.972296262690365e-19
1787278767.090038,resting,fast,1787278739.9715214,-247.42071812303993,-186.0533743370255,1351.4468170655173,13.954003075275796,-18.55655385922777,2.9721270246219567e-19
1787278767.1029253,resting,fast,1787278739.9715214,-248.2732169821552,-186.07448034657057,1351.5076760714974,13.955586025991682,-18.620491273661507,2.971600152994137e-19
1787278767.1122494,resting,fast,1787278739.9715214,-248.50194238742506,-185.4254549676558,1350.1068254523425,13.90690912257303,-18.637645679056902,2.969233432647364e-19
1787278767.1233854,resting,fast,1787278739.9715214,-247.78788238561583,-186.14259883373836,1346.4879888329733,13.96069491252911,-18.584091178921007,2.970052379892106e-19
1787278767.1345122,resting,fast,1787278739.9715214,-246.45256767572982,-184.33765229285848,1343.1322447027514,13.825323921963221,-18.483942575679592,2.9676980289399707e-19
1787278767.145536,resting,fast,1787278739.9715214,-245.678746629364,-184.89912585043055,1341.254734581592,13.867434438781121,-18.425905997201994,2.9705540360166433e-19
1787278767.1567643,resting,fast,1787278739.9715214,-246.33394465436368,-185.6719918175969,1342.1767724597676,13.925399386318606,-18.475045849077198,2.970193921157429e-19
1787278767.1687324,resting,fast,1787278739.9715214,-246.90209394792737,-186.60900829110926,1340.198389529466,13.99567562183191,-18.517657046094293,2.967298290564618e-19
1787278767.1788325,resting,fast,1787278739.9715214,-246.3405397715337,-187.31408711292454,1341.0646494588627,14.048556533468133,-18.475540482864922,2.9689760780320853e-19
1787278767.1901047,resting,fast,1787278739.9715214,-245.96415303755612,-187.01686994844283,1341.3697092470547,14.026265246132173,-18.447311477816505,2.9690373723466866e-19
1787278767.2014449,resting,fast,1787278739.9715214,-246.5779834333439,-187.38424229170903,1348.5305551285628,14.053818171877172,-18.493348757500534,2.9763395016772443e-19
1787278767.2120814,resting,fast,1787278739.9715214,-247.41627492823636,-187.27229426507358,1353.066876816959,14.045422069879425,-18.556220619617655,2.9752432706966574e-19
1787278767.2233922,resting,fast,1787278739.9715214,-246.51223565818827,-186.60040721064559,1348.7938454051264,13.99503054079739,-18.488417674364086,2.9718984313421466e-19
1787278767.2344851,resting,fast,1787278739.9715214,-247.23808292514013,-188.0887090890543,1347.1328746170793,14.106653181677789,-18.542856219385307,2.9697102346928113e-19
1787278767.2451236,resting,fast,1787278739.9715214,-247.2236080593152,-186.49912941424407,1344.316809647863,13.987434706067067,-18.541770604448473,2.964916436306158e-19
1787278767.2564025,resting,fast,1787278739.9715214,-247.988960785598,-187.04696814471401,1347.076922360694,14.028522610852523,-18.599172058919685,2.969913613581473e-19
1787278767.2684278,resting,fast,1787278739.9715214,-246.64541357423286,-185.43983100041316,1345.5991669194073,13.907987325029826,-18.498406018067172,2.968891666442958e-19
1787278767.2788525,resting,fast,1787278739.9715214,-246.09772039338668,-186.41087603279186,1348.1411351096858,13.98081570245812,-18.45732902950398,2.975244143512974e-19
1787278767.2899399,resting,fast,1787278739.9715214,-246.68448485010458,-185.74619338832724,1351.2513345122725,13.930964504123256,-18.50133636375749,2.9751915565211844e-19
1787278767.301446,resting,fast,1787278739.9715214,-247.37974891534714,-186.190806539479,1351.8155536988716,13.964310490459685,-18.55348116865097,2.9767544779340657e-19
1787278767.3121603,resting,fast,1787278739.9715214,-247.85307496363976,-187.398285441653,1350.4814071075625,14.05487140812291,-18.588980622272665,2.976354868011401e-19
1787278767.3231692,resting,fast,1787278739.9715214,-246.95905793571865,-187.37694039833048,1350.7807456970777,14.053270529873576,-18.521929345178634,2.9756650752604103e-19
1787278767.334433,resting,fast,1787278739.9715214,-247.41039541329837,-188.02204539364436,1352.240013115149,14.101653404522072,-18.55577965599725,2.9740626023304654e-19
1787278767.3453982,resting,fast,1787278739.9715214,-246.32729181002605,-186.61172254417613,1348.322062993434,13.995879190812094,-18.474546885751614,2.9668672183875234e-19
1787278767.3565638,resting,fast,1787278739.9715214,-246.47361048201083,-185.81048266336518,1343.8718775547231,13.935786199751153,-18.485520786150623,2.963251970419223e-19
1787278767.3679545,resting,fast,1787278739.9715214,-245.71789884728832,-184.05494285798693,1340.4651789941063,13.804120714347821,-18.428842413546377,2.960930446150233e-19
1787278767.3787208,resting,fast,1787278739.9715214,-247.12838680359027,-184.3906883662488,1345.1375679189978,13.829301627467348,-18.534629010269143,2.9664826334028017e-19
1787278767.389879,resting,fast,1787278739.9715214,-246.7161489539235,-184.76732133507073,1345.6981117104378,13.857549100129223,-18.50371117154411,2.9667576955503564e-19
1787278767.4009595,resting,fast,1787278739.9715214,-247.3974346525979,-185.75369197882094,1349.6263148914195,13.931526898410485,-18.554807598944755,2.9718716232263373e-19
1787278767.412051,resting,fast,1787278739.9715214,-247.02747577829587,-185.8297648773272,1348.8194639693638,13.937232365798412,-18.527060683371964,2.969835183747125e-19
1787278767.423069,resting,fast,1787278739.9715214,-249.3508008176609,-189.4867553249959,1353.3551917016948,14.211506649373593,-18.70131006132452,2.9761241939621794e-19
1787278767.4343274,resting,fast,1787278739.9715214,-248.95289635804374,-188.28603547988166,1350.8166342485538,14.121452660989878,-18.671467226853096,2.9733094879449787e-19
1787278767.4452696,resting,fast,1787278739.9715214,-248.30375908949327,-187.90968485837755,1347.7884837850406,14.09322636437729,-18.622781931711792,2.9738344232110546e-19
1787278767.456426,resting,fast,1787278739.9715214,-247.18334437769454,-186.35253704615764,1344.274850704879,13.976440278460576,-18.538750828326847,2.9705752195137057e-19
1787278767.4695551,resting,fast,1787278739.9715214,-246.85192133055398,-189.13103312779424,1342.9005093698297,14.184827484583312,-18.5138940997914,2.972456084698686e-19
1787278767.4785693,resting,fast,1787278739.9715214,-247.526250221596,-188.69452717997558,1347.518535479151,14.152089538496998,-18.56446876661964,2.974136759716998e-19
1787278767.4898074,resting,fast,1787278739.9715214,-247.7684312291026,-186.54731373251377,1350.632477460672,13.99104852993722,-18.58263234218267,2.975545396318784e-19
1787278767.5026276,resting,fast,1787278739.9715214,-247.10145886684722,-184.0789088397663,1351.5428482652087,13.805918162981332,-18.53260941501341,2.9730506307390505e-19
1787278767.5119305,resting,fast,1787278739.9715214,-247.98493004836791,-185.510660814468,1350.6722890029096,13.913299561083779,-18.598869753627675,2.9757388344443215e-19
1787278767.5230417,resting,fast,1787278739.9715214,-245.8480764029341,-184.92672019376562,1343.5370475325935,13.86950401453112,-18.43860573021996,2.969308857780822e-19
1787278767.5342987,resting,fast,1787278739.9715214,-247.13366247739896,-187.2702316013332,1346.8386894691348,14.045267370098859,-18.535024685805084,2.9711161025485795e-19
1787278767.544937,resting,fast,1787278739.9715214,-245.79884251126032,-184.47471850788213,1342.0933196337783,13.835603888089782,-18.434913188344417,2.9609626868332603e-19
1787278767.5564187,resting,fast,1787278739.9715214,-247.24933088468015,-185.98235353813095,1347.334561099401,13.948676515358617,-18.54369981635083,2.962503832740553e-19
1787278767.5685685,resting,fast,1787278739.9715214,-246.99916889800488,-184.85262942281213,1346.3047865327035,13.863947206709685,-18.524937667350265,2.962546156411296e-19
1787278767.578491,resting,fast,1787278739.9715214,-247.60801722195038,-186.3478566097932,1352.5266351096097,13.976089245733352,-18.570601291645822,2.9724537745360667e-19
1787278767.5892804,resting,fast,1787278739.9715214,-247.4007536002705,-185.68094385863958,1352.607171529301,13.926070789396778,-18.555056520020152,2.9790695955836933e-19
1787278767.6008608,resting,fast,1787278739.9715214,-247.088952588148,-185.53945150446282,1350.7461591461915,13.915458862833393,-18.531671444111126,2.9790460572012626e-19
1787278767.6117613,resting,fast,1787278739.9715214,-245.25026425038004,-184.88408824712462,1345.239230160093,13.866306618533276,-18.39376981877811,2.97089748293371e-19
1787278767.6228309,resting,fast,1787278739.9715214,-244.93952479613426,-183.77456635012788,1345.3026553094978,13.783092476258492,-18.370464359710063,2.9668791502436187e-19
1787278767.6347084,resting,fast,1787278739.9715214,-243.3799393350505,-182.04997479326028,1338.6217133981963,13.653748109493353,-18.253495450128526,2.962481738854744e-19
1787278767.6450984,resting,fast,1787278739.9715214,-244.79270545222653,-183.43288802962127,1341.3340806373299,13.757466602220479,-18.359452908916623,2.966083434503372e-19
1787278767.656109,resting,fast,1787278739.9715214,-245.93715630382894,-185.267392866023,1339.5861602928517,13.895054464950395,-18.445286722787017,2.967097374184526e-19
1787278767.667295,resting,fast,1787278739.9715214,-247.51694855966753,-187.50052651433987,1346.355741362645,14.062539488574163,-18.563771141974804,2.9690707435663724e-19
1787278767.6782577,resting,fast,1787278739.9715214,-247.1233976356475,-187.1028427857351,1342.9570277841585,14.032713208928758,-18.53425482267346,2.9636865231688586e-19
1787278767.6895063,resting,fast,1787278739.9715214,-246.3158759714065,-186.90727605762788,1338.5377226044448,14.018045704320816,-18.473690697855133,2.958877188792654e-19
1787278767.700909,resting,fast,1787278739.9715214,-247.38174327926617,-186.0693505868004,1343.1368372813968,13.955201294008734,-18.553630745944822,2.9635692065291197e-19
1787278767.711633,resting,fast,1787278739.9715214,-248.1072903420304,-185.277903088686,1344.7259614702643,13.895842731650294,-18.608046775652078,2.967158536191045e-19
1787278767.7226937,resting,fast,1787278739.9715214,-248.44210826020435,-185.58839269986572,1349.2519883979394,13.919129452488878,-18.63315811951498,2.971994115355252e-19
1787278767.733929,resting,fast,1787278739.9715214,-247.7192331370684,-185.45448102562875,1348.2306341739286,13.90908607692123,-18.57894248528013,2.973085463741336e-19
1787278767.745045,resting,fast,1787278739.9715214,-247.74318380146406,-187.77590268163192,1348.8228246921071,14.083192701121394,-18.580738785109645,2.9764797371671226e-19
1787278767.7561283,resting,fast,1787278739.9715214,-248.1377439656594,-188.1923278428393,1349.3781750299486,14.114424588211836,-18.61033079742416,2.976256540388199e-19
1787278767.7673423,resting,fast,1787278739.9715214,-248.78078316788788,-188.89517041033616,1348.1966251401054,14.167137780774159,-18.658558737591513,2.971418500461141e-19
1787278767.778347,resting,fast,1787278739.9715214,-247.50700818449104,-187.30906634628866,1344.6958774499008,14.048179975970275,-18.563025613836828,2.966061525539838e-19
1787278767.7893713,resting,fast,1787278739.9715214,-246.25536621882156,-186.32155908858715,1345.736608999695,13.9741169316428,-18.4691524664114,2.9664799864833565e-19
1787278767.8008056,resting,fast,1787278739.9715214,-244.83982098125352,-185.54811084003325,1344.9719253843077,13.916108313001335,-18.36298657359383,2.967831483206695e-19
1787278767.8114562,resting,fast,1787278739.9715214,-245.01785361136217,-185.42468145763485,1344.697526481862,13.906851109321583,-18.376339020851994,2.9716422395786454e-19
1787278767.8225162,resting,fast,1787278739.9715214,-245.13242517065237,-183.06626925629314,1344.1943384101005,13.729970194220758,-18.384931887798764,2.9710332366182634e-19
1787278767.8337831,resting,fast,1787278739.9715214,-245.07691166539507,-183.7825666321893,1339.8980067036164,13.783692497412904,-18.380768374904676,2.9681149034701186e-19
1787278767.8448315,resting,fast,1787278739.9715214,-245.14275155992573,-184.29182783056706,1342.4923159779219,13.821887087291461,-18.385706366994384,2.9670451059291e-19
1787278767.8561473,resting,fast,1787278739.9715214,-247.06642225067617,-187.53683257274963,1343.672736755946,14.065262442954992,-18.529981668800602,2.968249185548695e-19
1787278767.867193,resting,fast,1787278739.9715214,-248.20928148191115,-187.91289624060516,1348.2810343011452,14.093467218044356,-18.615696111143066,2.972467581613309e-19
1787278767.8783462,resting,fast,1787278739.9715214,-249.26801117532386,-188.8331143760812,1346.8227768560546,14.162483578204832,-18.6951008381492,2.9744485303778066e-19
1787278767.8894403,resting,fast,1787278739.9715214,-247.63808229056713,-187.07007461912883,1344.0525338399248,14.030255596433538,-18.572856171792395,2.9718460043262196e-19
1787278767.900513,resting,fast,1787278739.9715214,-247.1985112061061,-186.37888954417747,1342.0136743623652,13.978416715812092,-18.5398883404577,2.9702555775365695e-19
1787278767.9115257,resting,fast,1787278739.9715214,-248.87819583843293,-186.40652553851703,1350.6417706279854,13.980489415387456,-18.66586468788237,2.9738866298860225e-19
1787278767.922759,resting,fast,1787278739.9715214,-249.16403491943265,-187.96723393070795,1350.409741382623,14.097542544802128,-18.68730261895724,2.9764117199433694e-19
1787278767.933861,resting,fast,1787278739.9715214,-249.38489171297033,-185.86967938593068,1351.602593533039,13.940225953943443,-18.703866878472674,2.977921583277686e-19
1787278767.944885,resting,fast,1787278739.9715214,-245.6439635840311,-182.6894261502299,1340.0004967142968,13.701706961265874,-18.423297268802244,2.9652795683886063e-19
1787278767.9560711,resting,fast,1787278739.9715214,-244.24273694516478,-179.91625233761613,1335.50644372837,13.493718925320227,-18.31820527088724,2.959183816755954e-19
1787278767.967217,resting,fast,1787278739.9715214,-244.62448599628578,-180.8870570021237,1336.7932569200157,13.566529275157908,-18.346836449721344,2.9570720306615713e-19
1787278767.9782772,resting,fast,1787278739.9715214,-247.66629240119664,-183.01201340631212,1345.935083207295,13.725901005472185,-18.57497193008959,2.967953831911108e-19
1787278767.9893658,resting,fast,1787278739.9715214,-248.52376149767633,-185.08042807392428,1348.917189380306,13.88103210554316,-18.639282112325446,2.9717248766611197e-19
1787278768.000457,resting,fast,1787278739.9715214,-247.55952213274986,-185.8032563667374,1347.6111417844231,13.935244227504231,-18.566964159956235,2.975808361372505e-19
1787278768.0116146,resting,fast,1787278739.9715214,-245.4720963704426,-184.3430410422751,1345.1550492392098,13.825728078169423,-18.410407227783125,2.973371715670695e-19
1787278768.0226882,resting,fast,1787278739.9715214,-246.55024888875278,-184.45806464565965,1350.5134185731704,13.834354848423335,-18.491268666656225,2.9781491293380483e-19
1787278768.0336368,resting,fast,1787278739.9715214,-248.34775409165877,-186.0765719775419,1352.9224336949437,13.95574289831423,-18.626081556874183,2.979849021080107e-19
1787278768.0447562,resting,fast,1787278739.9715214,-248.88599054996712,-187.8144271490047,1351.0273987631927,14.086082036173995,-18.66644929124739,2.9845588186531718e-19
1787278768.055904,resting,fast,1787278739.9715214,-247.93500472122423,-186.70276668349845,1347.7221137182469,14.00270750126126,-18.595125354091557,2.9802686442906824e-19
1787278768.0669427,resting,fast,1787278739.9715214,-245.86276084466726,-183.2855362784968,1344.8371903333782,13.746415220886039,-18.439707063349815,2.972350645509848e-19
1787278768.0781665,resting,fast,1787278739.9715214,-245.26010068685218,-182.9791473014899,1345.7023637365228,13.723436047610424,-18.39450755151377,2.9679251003012743e-19
1787278768.0892413,resting,fast,1787278739.9715214,-242.98834315754493,-182.30159677540712,1338.688973612746,13.672619758154458,-18.224125736815616,2.9614842182369297e-19
1787278768.1004097,resting,fast,1787278739.9715214,-244.28473726456514,-184.5982128887082,1340.5602652126026,13.84486596665177,-18.321355294842284,2.9689411270091e-19
1787278768.111305,resting,fast,1787278739.9715214,-245.90718816211074,-184.57809590183626,1341.9682822203968,13.84335719263662,-18.443039112157976,2.9719059274250557e-19
1787278768.1224546,resting,fast,1787278739.9715214,-247.17448422533334,-184.7469991680872,1349.4108739502763,13.85602493760543,-18.538086316899893,2.977649165817971e-19
1787278768.1337047,resting,fast,1787278739.9715214,-246.33277304070407,-184.02182765484338,1348.5931842730215,13.80163707411214,-18.474957978052572,2.9768875350595523e-19
1787278768.1447322,resting,fast,1787278739.9715214,-245.93612618659472,-185.38974951596595,1346.6690002168607,13.904231213696196,-18.445209463994367,2.974143894279543e-19
1787278768.155932,resting,fast,1787278739.9715214,-247.62546970323137,-187.59455835849906,1347.0472715161332,14.069591876886097,-18.57191022774211,2.978964417279471e-19
1787278768.167017,resting,fast,1787278739.9715214,-247.47182103178284,-187.7630225334109,1345.2495313563604,14.082226690004664,-18.56038657738356,2.9722566351739793e-19
1787278768.1779363,resting,fast,1787278739.9715214,-246.64450807532603,-185.45547055074337,1343.767668835254,13.909160291304492,-18.498338105649182,2.9710225114062816e-19
1787278768.1894515,resting,fast,1787278739.9715214,-246.4773255762325,-184.34369455545868,1344.3708939988455,13.825777091658242,-18.485799418217198,2.970333948097415e-19
1787278768.2002509,resting,fast,1787278739.9715214,-245.88874287665794,-184.0396381108186,1344.5566778742932,13.802972858310046,-18.44165571574915,2.972618773167222e-19
1787278768.2109277,resting,fast,1787278739.9715214,-245.86144921535242,-183.39096454113962,1346.8465225170667,13.754322340584483,-18.43960869115132,2.9727423694901277e-19
1787278768.2222784,resting,fast,1787278739.9715214,-244.92124429782007,-183.95713554041697,1343.3823412958818,13.796785165529958,-18.36909332233644,2.9688135014285034e-19
1787278768.2332985,resting,fast,1787278739.9715214,-247.7110012445587,-185.98420470874987,1347.7325937915948,13.948815353155087,-18.578325093341626,2.969289528854325e-19
1787278768.2446578,resting,fast,1787278739.9715214,-247.09318659264454,-186.11442070025953,1346.3388124942185,13.9585815525184,-18.531988994448064,2.969439459194325e-19
1787278768.2557695,resting,fast,1787278739.9715214,-247.52709342062235,-186.12941825774521,1350.0931937142677,13.959706369329812,-18.564532006546635,2.9678988074570515e-19
1787278768.2668009,resting,fast,1787278739.9715214,-244.81685592446092,-184.9531299728793,1346.0377169230314,13.871484747964718,-18.36126419433444,2.970039191886873e-19
1787278768.2779138,resting,fast,1787278739.9715214,-245.8853227452405,-185.36179049407963,1348.829733593283,13.902134287054682,-18.44139920589288,2.969216327975996e-19
1787278768.2891016,resting,fast,1787278739.9715214,-245.54140410747505,-184.5709035489282,1344.4368070044575,13.842817766168285,-18.415605308060385,2.9669510979405297e-19
1787278768.3001583,resting,fast,1787278739.9715214,-246.07427633755606,-183.6194718987639,1346.3251939853117,13.771460392406201,-18.455570725316377,2.9675149738470675e-19
1787278768.3111444,resting,fast,1787278739.9715214,-246.24902671600057,-183.85468200074376,1345.4888096606273,13.789101150054623,-18.46867700369979,2.965314951519817e-19
1787278768.32227,resting,fast,1787278739.9715214,-247.0486029118033,-184.47171516014726,1350.5455829743269,13.835378637009999,-18.528645218384895,2.970984824146402e-19
1787278768.333493,resting,fast,1787278739.9715214,-246.8968099099734,-183.59374761711808,1348.8959264296127,13.769531071282746,-18.51726074324756,2.967729565875468e-19
1787278768.3445318,resting,fast,1787278739.9715214,-247.5177024449854,-182.8000376718261,1348.4789905910993,13.710002825386173,-18.563827683373702,2.9686723644095566e-19
1787278768.3556814,resting,fast,1787278739.9715214,-246.7997095717633,-183.3492459391981,1346.1415017697936,13.751193445438833,-18.509978217882185,2.9671208836473563e-19
1787278768.3667035,resting,fast,1787278739.9715214,-246.68773162129173,-185.16403489692573,1344.9550092824911,13.88730261726835,-18.501579871596647,2.9684553130419413e-19
1787278768.377776,resting,fast,1787278739.9715214,-245.5238993077569,-185.41002478218218,1341.8859708342907,13.905751858662416,-18.41429244808168,2.9662553285763144e-19
1787278768.3891864,resting,fast,1787278739.9715214,-245.98248498269595,-183.89103944663418,1341.5140056414884,13.791827958496246,-18.44868637370209,2.9649872272487955e-19
1787278768.3999653,resting,fast,1787278739.9715214,-245.81221094260354,-182.5124504258755,1345.6809041146962,13.68843378193964,-18.435915820695108,2.9679475170170094e-19
1787278768.411211,resting,fast,1787278739.9715214,-246.15482438137542,-181.92764581307813,1346.6091588421887,13.644573435979598,-18.461611828602827,2.97107156233306e-19
1787278768.4223588,resting,fast,1787278739.9715214,-246.68799535508742,-182.77443924314923,1348.7686140329743,13.70808294323503,-18.501599651631295,2.9755155003259585e-19
1787278768.4331322,resting,fast,1787278739.9715214,-248.31997324745817,-184.92908083856776,1349.797404466396,13.86968106289142,-18.623997993559023,2.974925782213213e-19
1787278768.444416,resting,fast,1787278739.9715214,-248.3574990682996,-185.53878291731314,1352.4058123654786,13.915408718797426,-18.626812430122314,2.9794012202482576e-19
1787278768.455556,resting,fast,1787278739.9715214,-247.63153796272263,-185.27207537225956,1350.237343520842,13.895405652918246,-18.57236534720412,2.9749699128082564e-19
1787278768.466698,resting,fast,1787278739.9715214,-245.91926088515493,-183.43988766100404,1345.2948363428595,13.757991574574124,-18.443944566386534,2.9695712367714976e-19
1787278768.4777915,resting,fast,1787278739.9715214,-246.10361159177273,-183.92126665155308,1346.5068276181037,13.794094998865337,-18.457770869382827,2.968495434756596e-19
1787278768.488923,resting,fast,1787278739.9715214,-246.39950567100868,-183.12580492120685,1347.9516355010937,13.734435369089542,-18.479962925325403,2.970833838246158e-19
1787278768.4995255,resting,fast,1787278739.9715214,-246.60735937849086,-182.97513099265063,1350.4354437048305,13.723134824447474,-18.495551953386673,2.9718150384352275e-19
1787278768.5107737,resting,fast,1787278739.9715214,-247.50573739231595,-183.76032566506672,1349.5189211590014,13.782024424878816,-18.562930304423645,2.9733062709989363e-19
1787278768.5221362,resting,fast,1787278739.9715214,-246.09593085763618,-183.76309800942556,1347.3201060004149,13.782232350705701,-18.457194814322705,2.9680321987027103e-19
1787278768.533191,resting,fast,1787278739.9715214,-246.8627864577461,-185.43661969087736,1344.9871661542993,13.907746476814626,-18.514708984330902,2.9711253945845925e-19
1787278768.5441165,resting,fast,1787278739.9715214,-245.3660344855166,-184.15837835681407,1342.5763251400685,13.811878376759939,-18.40245258641361,2.9645788607268613e-19
1787278768.55543,resting,fast,1787278739.9715214,-247.20034872634142,-184.85883184787315,1343.986137762703,13.864412388589347,-18.540026154475612,2.969642228155117e-19
1787278768.5664291,resting,fast,1787278739.9715214,-248.1684946188666,-184.68982306492387,1346.4450801102275,13.851736729868339,-18.6126370964149,2.970251489619567e-19
1787278768.5775714,resting,fast,1787278739.9715214,-249.16712569503716,-186.0635345964521,1345.978638838199,13.954765094732839,-18.687534427127908,2.972930429363173e-19
1787278768.5886495,resting,fast,1787278739.9715214,-248.18114812384692,-186.3443694065519,1344.1706690720703,13.975827705490122,-18.613586109288327,2.972209884385599e-19
1787278768.5998282,resting,fast,1787278739.9715214,-246.0763314217561,-184.88989332161316,1341.6816701934595,13.866741999119757,-18.455724856631583,2.968805219852326e-19
1787278768.6109064,resting,fast,1787278739.9715214,-245.72725986731302,-184.1245463802046,1344.8493011196997,13.809340978514289,-18.429544490048414,2.9704651443250075e-19
1787278768.6220372,resting,fast,1787278739.9715214,-246.10220553105546,-183.5715030652201,1346.0266209011543,13.767862729890627,-18.45766541482903,2.967111738460241e-19
1787278768.6331992,resting,fast,1787278739.9715214,-247.09254967635343,-182.97341362934242,1349.2369719971512,13.723006022199431,-18.531941225726214,2.9690208334601495e-19
1787278768.6442602,resting,fast,1787278739.9715214,-246.8639015509866,-182.86562880276995,1348.2186304242032,13.714922160206758,-18.514792616323753,2.964197752177729e-19
1787278768.6554217,resting,fast,1787278739.9715214,-246.90978297116317,-183.4903396234639,1348.820552293976,13.76177547175877,-18.518233722837074,2.9675370229756573e-19
1787278768.666384,resting,fast,1787278739.9715214,-246.9167054023642,-184.9021091809526,1344.8780942222484,13.867658188570534,-18.51875290517718,2.964806506968275e-19
1787278768.6774938,resting,fast,1787278739.9715214,-248.39211801088322,-185.82015625120346,1350.2522521561486,13.936511718838947,-18.629408850816176,2.968842530178628e-19
1787278768.6887598,resting,fast,1787278739.9715214,-248.86063886724742,-186.0182600221559,1351.9766154206745,13.95136950166037,-18.66454791504342,2.96962743886435e-19
1787278768.6995487,resting,fast,1787278739.9715214,-248.48996194300935,-184.81949391670685,1354.3074972808781,13.861462043751946,-18.636747145725636,2.96889618627311e-19
1787278768.7108712,resting,fast,1787278739.9715214,-248.6118280951473,-186.61478613680572,1352.9969498774672,13.996108960259296,-18.645887107135707,2.971667848763448e-19
1787278768.7219927,resting,fast,1787278739.9715214,-247.9213300678207,-185.16844951710334,1350.1449934155853,13.887633713781486,-18.594099755086354,2.9714324114668014e-19
1787278768.7330277,resting,fast,1787278739.9715214,-248.4489066378087,-186.446550785785,1349.5122936745802,13.98349130893283,-18.633667997835417,2.9753080132209176e-19
1787278768.74402,resting,fast,1787278739.9715214,-248.15541579206047,-186.15753624547267,1350.088323865345,13.961815218409516,-18.611656184404403,2.971532549381342e-19
1787278768.7552543,resting,fast,1787278739.9715214,-247.58473276619998,-188.3132273845091,1351.9630153680182,14.1234920538371,-18.568854957464872,2.9745969990059115e-19
1787278768.7662802,resting,fast,1787278739.9715214,-246.54227862742619,-188.3613916684941,1352.4452024684151,14.127104375135719,-18.4906708970569,2.971008655572507e-19
1787278768.7773764,resting,fast,1787278739.9715214,-246.91037385786103,-188.4278181992928,1352.704113134364,14.132086364945668,-18.51827803933945,2.978349874409443e-19
1787278768.7886539,resting,fast,1787278739.9715214,-246.6639363525769,-187.27605699130743,1350.0612943315473,14.045704274346779,-18.499795226443027,2.9745223564355367e-19
1787278768.7995973,resting,fast,1787278739.9715214,-247.7349705040583,-186.76704892441228,1351.9459139290366,14.007528669329634,-18.580122787804,2.976241434605316e-19
1787278768.8107414,resting,fast,1787278739.9715214,-245.7801426083738,-184.73362758324754,1349.232311266861,13.855022068742333,-18.43351069562796,2.969896983145053e-19
1787278768.8218024,resting,fast,1787278739.9715214,-247.182552123812,-184.393851961334,1355.726710345537,13.829538897098718,-18.53869140928561,2.9747896498233e-19
1787278768.8329084,resting,fast,1787278739.9715214,-247.2094058335656,-183.50360687759496,1354.5277650713333,13.762770515818264,-18.54070543751738,2.9743477921582304e-19
1787278768.8439677,resting,fast,1787278739.9715214,-248.24586199421492,-183.58224412296806,1357.114932571515,13.768668309221471,-18.61843964956598,2.9796762393699653e-19
1787278768.855269,resting,fast,1787278739.9715214,-247.71510777639605,-184.29143728617066,1352.4977574632567,13.821857796461703,-18.578633083229633,2.9750361596942458e-19
1787278768.8662724,resting,fast,1787278739.9715214,-247.13203748342903,-185.5883673354873,1354.3958168045092,13.919127550160301,-18.534902811256956,2.979171405450614e-19
1787278768.8773117,resting,fast,1787278739.9715214,-247.80507672225895,-185.60654886126974,1356.907716819941,13.920491164593972,-18.585380754169073,2.977425456414251e-19
1787278768.8885057,resting,fast,1787278739.9715214,-247.024471498788,-184.4888432265426,1356.1603610414377,13.836663241989672,-18.526835362409102,2.979234386382633e-19
1787278768.899435,resting,fast,1787278739.9715214,-246.49798986506585,-183.88425343656138,1352.6267274243373,13.79131900774097,-18.487349239879435,2.9764272019800306e-19
1787278768.910602,resting,fast,1787278739.9715214,-244.6304708237226,-183.55519520784435,1347.2514689606678,13.76663964058719,-18.347285311779046,2.977066961196409e-19
1787278768.9216876,resting,fast,1787278739.9715214,-245.54595445103723,-185.06136376295797,1345.5970714029472,13.87960228222055,-18.41594658382764,2.976221413563915e-19
1787278768.932809,resting,fast,1787278739.9715214,-246.26208190768784,-186.49706080909493,1345.4963527451573,13.987279560680808,-18.4696561430765,2.977374002613885e-19
1787278768.9438946,resting,fast,1787278739.9715214,-245.93408205215064,-185.91396107923185,1343.113537718723,13.943547080941176,-18.445056153911153,2.971996397207069e-19
1787278768.9550223,resting,fast,1787278739.9715214,-245.3377091687139,-184.62513357918726,1345.3507788145098,13.846885018437735,-18.400328187653102,2.970722213706743e-19
1787278768.9660258,resting,fast,1787278739.9715214,-245.36970176088153,-183.40513707406296,1349.796094332295,13.755385280553472,-18.402727632065996,2.9718235140993063e-19
1787278768.9772809,resting,fast,1787278739.9715214,-245.6431215980515,-184.37328539907833,1346.328474226876,13.82799640492961,-18.423234119853532,2.974206708064116e-19
1787278768.9886513,resting,fast,1787278739.9715214,-245.4238520091435,-184.65642390665596,1344.4569464244914,13.849231792997958,-18.406788900685612,2.9769955236661067e-19
1787278768.9994454,resting,fast,1787278739.9715214,-245.5569780825267,-185.18879322617875,1345.1338190128563,13.889159491962122,-18.41677335618941,2.980949392792325e-19
1787278769.0104668,resting,fast,1787278739.9715214,-245.46787737337536,-185.08426752302887,1348.2861712105323,13.881320064226063,-18.410090803003058,2.9803511060843212e-19
1787278769.0216675,resting,fast,1787278739.9715214,-245.8245894406814,-183.98836478997748,1350.992374504759,13.799127359246913,-18.43684420805088,2.979801336294295e-19
1787278769.032677,resting,fast,1787278739.9715214,-245.80448889877198,-184.72662727881232,1349.951471857613,13.8544970459097,-18.435336667407633,2.9787074506143183e-19
1787278769.0436795,resting,fast,1787278739.9715214,-245.60571336749172,-183.54221029965413,1354.431178010639,13.76566577247269,-18.420428502561435,2.9826531445582314e-19
1787278769.054862,resting,fast,1787278739.9715214,-245.26609235770002,-183.30514482569686,1354.5062073530926,13.747885861925969,-18.394956926827525,2.985107324022977e-19
1787278769.0659475,resting,fast,1787278739.9715214,-244.70499146421162,-180.61799320610146,1352.6599150717439,13.546349490456425,-18.352874359815544,2.9832158667549115e-19
1787278769.077044,resting,fast,1787278739.9715214,-244.43734728583377,-180.90736268829357,1347.5173935726261,13.568052201620649,-18.33280104643721,2.981487464320914e-19
1787278769.0882738,resting,fast,1787278739.9715214,-243.78259604046934,-180.8401710495924,1344.2769286192151,13.563012828718303,-18.28369470303509,2.9787283287412674e-19
1787278769.0993085,resting,fast,1787278739.9715214,-244.27796741040447,-184.23520541100595,1344.4766917660136,13.81764040582441,-18.32084755578019,2.9810033541482803e-19
1787278769.1103933,resting,fast,1787278739.9715214,-244.48007986095809,-183.898715736785,1346.0440423788723,13.792403680257625,-18.33600598957188,2.9797375357295093e-19
1787278769.1215506,resting,fast,1787278739.9715214,-245.34512166772538,-186.34628181637697,1345.7041011019346,13.975971136227049,-18.40088412507926,2.9827487186361184e-19
1787278769.1326096,resting,fast,1787278739.9715214,-245.54213303422375,-184.24855211978627,1347.5908201921275,13.818641408982916,-18.41565997756672,2.982679028798311e-19
1787278769.1436982,resting,fast,1787278739.9715214,-247.14722210544414,-184.57463038163803,1352.1118748144427,13.843097278621716,-18.5360416579082,2.985166968877726e-19
1787278769.1546822,resting,fast,1787278739.9715214,-247.27906309661876,-183.24968522506913,1356.5088964935321,13.743726391879253,-18.545929732246385,2.9817682230155085e-19
1787278769.1658025,resting,fast,1787278739.9715214,-245.3755062863661,-181.66312707441705,1350.662812417976,13.624734530580174,-18.40316297147737,2.9769817526995638e-19
1787278769.17697,resting,fast,1787278739.9715214,-243.96734222896475,-182.57627895920098,1345.9499786930364,13.693220921939076,-18.297550667172125,2.9794885841410817e-19
1787278769.1881795,resting,fast,1787278739.9715214,-243.64067767004644,-182.25383551648576,1343.9544592649208,13.669037663735057,-18.273050825253428,2.981582904590787e-19
1787278769.1991405,resting,fast,1787278739.9715214,-244.70288853070588,-182.99881023736896,1346.9442530722217,13.724910767801394,-18.35271663980283,2.982060036633237e-19
1787278769.2102919,resting,fast,1787278739.9715214,-245.5323903696294,-183.20218862604418,1345.4031863316332,13.740164146952,-18.414929277721853,2.9748293916118498e-19
1787278769.221428,resting,fast,1787278739.9715214,-247.04183652057554,-184.21228930533982,1347.9278501656563,13.815921697899459,-18.52813773904314,2.977271883012474e-19
1787278769.2324152,resting,fast,1787278739.9715214,-246.89176481013737,-185.2966240052982,1346.8002122936805,13.897246800395951,-18.51688236076025,2.9781404053144583e-19
1787278769.2435853,resting,fast,1787278739.9715214,-246.4887096913003,-184.1753119741428,1350.2702160753133,13.813148398059656,-18.48665322684733,2.983670785303056e-19
1787278769.2547405,resting,fast,1787278739.9715214,-244.61048955502656,-181.1868359301285,1347.2515418054,13.589012694758328,-18.34578671662684,2.98229267016972e-19
1787278769.26568,resting,fast,1787278739.9715214,-246.24131848800107,-180.39726177832188,1351.656053624788,13.529794633372976,-18.46809888659989,2.989022079373205e-19
1787278769.2768586,resting,fast,1787278739.9715214,-246.61191928056041,-180.77534237103885,1350.5794794006952,13.558150677826749,-18.49589394604184,2.98887962154548e-19
1787278769.2880352,resting,fast,1787278739.9715214,-246.61201880912768,-182.82843585219587,1348.334241274607,13.712132688913588,-18.49590141068459,2.983973691451755e-19
1787278769.2990613,resting,fast,1787278739.9715214,-244.2056042005238,-182.91228785769033,1342.754598994029,13.718421589325676,-18.315420315039212,2.9754237470707364e-19
1787278769.3102336,resting,fast,1787278739.9715214,-244.2331410549691,-183.8578839341891,1342.0103129203862,13.789341295062915,-18.317485579122604,2.9727020625018503e-19
1787278769.3246431,resting,fast,1787278739.9715214,-244.3861610329718,-183.85424472287525,1342.2814258996086,13.789068354214596,-18.32896207747271,2.976408592997191e-19
1787278769.3323345,resting,fast,1787278739.9715214,-245.38667225731615,-183.86724539563227,1342.2226786751298,13.7900434046711,-18.404000419298498,2.9806358303047017e-19
1787278769.343464,resting,fast,1787278739.9715214,-245.31572325739444,-182.53551351567978,1343.2734364786038,13.690163513674793,-18.398679244304397,2.9843060255282327e-19
1787278769.3580186,resting,fast,1787278739.9715214,-245.51604592991816,-182.91168787553045,1343.827116524385,13.718376590663599,-18.41370344474359,2.9840329659960414e-19
1787278769.3654578,resting,fast,1787278739.9715214,-244.87399568839965,-183.14035009167185,1347.7221803156363,13.735526256874184,-18.36554967662987,2.9866950565035785e-19
1787278769.3768253,resting,fast,1787278739.9715214,-244.06931474782823,-184.13880697203956,1347.6206920808936,13.810410522901922,-18.305198606087032,2.9887483814247866e-19
1787278769.3879893,resting,fast,1787278739.9715214,-243.86253126089787,-183.49461965601097,1348.6503971578923,13.762096474199684,-18.28968984456727,2.9875245716966265e-19
1787278769.398752,resting,fast,1787278739.9715214,-244.4294353222408,-183.09357145167826,1347.434524281437,13.732017858874816,-18.33220764916784,2.985942630740697e-19
1787278769.4100156,resting,fast,1787278739.9715214,-244.61313615845438,-181.75839014004384,1349.3448063157875,13.631879260502163,-18.345985211883786,2.9839112462266717e-19
1787278769.421262,resting,fast,1787278739.9715214,-244.9222108053532,-182.06243785062168,1350.1483689095703,13.654682838795427,-18.369165810401306,2.9865254449538185e-19
1787278769.4322536,resting,fast,1787278739.9715214,-245.08010934824733,-183.44101093111874,1351.846509214046,13.758075819832886,-18.381008201118405,2.9923749509776883e-19
1787278769.4431899,resting,fast,1787278739.9715214,-245.87507663597216,-184.34536819238122,1350.032735439071,13.825902614427623,-18.440630747697817,2.9873574904414005e-19
1787278769.4572296,resting,fast,1787278739.9715214,-246.16044601786007,-184.2875116939489,1353.7293092387436,13.821563377044829,-18.462033451339295,2.993672581947465e-19
1787278769.4654849,resting,fast,1787278739.9715214,-244.59775805050276,-183.27258259993198,1350.0996232502157,13.745443694993785,-18.344831853787596,2.9868154537962665e-19
1787278769.4766262,resting,fast,1787278739.9715214,-242.39077788109307,-181.59604593685242,1345.40561371071,13.619703445262434,-18.17930834108185,2.988555571718904e-19
1787278769.490315,resting,fast,1787278739.9715214,-241.32338035772364,-179.74349576019006,1340.627736396741,13.48076218201297,-18.099253526829266,2.9822576963351517e-19
1787278769.4989784,resting,fast,1787278739.9715214,-242.8069406253503,-179.24113990908165,1344.503886212803,13.44308549318001,-18.210520546901115,2.987709512543152e-19
1787278769.5099406,resting,fast,1787278739.9715214,-244.95526286291488,-182.68510432283995,1351.0558536683047,13.70138282421178,-18.37164471471852,2.995458314189933e-19
1787278769.5242682,resting,fast,1787278739.9715214,-245.96499067671584,-184.26212320100524,1352.3537828428553,13.819659240074134,-18.447374300753516,2.9988652404725342e-19
1787278769.5321853,resting,fast,1787278739.9715214,-245.6143987276978,-185.26150768426157,1349.2403556223062,13.894613076318695,-18.421079904577304,2.9961524991316887e-19
1787278769.543332,resting,fast,1787278739.9715214,-244.83755785037965,-182.6859777795845,1349.9980685685123,13.701448333467727,-18.36281683877838,2.9952029490831556e-19
1787278769.5571709,resting,fast,1787278739.9715214,-244.23566775752488,-183.40393930383664,1349.243816855068,13.755295447786569,-18.317675081814244,2.991856636533308e-19
1787278769.5652716,resting,fast,1787278739.9715214,-243.87402223070558,-182.81210749620357,1346.201710259581,13.710908062213964,-18.29055166730268,2.986016463567622e-19
1787278769.5765202,resting,fast,1787278739.9715214,-243.1896911746394,-183.22460182240582,1339.2406813767984,13.741845136679078,-18.239226838097764,2.9778252275304416e-19
1787278769.5877237,resting,fast,1787278739.9715214,-242.73228808402337,-182.36308659761528,1337.5454501035701,13.677231494820024,-18.204921606301475,2.97442069512528e-19
1787278769.5987258,resting,fast,1787278739.9715214,-243.56691519527567,-182.58361941978103,1346.7575921824455,13.693771456482526,-18.267518639645374,2.983608397309379e-19
1787278769.6098244,resting,fast,1787278739.9715214,-244.4840446625626,-182.7755736075452,1353.3654608865008,13.708168020564617,-18.336303349692287,2.990778768774957e-19
1787278769.6211314,resting,fast,1787278739.9715214,-245.52806719865794,-183.19473500477022,1355.670715669,13.739605125356608,-18.414605039899335,2.9993081525432857e-19
1787278769.6319208,resting,fast,1787278739.9715214,-245.20513532485666,-182.7883491198844,1349.4382275970884,13.70912618399014,-18.39038514936405,2.993434949942721e-19
1787278769.6429484,resting,fast,1787278739.9715214,-245.36769424877411,-181.9088813255895,1348.9415132168497,13.643166099418128,-18.402577068657713,2.989341003523433e-19
1787278769.6543171,resting,fast,1787278739.9715214,-245.49007809447585,-183.25618211846802,1355.1012086347173,13.744213658883883,-18.411755857085538,2.989893218438096e-19
1787278769.6650863,resting,fast,1787278739.9715214,-245.5131325944999,-183.26237183940623,1356.359798898372,13.74467788795447,-18.413484944587267,2.990115263402887e-19
1787278769.676436,resting,fast,1787278739.9715214,-244.0278496896176,-184.02867128161313,1353.2244179604158,13.802150346119792,-18.30208872672111,2.989509641255128e-19
1787278769.691092,resting,fast,1787278739.9715214,-243.1225684046335,-181.3386463767555,1346.7256922030456,13.600398478255531,-18.234192630347394,2.9837077963124235e-19
1787278769.6983178,resting,fast,1787278739.9715214,-243.02849369155638,-181.6028291045892,1344.1786086677957,13.620212182843066,-18.2271370268665,2.9838723225160622e-19
1787278769.7097163,resting,fast,1787278739.9715214,-243.5909222795267,-181.33699857963745,1346.3695212139019,13.600274893471639,-18.269319170964273,2.9873989589237786e-19
1787278769.720925,resting,fast,1787278739.9715214,-243.28043381155248,-180.98386577455983,1344.0530760642478,13.573789933090769,-18.2460325358662,2.984558108076706e-19
1787278769.7318895,resting,fast,1787278739.9715214,-242.58178618105876,-180.58282001158216,1344.0867850354543,13.543711500867449,-18.19363396357918,2.984599790381976e-19
1787278769.743015,resting,fast,1787278739.9715214,-243.26467518951222,-180.15400379357004,1344.7594141484851,13.511550284516677,-18.24485063921353,2.983661488338648e-19
1787278769.7542455,resting,fast,1787278739.9715214,-244.02295279762666,-181.77082745327573,1348.6920132550686,13.63281205899445,-18.301721459821806,2.9878089668890455e-19
1787278769.7650847,resting,fast,1787278739.9715214,-244.7956809099901,-181.45730949275492,1351.706807218211,13.609298211955494,-18.359676068249115,2.9900415583590893e-19
1787278769.7763135,resting,fast,1787278739.9715214,-243.0062252894636,-181.16376234771758,1345.4572415641296,13.587282176077625,-18.22546689670957,2.9871541197129637e-19
1787278769.7875872,resting,fast,1787278739.9715214,-241.52575571655098,-180.7069802263976,1341.9268416446057,13.55302351697863,-18.114431678741077,2.988797264213014e-19
1787278769.7984133,resting,fast,1787278739.9715214,-241.18680664719295,-181.94515897363056,1337.8960336886494,13.645886923021013,-18.08901049853919,2.985827494755339e-19
1787278769.8096793,resting,fast,1787278739.9715214,-241.86556299382346,-182.42460124630963,1340.8853084608882,13.681845093471981,-18.139917224536674,2.9896255685164093e-19
1787278769.820651,resting,fast,1787278739.9715214,-243.19971009430583,-183.12590534762842,1345.0515452454993,13.734442901071066,-18.239978257072757,2.989669399966421e-19
1787278769.8318217,resting,fast,1787278739.9715214,-244.0949308749009,-182.90502238055967,1352.1800856723921,13.717876678540936,-18.30711981561729,2.9919857276273077e-19
1787278769.8428934,resting,fast,1787278739.9715214,-244.0274346483743,-183.12575014457582,1352.413430006217,13.734431260842204,-18.302057598627975,2.9888868169415615e-19
1787278769.8540952,resting,fast,1787278739.9715214,-243.83427492819328,-182.63262431556188,1352.3739778845093,13.697446823665718,-18.287570619614257,2.986021745306998e-19
1787278769.8647983,resting,fast,1787278739.9715214,-242.20231080948588,-183.58798818673847,1344.5960724119586,13.769099114004124,-18.165173310711317,2.9861748860040392e-19
1787278769.8759525,resting,fast,1787278739.9715214,-242.4349111552251,-183.37857870510868,1344.2024115893537,13.753393402881944,-18.18261833664156,2.9858354647154735e-19
1787278769.8873,resting,fast,1787278739.9715214,-242.0282709124317,-183.92440033368382,1344.4362927745815,13.794330025024966,-18.152120318432104,2.9903446397503147e-19
1787278769.8984196,resting,fast,1787278739.9715214,-242.89000340235225,-182.21346851490227,1347.5792486630844,13.66601013861656,-18.216750255176066,2.98946745253851e-19
1787278769.909576,resting,fast,1787278739.9715214,-242.76298905590784,-182.6153924243862,1350.0109917029304,13.696154431827924,-18.207224179192885,2.994155698567463e-19
1787278769.9203885,resting,fast,1787278739.9715214,-242.6824422034956,-182.19543214275734,1346.920694117066,13.664657410705548,-18.2011831652622,2.9893151131531185e-19
1787278769.9313383,resting,fast,1787278739.9715214,-241.82161134049647,-182.4644530338336,1343.3531100018508,13.684833977536275,-18.136620850537106,2.986615683963574e-19
1787278769.9426517,resting,fast,1787278739.9715214,-242.85307473257717,-182.77041315189138,1343.6744759310523,13.707780986390535,-18.213980604943067,2.987646886263257e-19
1787278769.9539711,resting,fast,1787278739.9715214,-243.31294533824575,-182.9921028443872,1345.1430505707895,13.724407713327938,-18.248470900368183,2.9911095733293976e-19
1787278769.9650042,resting,fast,1787278739.9715214,-243.8858024332635,-183.07059106224813,1349.4014329244028,13.73029432966749,-18.291435182494673,2.992766632447845e-19
1787278769.9761043,resting,fast,1787278739.9715214,-243.2068277413896,-183.43222846295419,1349.606069146218,13.757417134720445,-18.240512080604113,2.991452744268671e-19
1787278769.9910223,resting,fast,1787278739.9715214,-243.19590585407468,-183.16971396727956,1349.150572243957,13.737728547544823,-18.23969293905543,2.992061995638756e-19
1787278769.9980829,resting,fast,1787278739.9715214,-242.086044404527,-181.71178083115376,1347.7265985790536,13.628383562335063,-18.156453330339424,2.992551440942586e-19
1787278770.0094593,resting,fast,1787278739.9715214,-242.69691502279193,-179.7716980313711,1347.8675210599313,13.482877352351782,-18.202268626709248,2.992193067094827e-19
1787278770.0205486,resting,fast,1787278739.9715214,-242.69718027546014,-178.83767773596526,1349.964697111648,13.41282583019606,-18.202288520659465,2.9915817872079146e-19
1787278770.0315754,resting,fast,1787278739.9715214,-244.4600506769625,-179.44028533890048,1352.5255324299533,13.458021400416332,-18.334503800772225,2.994763044603063e-19
1787278770.042711,resting,fast,1787278739.9715214,-243.77874860715974,-180.87105151390153,1350.8481741861442,13.565328863541755,-18.28340614553683,2.992764331103229e-19
1787278770.053767,resting,fast,1787278739.9715214,-242.75881465375323,-181.40530121355584,1348.4978941317559,13.605397591015578,-18.206911099031437,2.9904908140721666e-19
1787278770.064977,resting,fast,1787278739.9715214,-241.76491980417586,-181.9759929625319,1344.7207636018074,13.648199472188711,-18.132368985313178,2.9876850048145347e-19
1787278770.076007,resting,fast,1787278739.9715214,-242.5382273599712,-181.67709438226132,1344.94309213207,13.625782078668468,-18.190367051997605,2.988120135428085e-19
1787278770.0871546,resting,fast,1787278739.9715214,-243.93603194528214,-182.46145859051433,1346.2684826396971,13.68460939428741,-18.295202395895984,2.989050372598283e-19
1787278770.098164,resting,fast,1787278739.9715214,-244.39407753468504,-183.72809715481878,1351.4312758004862,13.77960728661036,-18.329555815101116,2.991245599191222e-19
1787278770.1093063,resting,fast,1787278739.9715214,-243.75040753181247,-183.02728665330903,1353.4928824714398,13.72704649899693,-18.281280564885947,2.994460882032215e-19
1787278770.1224604,resting,fast,1787278739.9715214,-242.63102828529145,-182.37419395509266,1352.2363010836934,13.678064546630683,-18.19732712139659,2.9922844390253185e-19
1787278770.131514,resting,fast,1787278739.9715214,-242.27094698121482,-180.3272316291733,1349.1304301879345,13.524542372187032,-18.170321023590915,2.9912415185670556e-19
1787278770.1426368,resting,fast,1787278739.9715214,-241.6662360711057,-180.87458537270652,1343.791418398111,13.565593902951608,-18.12496770533231,2.986287031728258e-19
1787278770.1575108,resting,fast,1787278739.9715214,-241.8668414648996,-180.0399353615163,1343.6225174694837,13.502995152112636,-18.140013109867304,2.9866072032799997e-19
1787278770.1645622,resting,fast,1787278739.9715214,-241.40771790747795,-179.77164593559962,1344.7001363256486,13.482873445169236,-18.1055788430605,2.987179240502694e-19
1787278770.1756144,resting,fast,1787278739.9715214,-242.82840464735864,-179.59025381550794,1351.7411822809909,13.46926903616168,-18.212130348551824,2.992625919557414e-19
1787278770.1897967,resting,fast,1787278739.9715214,-242.03512839504901,-179.9798170510902,1350.9365796225638,13.498486278830573,-18.1526346296286,2.9937597567744103e-19
1787278770.1980608,resting,fast,1787278739.9715214,-242.4018332025039,-181.7208019224969,1349.3412263662603,13.629060144186074,-18.18013749018764,2.9904472190763955e-19
1787278770.2092686,resting,fast,1787278739.9715214,-241.067316843149,-181.88086300057205,1340.7912534747747,13.641064725041549,-18.08004876323602,2.9847917361467203e-19
1787278770.2231426,resting,fast,1787278739.9715214,-242.05818903590034,-183.46355146227904,1342.7783312042784,13.759766359669786,-18.154364177692422,2.9880495346433443e-19
1787278770.231227,resting,fast,1787278739.9715214,-241.93664850150935,-182.85134826785054,1338.8707840289817,13.7138511200875,-18.145248637613093,2.9877970387696896e-19
1787278770.2423651,resting,fast,1787278739.9715214,-242.0185489266555,-182.4829150199688,1342.738403404991,13.686218626496444,-18.15139116949903,2.988179527639966e-19
1787278770.2552538,resting,fast,1787278739.9715214,-242.41380460016308,-181.12902511721165,1344.647591573178,13.584676883789673,-18.181035345012106,2.986770308238806e-19
1787278770.2645688,resting,fast,1787278739.9715214,-243.84962675892393,-180.73449005944224,1351.8360604198651,13.555086754457111,-18.28872200691921,2.991566733906314e-19
1787278770.2758603,resting,fast,1787278739.9715214,-243.2686821395787,-180.31765909747367,1351.347777223281,13.5238244323095,-18.245151160468367,2.9948198889572037e-19
1787278770.2895722,resting,fast,1787278739.9715214,-243.30906311915032,-181.32747561084022,1350.9731600268196,13.599560670811886,-18.248179733936198,2.9925213419952244e-19
1787278770.2977922,resting,fast,1787278739.9715214,-242.02879924571016,-181.78715367348366,1347.571972548506,13.634036525510187,-18.152159943428323,2.9883564040034273e-19
1787278770.309077,resting,fast,1787278739.9715214,-243.62536328387841,-183.1902442226493,1350.391812110288,13.739268316697395,-18.271902246290843,2.987146260379054e-19
1787278770.3220382,resting,fast,1787278739.9715214,-242.14961803095002,-182.7917643189138,1344.058763514925,13.709382323917229,-18.161221352320958,2.9852220722924334e-19
1787278770.331289,resting,fast,1787278739.9715214,-241.8914516526661,-182.10348352804488,1342.6207910215753,13.657761264602176,-18.14185887394985,2.9849842194895876e-19
1787278770.3424983,resting,fast,1787278739.9715214,-240.08349681689606,-180.0445552485304,1337.0505976516079,13.503341643638468,-18.006262261266976,2.985269256820413e-19
1787278770.355142,resting,fast,1787278739.9715214,-240.15304663374673,-178.57691897104326,1340.1965614838837,13.393268922827065,-18.01147849753074,2.986684088997201e-19
1787278770.364713,resting,fast,1787278739.9715214,-241.57230158349694,-179.24464567319671,1342.6188893201206,13.443348425488626,-18.11792261876198,2.989840940147789e-19
1787278770.3757448,resting,fast,1787278739.9715214,-243.69327701788507,-181.18392917741141,1348.463522690271,13.588794688304748,-18.276995776341145,2.9895079935227537e-19
1787278770.3890715,resting,fast,1787278739.9715214,-245.46057211151538,-182.3328451389874,1351.4265204345602,13.674963385422974,-18.409542908363335,2.995585170972963e-19
1787278770.3978996,resting,fast,1787278739.9715214,-244.70961819399463,-182.35758122919867,1350.9053899553355,13.676818592188798,-18.353221364549306,2.992732751470564e-19
1787278770.4090266,resting,fast,1787278739.9715214,-242.94244077347912,-180.3970656672899,1346.0102111970582,13.529779925045279,-18.220683058010657,2.9927755436809466e-19
1787278770.4217117,resting,fast,1787278739.9715214,-242.38053789021933,-180.57497159637808,1344.370496932269,13.543122869727146,-18.178540341766222,2.9878865565510018e-19
1787278770.4312718,resting,fast,1787278739.9715214,-242.89433151585808,-180.21970591474712,1340.7136461320579,13.51647794360466,-18.217074863689355,2.9829911652023044e-19
1787278770.442443,resting,fast,1787278739.9715214,-243.35524921760907,-181.5528217325333,1342.3211031972287,13.616461629938488,-18.25164369132036,2.981995439637796e-19
1787278770.4553142,resting,fast,1787278739.9715214,-242.82833992843598,-180.94969846756328,1340.7643803347264,13.571227385066184,-18.21212549463268,2.980125909004561e-19
1787278770.4643667,resting,fast,1787278739.9715214,-243.00608272053023,-181.92795708707297,1345.484412521585,13.644596781529206,-18.225456204039496,2.989835271383781e-19
1787278770.4756737,resting,fast,1787278739.9715214,-242.35470823228707,-181.93051839875022,1343.5729880614954,13.644788879905139,-18.17660311742106,2.9870608195909313e-19
1787278770.4881136,resting,fast,1787278739.9715214,-242.7251328127063,-181.29345071894784,1345.9355754027956,13.597008803919909,-18.204384960952787,2.9876525334149357e-19
1787278770.4976368,resting,fast,1787278739.9715214,-241.93792845557027,-180.28272981017597,1342.4592321771352,13.521204735762186,-18.14534463416758,2.9868390588117017e-19
1787278770.5087798,resting,fast,1787278739.9715214,-242.63549085406748,-180.45654790276342,1343.1539280325806,13.534241092706171,-18.197661814054747,2.987425928569832e-19
1787278770.520829,resting,fast,1787278739.9715214,-243.0201512992994,-182.2313018610738,1343.3252220309723,13.66734763957935,-18.226511347447456,2.9910737191410197e-19
1787278770.5310423,resting,fast,1787278739.9715214,-241.04929590199527,-182.46249348744584,1340.4258991833403,13.684687011557376,-18.078697192649166,2.9848320736372253e-19
1787278770.5422926,resting,fast,1787278739.9715214,-240.42999017550983,-182.41690613169374,1342.5142553432188,13.6812679598758,-18.032249263163123,2.987337180711991e-19
1787278770.5534494,resting,fast,1787278739.9715214,-241.10414127069953,-182.12079889980612,1343.7283587993907,13.659059917484075,-18.08281059530232,2.987092419151906e-19
1787278770.5643656,resting,fast,1787278739.9715214,-242.5680533513073,-181.65674243051023,1349.335152397528,13.624255682287103,-18.192604001347846,2.99015162427352e-19
1787278770.5755982,resting,fast,1787278739.9715214,-243.98446916311832,-181.72027663333654,1351.1823285883574,13.629020747499087,-18.298835187233813,2.991680571726746e-19
1787278770.586498,resting,fast,1787278739.9715214,-243.50800363267854,-180.75281519125872,1347.7568092674474,13.556461139343416,-18.263100272450828,2.987619125327953e-19
1787278770.597739,resting,fast,1787278739.9715214,-243.27303802675624,-180.6213383437929,1344.5737971587796,13.546600375783246,-18.2454778520067,2.98611394202927e-19
1787278770.6088557,resting,fast,1787278739.9715214,-243.9282917130381,-181.15640889887607,1346.9454218289948,13.58673066741466,-18.294621878477813,2.985538014385978e-19
1787278770.6199489,resting,fast,1787278739.9715214,-243.91344943287686,-181.416296845165,1350.0356749220255,13.606222263386162,-18.29350870746549,2.9893739079452996e-19
1787278770.6309166,resting,fast,1787278739.9715214,-244.20091107224516,-182.01190366355002,1351.647872286182,13.650892774765044,-18.315068330418022,2.9907089495614363e-19
1787278770.6421225,resting,fast,1787278739.9715214,-243.31007247386742,-181.47692977624672,1349.729258013228,13.6107697332173,-18.248255435539924,2.9923536007035745e-19
1787278770.6533728,resting,fast,1787278739.9715214,-243.23672102094724,-181.9909010674611,1349.865471567794,13.649317580058483,-18.242754076570805,2.9919443868832308e-19
1787278770.6642323,resting,fast,1787278739.9715214,-242.4690914568141,-180.79276636097336,1350.1133560570079,13.559457477071806,-18.185181859260872,2.994735015109774e-19
1787278770.675439,resting,fast,1787278739.9715214,-241.80553853332503,-181.77829662651072,1347.362052162537,13.633372246987083,-18.13541538999916,2.993723596090835e-19
1787278770.6865838,resting,fast,1787278739.9715214,-242.99415688500585,-181.52303094179922,1351.4598715797065,13.614227320633606,-18.22456176637528,2.9967286891220727e-19
1787278770.6976483,resting,fast,1787278739.9715214,-243.98929071079738,-183.35291371626784,1351.5152387046937,13.751468528719005,-18.29919680330979,2.9944472557873783e-19
1787278770.7087243,resting,fast,1787278739.9715214,-244.72439800680831,-182.55738562362455,1352.0017090413976,13.691803921770774,-18.354329850510453,2.99258702583639e-19
1787278770.7198699,resting,fast,1787278739.9715214,-242.6047913799207,-182.10347839660096,1344.4035198827232,13.65776087974388,-18.195359353493792,2.9859827387712977e-19
1787278770.7309303,resting,fast,1787278739.9715214,-242.12387878227992,-180.40283111977658,1340.8044721619144,13.530212333982053,-18.159290908670798,2.984148266298434e-19
1787278770.7420588,resting,fast,1787278739.9715214,-241.58879130529886,-180.5646961554295,1341.461830050749,13.542352211655842,-18.11915934789718,2.9841329745122237e-19
1787278770.753336,resting,fast,1787278739.9715214,-242.7005919221633,-182.04814509074424,1343.5249047173993,13.653610881804486,-18.202544394161983,2.988213792089129e-19
1787278770.7642796,resting,fast,1787278739.9715214,-242.90542250669523,-182.57874509111764,1347.6747346559923,13.693405881832692,-18.21790668800194,2.989440547060026e-19
1787278770.7753868,resting,fast,1787278739.9715214,-243.2232037758772,-182.23409267863974,1344.9305415691606,13.6675569508967,-18.24174028319053,2.989001235672265e-19
1787278770.7862806,resting,fast,1787278739.9715214,-242.43778231061196,-181.40028790753092,1343.0871361582495,13.605021593063743,-18.18283367329564,2.9882339756826554e-19
1787278770.7974129,resting,fast,1787278739.9715214,-241.90563372505903,-181.63792000558408,1338.6543660736434,13.622844000417548,-18.142922529379376,2.988367756570229e-19
1787278770.808485,resting,fast,1787278739.9715214,-242.99487013426688,-181.7692588922631,1343.412718605813,13.632694416918643,-18.22461526006981,2.990276822665436e-19
1787278770.8196886,resting,fast,1787278739.9715214,-244.00590232148488,-182.47538855231903,1347.065533782309,13.685654141422791,-18.30044267411128,2.9892818203314194e-19
1787278770.8307364,resting,fast,1787278739.9715214,-245.2350250813247,-182.69057123024015,1347.8592975580204,13.701792842266972,-18.392626881099012,2.9879461471089205e-19
1787278770.8418927,resting,fast,1787278739.9715214,-244.18217287424477,-182.70587098412864,1344.6398561841752,13.702940323808566,-18.3136629655681,2.9854271184231876e-19
1787278770.8530228,resting,fast,1787278739.9715214,-243.38307946729446,-182.3417516622634,1342.051449995245,13.675631374668416,-18.25373096004698,2.983682570172303e-19
1787278770.8640783,resting,fast,1787278739.9715214,-241.4825640475442,-182.04626465824379,1339.5246935616424,13.65346984936696,-18.11119230356565,2.982256909859763e-19
1787278770.8753488,resting,fast,1787278739.9715214,-241.4637811857342,-182.24174125033608,1339.9463711267408,13.668130593774098,-18.109783588930043,2.982495474978316e-19
1787278770.8864632,resting,fast,1787278739.9715214,-242.28681076238308,-181.76441387315197,1343.4968507779404,13.632331040485173,-18.1715108071785,2.9861166563601827e-19
1787278770.8973887,resting,fast,1787278739.9715214,-242.96355120905673,-181.9606269591094,1348.6840988859904,13.6470470219321,-18.222266340679077,2.985106516476376e-19
1787278770.9084938,resting,fast,1787278739.9715214,-242.7796331611703,-181.12490632972788,1348.9985323996889,13.584367974728469,-18.208472487087633,2.982308836678151e-19
1787278770.9197276,resting,fast,1787278739.9715214,-242.13517802706656,-181.30017158973112,1344.0014286840478,13.597512869228712,-18.160138352029612,2.9784350068616013e-19
1787278770.9305744,resting,fast,1787278739.9715214,-242.2297305832658,-181.30841838088133,1342.0215468695123,13.598131378564847,-18.167229793744838,2.9821180989986707e-19
1787278770.9416769,resting,fast,1787278739.9715214,-242.214036173737,-182.28407173175322,1344.3451317001663,13.671305379880327,-18.166052713030076,2.9838498354595473e-19
1787278770.9529157,resting,fast,1787278739.9715214,-242.4885012011805,-180.8342678065884,1347.4182319683614,13.562570085493082,-18.186637590088523,2.9861128486314725e-19
1787278770.9639518,resting,fast,1787278739.9715214,-241.9727586956028,-179.93293205234102,1344.2985091941982,13.49496990392436,-18.147956902169966,2.9789952471179434e-19
1787278770.9751568,resting,fast,1787278739.9715214,-240.20386875153554,-178.73964357469129,1340.179057006574,13.405473268100497,-18.015290156365047,2.9765665113678387e-19
1787278770.9862711,resting,fast,1787278739.9715214,-240.1458551970568,-179.7127372978124,1337.1295266719326,13.478455297334794,-18.010939139779353,2.972229005006493e-19
1787278770.9970114,resting,fast,1787278739.9715214,-239.995532517833,-179.97690846036983,1337.3893238989758,13.498268134526516,-17.999664938837185,2.972567753033638e-19
1787278771.0083764,resting,fast,1787278739.9715214,-242.25484665677368,-180.96334425420207,1340.6530544283041,13.572250819063985,-18.16911349925787,2.978859647257648e-19
1787278771.0196393,resting,fast,1787278739.9715214,-242.48155448293028,-181.54441243422264,1342.030569635287,13.615830932565348,-18.186116586219676,2.9796722006774038e-19
1787278771.0305789,resting,fast,1787278739.9715214,-244.6677648095333,-183.15670849474316,1347.6096935152627,13.736753137104433,-18.350082360714623,2.983338731487112e-19
1787278771.0419133,resting,fast,1787278739.9715214,-244.97728420568592,-182.66957166107034,1348.4195523976841,13.700217874579241,-18.373296315426046,2.980220525388026e-19
1787278771.0526614,resting,fast,1787278739.9715214,-244.72496932283912,-182.6247626321125,1346.1737854685061,13.696857197407343,-18.354372699212718,2.9781155479509934e-19
1787278771.0639014,resting,fast,1787278739.9715214,-245.2600021702924,-182.90474637340765,1343.0381971657198,13.717855978004312,-18.394500162771934,2.972875902432423e-19
1787278771.0750475,resting,fast,1787278739.9715214,-244.53683966713152,-183.95570860962368,1341.0735231744593,13.796678145720481,-18.34026297503477,2.969547201532217e-19
1787278771.0859385,resting,fast,1787278739.9715214,-246.18554542646916,-184.60848437844686,1345.615770186846,13.845636328382245,-18.463915906985186,2.9750083773210147e-19
1787278771.0969393,resting,fast,1787278739.9715214,-246.24031892918129,-185.34239873485728,1352.8123432450366,13.900679905113169,-18.468023919688655,2.9804745160116517e-19
1787278771.1083086,resting,fast,1787278739.9715214,-247.3806968238473,-185.6696673790865,1354.7826991428346,13.925225053430214,-18.553552261788383,2.983706587654028e-19
1787278771.119503,resting,fast,1787278739.9715214,-246.7528032940304,-186.35389118856904,1354.6130830522807,13.976541839141635,-18.506460247052182,2.981949707867622e-19
1787278771.130436,resting,fast,1787278739.9715214,-246.0858608171934,-184.37868246488358,1351.963223193091,13.828401184864948,-18.456439561289564,2.9805780962443065e-19
1787278771.1416228,resting,fast,1787278739.9715214,-246.20664025794622,-183.0995025176543,1349.8746377824618,13.73246268882291,-18.465498019346,2.978843069662153e-19
1787278771.152726,resting,fast,1787278739.9715214,-246.69116250228353,-183.24286145650728,1349.4794776416993,13.743214609236663,-18.50183718767105,2.978457733658723e-19
1787278771.1636522,resting,fast,1787278739.9715214,-247.19329126148432,-184.10853415708755,1349.136981560815,13.808140061780453,-18.53949684461105,2.981849471583047e-19
1787278771.174826,resting,fast,1787278739.9715214,-245.89856151203958,-185.65563193477772,1345.1785507919512,13.92417239510728,-18.442392113402953,2.9779213066038096e-19
1787278771.1860876,resting,fast,1787278739.9715214,-244.83402107315897,-185.23797776443791,1343.2458063367003,13.892848332331742,-18.362551580486823,2.976337745380827e-19
1787278771.197024,resting,fast,1787278739.9715214,-245.33013718743905,-185.11524378772754,1343.4040709811552,13.883643284078435,-18.399760289057916,2.9732672253126353e-19
1787278771.208211,resting,fast,1787278739.9715214,-244.81106955315272,-183.29924751989972,1345.9398479155816,13.747443563991073,-18.360830216486377,2.9728745992545164e-19
1787278771.2192044,resting,fast,1787278739.9715214,-246.58849809946105,-184.61280317656303,1349.3863020200815,13.845960238241222,-18.494137357459536,2.9762694744484097e-19
1787278771.2303834,resting,fast,1787278739.9715214,-245.76724983587837,-185.53823240429153,1345.5262306876766,13.915367430320831,-18.43254373769072,2.974754560688583e-19
1787278771.24157,resting,fast,1787278739.9715214,-246.64641373073164,-186.58149616838853,1345.293708467786,13.993612212627827,-18.49848102980463,2.974210550040766e-19
1787278771.2526326,resting,fast,1787278739.9715214,-244.98174505012184,-186.2137129647598,1343.5993988186901,13.966028472355763,-18.373630878758988,2.9725704025650987e-19
1787278771.2637863,resting,fast,1787278739.9715214,-245.53616954717154,-186.140070279317,1348.7803347759027,13.960505270947625,-18.41521271603763,2.9727245766160015e-19
1787278771.2747598,resting,fast,1787278739.9715214,-247.0831118562851,-188.247698109196,1351.2067165655908,14.11857735818845,-18.53123338922115,2.9773240526261634e-19
1787278771.286007,resting,fast,1787278739.9715214,-247.6361004828027,-187.0227689183297,1351.4686150925054,14.026707668873716,-18.572707536209855,2.9772661921454657e-19
1787278771.296993,resting,fast,1787278739.9715214,-246.96308530448687,-185.98374396455972,1350.6021700792508,13.948780797340849,-18.52223139783625,2.9817384743052963e-19
1787278771.3081484,resting,fast,1787278739.9715214,-245.49225071506817,-183.66771492313444,1349.0993421347075,13.775078619233614,-18.411918803630158,2.982072044471989e-19
1787278771.3193283,resting,fast,1787278739.9715214,-244.00375581810158,-183.4555443584187,1346.217089965311,13.759165826880267,-18.300281686357565,2.9786722367117273e-19
1787278771.3303752,resting,fast,1787278739.9715214,-243.69341774492887,-183.76902458188863,1343.8175486259506,13.782676843640605,-18.277006330869696,2.973440658726765e-19
1787278771.3415046,resting,fast,1787278739.9715214,-243.81937058182893,-184.18167739976332,1344.8680549020728,13.813625804981289,-18.286452793637068,2.9740566221295436e-19
1787278771.3525593,resting,fast,1787278739.9715214,-244.88109741107155,-186.72885219078591,1346.1493915402834,14.004663914307745,-18.366082305830176,2.976445518501447e-19
1787278771.3637276,resting,fast,1787278739.9715214,-245.66025519270306,-187.6124750653795,1350.0096810934347,14.070935629902326,-18.424519139452578,2.984340097967781e-19
1787278771.3747492,resting,fast,1787278739.9715214,-246.3108339571113,-187.7236305709763,1349.9272501049481,14.079272292822015,-18.473312546782985,2.984271437157249e-19
1787278771.3858345,resting,fast,1787278739.9715214,-246.86871311678487,-186.25900176923085,1350.6060523082806,13.969425132691004,-18.515153483758702,2.9853983051978683e-19
1787278771.396977,resting,fast,1787278739.9715214,-248.13622474771228,-186.3331489328292,1351.5148620253121,13.974986169960903,-18.61021685607834,2.9801013003371213e-19
1787278771.4077282,resting,fast,1787278739.9715214,-248.195094363095,-186.95322691608987,1353.1687917101435,14.02149201870579,-18.61463207723215,2.9791717829915006e-19
1787278771.4190853,resting,fast,1787278739.9715214,-247.03632119990243,-186.07711679045667,1350.5768972399446,13.955783759282983,-18.527724089992645,2.9769281639706446e-19
1787278771.4302855,resting,fast,1787278739.9715214,-246.06730040232787,-184.55517481052527,1352.3263325211965,13.841638110788285,-18.455047530174454,2.980613174210496e-19
1787278771.4414134,resting,fast,1787278739.9715214,-245.14775658876306,-182.70733202097392,1346.6413042639442,13.703049901571934,-18.386081744156982,2.978305111834696e-19
1787278771.4524553,resting,fast,1787278739.9715214,-245.58371052814846,-184.1547144525781,1347.8029260073936,13.811603583942077,-18.41877828961092,2.9747882061434075e-19
1787278771.4635105,resting,fast,1787278739.9715214,-245.50306936440165,-185.70091836964923,1344.5653135967887,13.927568877722482,-18.412730202329946,2.972492974738306e-19
1787278771.4747093,resting,fast,1787278739.9715214,-245.35478542594274,-186.55485951144044,1348.6869400674068,13.991614463357042,-18.401608906945533,2.973416592277295e-19
1787278771.4857075,resting,fast,1787278739.9715214,-246.00326995257956,-185.93369040374353,1348.3304083775447,13.945026780279523,-18.45024524644301,2.974563948014719e-19
1787278771.4968848,resting,fast,1787278739.9715214,-246.94951407026065,-185.18020712528903,1350.2272413824949,13.888515534395584,-18.521213555269256,2.97754491033841e-19
1787278771.5079799,resting,fast,1787278739.9715214,-248.09099587187984,-185.0758029730124,1351.267878462916,13.880685222974908,-18.606824690390987,2.9817837457317795e-19
1787278771.5189593,resting,fast,1787278739.9715214,-247.3062813581996,-184.04113978156136,1353.2461401702158,13.803085483615892,-18.54797110186483,2.983665784699495e-19
1787278771.5301108,resting,fast,1787278739.9715214,-247.32130984929108,-184.48604761553804,1354.0910410539573,13.836453571164117,-18.549098238696686,2.980287226946807e-19
1787278771.5413396,resting,fast,1787278739.9715214,-247.30145566953297,-186.2036394913158,1354.7054348609936,13.965272961847464,-18.547609175214923,2.9790106738766867e-19
1787278771.5523367,resting,fast,1787278739.9715214,-247.89483970245283,-186.86370280482276,1353.2896784178274,14.01477771036065,-18.592112977683783,2.9776415547415904e-19
1787278771.5634205,resting,fast,1787278739.9715214,-247.619216822633,-187.29865005757836,1353.1632585296602,14.047398754317118,-18.571441261697352,2.9795039153191092e-19
1787278771.5746777,resting,fast,1787278739.9715214,-246.79671244328574,-186.63887614828934,1352.5641560965332,13.997915711120402,-18.509753433246352,2.9795255652775598e-19
1787278771.585729,resting,fast,1787278739.9715214,-246.94771668026942,-187.55283663345529,1355.7790233256792,14.066462747507988,-18.521078751020312,2.984979095870123e-19
1787278771.5967488,resting,fast,1787278739.9715214,-245.72005903220315,-186.57215051754463,1350.8001285539567,13.99291128881443,-18.429004427415094,2.9818265141300357e-19
1787278771.6077633,resting,fast,1787278739.9715214,-246.1189302904454,-185.5550284302202,1352.6127216239356,13.916627132265521,-18.458919771783407,2.9819522893760574e-19
1787278771.618761,resting,fast,1787278739.9715214,-245.31751691216186,-183.86190079848927,1352.7313585232905,13.789642559885511,-18.398813768411983,2.9835043705749536e-19
1787278771.6299787,resting,fast,1787278739.9715214,-246.884537796725,-184.14411784960942,1358.2484366340532,13.810808838719627,-18.516340334754098,2.986095534313871e-19
1787278771.6412024,resting,fast,1787278739.9715214,-247.520006710512,-185.70500962781432,1356.9552219279458,13.927875722084867,-18.564000503288163,2.9840589254523056e-19
1787278771.6522417,resting,fast,1787278739.9715214,-248.81329567969397,-187.22919074648132,1356.2577080675446,14.042189305985122,-18.66099717597681,2.98059617077714e-19
1787278771.663354,resting,fast,1787278739.9715214,-247.5135266596185,-186.92114848312724,1355.075276352548,14.019086136233344,-18.563514499471367,2.9780369496264737e-19
1787278771.6744561,resting,fast,1787278739.9715214,-248.6725802335509,-185.68888985098567,1357.3309769243087,13.926666738822721,-18.650443517516152,2.977414921134366e-19
1787278771.6855037,resting,fast,1787278739.9715214,-248.07936845314498,-184.83700620136835,1356.4190512997002,13.862775465101453,-18.60595263398576,2.978057363389178e-19
1787278771.6966968,resting,fast,1787278739.9715214,-249.92459497215214,-186.8561217692378,1357.280985425551,14.014209132691622,-18.744344622911065,2.982082275731156e-19
1787278771.7077746,resting,fast,1787278739.9715214,-248.47805697562353,-188.3068442135492,1354.2246377521105,14.12301331601525,-18.635854273171653,2.981795598934708e-19
1787278771.7187672,resting,fast,1787278739.9715214,-247.44563784416232,-187.9848334843656,1352.6582964862819,14.098862511326363,-18.558422838311834,2.97903341590381e-19
1787278771.7300227,resting,fast,1787278739.9715214,-244.8278119242782,-186.89402502116116,1349.5755089296208,14.01705187658607,-18.362085894320636,2.975480244863779e-19
1787278771.7410617,resting,fast,1787278739.9715214,-244.9569191597152,-185.8558939278513,1352.0078153379027,13.93919204458776,-18.371768936978405,2.9790357654273606e-19
1787278771.7521381,resting,fast,1787278739.9715214,-246.3478859873826,-187.14482487611338,1354.5864581481337,14.035861865707577,-18.476091449053563,2.978868645613825e-19
1787278771.763288,resting,fast,1787278739.9715214,-248.4362017171593,-186.8271961131701,1360.723455385988,14.012039708486586,-18.63271512878702,2.98365091711972e-19
1787278771.774372,resting,fast,1787278739.9715214,-247.99087032018133,-186.4679743564203,1358.7454762352672,13.985098076730313,-18.599315274013357,2.9807395199531903e-19
1787278771.7854428,resting,fast,1787278739.9715214,-247.15271792302656,-185.41961262812436,1357.9272412445325,13.90647094710798,-18.53645384422675,2.9801171237409306e-19
1787278771.7967217,resting,fast,1787278739.9715214,-247.13482347934269,-186.52816277077034,1353.2341033111215,13.989612207806406,-18.53511176095038,2.9781503744241587e-19
1787278771.8077385,resting,fast,1787278739.9715214,-247.2255921155579,-187.4873735846262,1348.7012819249658,14.061553018845874,-18.541919408666764,2.97261524327165e-19
1787278771.8184862,resting,fast,1787278739.9715214,-248.44055642663398,-189.09116689129553,1351.9219729543174,14.181837516845992,-18.63304173199736,2.977566971918857e-19
1787278771.8299048,resting,fast,1787278739.9715214,-247.41950946147927,-188.81739752516603,1350.0677075062076,14.161304814386316,-18.556463209610847,2.978428720326382e-19
1787278771.8410008,resting,fast,1787278739.9715214,-248.15102206411711,-188.2578628924017,1354.108460405073,14.119339716928781,-18.611326654808558,2.986365095061687e-19
1787278771.8520143,resting,fast,1787278739.9715214,-247.11114210016558,-186.04754667904683,1348.4364206468517,13.953566000927442,-18.53333565751219,2.9811555399455043e-19
1787278771.8630855,resting,fast,1787278739.9715214,-247.48759717952498,-185.52787380667894,1348.1511081072267,13.91459053549993,-18.561569788464105,2.9773915656595397e-19
1787278771.8742323,resting,fast,1787278739.9715214,-246.55443998112014,-184.66728311487952,1346.1473637118352,13.850046233614922,-18.49158299858381,2.9741156533074444e-19
1787278771.885288,resting,fast,1787278739.9715214,-248.30770269538198,-185.66155211076432,1353.0703009505569,13.924616408306253,-18.623077702153758,2.979934949386532e-19
1787278771.8962352,resting,fast,1787278739.9715214,-248.86205337702677,-186.5448973417889,1357.2092547953953,13.990867300633159,-18.664654003276958,2.9834919144295787e-19
1787278771.9075043,resting,fast,1787278739.9715214,-248.33515064358608,-185.59148334581994,1358.2202545853133,13.919361250935271,-18.625136298268743,2.982887076720233e-19
1787278771.918631,resting,fast,1787278739.9715214,-247.01414346771026,-185.20096992285823,1354.1092134235032,13.890072744212976,-18.526060760077996,2.9772154491356883e-19
1787278771.9297507,resting,fast,1787278739.9715214,-245.27664200633853,-184.6162961510894,1348.749379957414,13.846222211330517,-18.395748150475292,2.972448079736375e-19
1787278771.9407113,resting,fast,1787278739.9715214,-246.0476560237962,-186.84242279621924,1348.201421264962,14.013181709715216,-18.453574201784498,2.9753660934897825e-19
1787278771.9518716,resting,fast,1787278739.9715214,-245.86757614911267,-187.03221850438388,1345.7783948937604,14.027416387827518,-18.440068211183174,2.976020123869532e-19
1787278771.9630713,resting,fast,1787278739.9715214,-246.73532171006673,-187.31971011433268,1348.181120115928,14.048978258573829,-18.50514912825478,2.980449031990883e-19
1787278771.974192,resting,fast,1787278739.9715214,-246.73188586635797,-186.20442470760838,1351.3312780724564,13.96533185306956,-18.50489143997649,2.9803775133864855e-19
1787278771.985238,resting,fast,1787278739.9715214,-246.82765761636028,-186.9557051962164,1354.2822754427934,14.021677889715082,-18.512074321226606,2.9819858152287913e-19
1787278771.996128,resting,fast,1787278739.9715214,-246.74122536937875,-186.3330738812923,1354.1041344227879,13.97498054109585,-18.50559190270326,2.9802844377639206e-19
1787278772.0075285,resting,fast,1787278739.9715214,-246.19502783705366,-185.43441375255804,1352.046015471561,13.907581031440674,-18.464627087779085,2.9782235970542564e-19
1787278772.0180962,resting,fast,1787278739.9715214,-247.0219990638002,-185.3578441731405,1352.961704327884,13.901838312984157,-18.526649929784895,2.979937437976482e-19
1787278772.0295503,resting,fast,1787278739.9715214,-247.59007299239374,-185.6362375488851,1354.92982454118,13.922717816165136,-18.569255474429248,2.98213854409171e-19
1787278772.0408287,resting,fast,1787278739.9715214,-247.22708848433058,-186.74625942671025,1355.5249189217366,14.00596945700227,-18.54203163632478,2.987047573618021e-19
1787278772.051761,resting,fast,1787278739.9715214,-246.6117754692309,-187.1783701707069,1355.8241738366823,14.038377762802074,-18.49588316019215,2.9854497645861736e-19
1787278772.062886,resting,fast,1787278739.9715214,-244.21822913610094,-186.05312306354756,1347.0696915751496,13.953984229764846,-18.316367185207277,2.9786237382147613e-19
1787278772.0740197,resting,fast,1787278739.9715214,-244.45788257896174,-186.42530048809692,1345.7831891601281,13.981897536606272,-18.334341193422162,2.973714936829314e-19
1787278772.0852058,resting,fast,1787278739.9715214,-245.8084062639614,-186.22713774961983,1346.6269597464807,13.967035331220348,-18.43563046979701,2.974865163142833e-19
1787278772.0963078,resting,fast,1787278739.9715214,-248.12995147836182,-186.2887219624041,1355.6358946185892,13.971654147179212,-18.60974636087675,2.9801487521039546e-19
1787278772.1074731,resting,fast,1787278739.9715214,-248.4597236013492,-185.85576844568948,1354.3026938595185,13.939182633425535,-18.634479270101153,2.978469488226823e-19
1787278772.1184752,resting,fast,1787278739.9715214,-246.93079558430554,-185.02085674291413,1351.5596656890293,13.876564255717444,-18.51980966882298,2.9763499490865196e-19
1787278772.1296017,resting,fast,1787278739.9715214,-245.28777892339758,-184.92377548209504,1344.89717672797,13.869283161155824,-18.39658341925461,2.9740112673936827e-19
1787278772.1406798,resting,fast,1787278739.9715214,-245.30409345706767,-186.09873130056064,1343.9098012535333,13.95740484754089,-18.39780700927993,2.974697740963423e-19
1787278772.1517527,resting,fast,1787278739.9715214,-244.7683453937775,-185.5399509282446,1344.1241284769467,13.915496319617265,-18.35762590453318,2.973639314640389e-19
1787278772.1629322,resting,fast,1787278739.9715214,-246.5923832921485,-186.8391319897595,1348.9989977925952,14.012934899230903,-18.494428746910906,2.9770983848907133e-19
1787278772.1741366,resting,fast,1787278739.9715214,-247.01992314890822,-187.04833371086022,1351.727213994095,14.028625028313389,-18.526494236167885,2.979756354295528e-19
1787278772.184768,resting,fast,1787278739.9715214,-247.78548347810693,-186.9979394148835,1351.0877213950107,14.02484545611522,-18.583911260857832,2.9835225011979967e-19
1787278772.1959887,resting,fast,1787278739.9715214,-246.7493145436997,-186.01626236499703,1351.153461095918,13.951219677373519,-18.506198590777508,2.9796137405060075e-19
1787278772.207327,resting,fast,1787278739.9715214,-246.208938937139,-184.2371817165648,1350.4396365666735,13.817788628741187,-18.465670420285264,2.980497299764261e-19
1787278772.2183828,resting,fast,1787278739.9715214,-246.1006800362943,-185.02503948728543,1352.172405459317,13.876877961545237,-18.457551002721758,2.980401553240535e-19
1787278772.2294464,resting,fast,1787278739.9715214,-247.28766925959144,-185.5050379094763,1351.7601820235732,13.912877843209532,-18.54657519446903,2.98433079224819e-19
1787278772.2406273,resting,fast,1787278739.9715214,-247.4493893149288,-185.5140759032032,1352.7158336933962,13.913555692739127,-18.558704198619367,2.9827597090891924e-19
1787278772.251564,resting,fast,1787278739.9715214,-247.09284304023686,-184.9025101322933,1350.3120589830532,13.867688259920957,-18.531963228017617,2.978320890867196e-19
1787278772.2627177,resting,fast,1787278739.9715214,-246.07806049319834,-184.07023380134194,1344.3644228446165,13.805267535099492,-18.45585453698962,2.971248933410701e-19
1787278772.2739887,resting,fast,1787278739.9715214,-245.9355685430769,-184.8454986442331,1340.6477598748288,13.863412398316232,-18.44516764073058,2.965342909507793e-19
1787278772.284958,resting,fast,1787278739.9715214,-246.90955850245018,-185.06250583697044,1347.2834599375356,13.879687937771866,-18.5182168876836,2.971548441237168e-19
1787278772.2960322,resting,fast,1787278739.9715214,-246.74007639814454,-186.3667525296329,1356.6779214947828,13.977506439721285,-18.50550572986087,2.9782773747735717e-19
1787278772.3073559,resting,fast,1787278739.9715214,-247.12887012845613,-188.1865866345869,1360.8782486391492,14.11399399759286,-18.534665259633968,2.986053657933846e-19
1787278772.3182888,resting,fast,1787278739.9715214,-248.28940701532747,-189.0561425003806,1361.3746377954094,14.179210687527206,-18.621705526149313,2.984722619847555e-19
1787278772.329425,resting,fast,1787278739.9715214,-247.15219554116493,-188.26812178557782,1351.6147382854933,14.120109133917229,-18.53641466558694,2.977974662766217e-19
1787278772.3405795,resting,fast,1787278739.9715214,-246.29491150695185,-186.8466904406281,1347.840558959012,14.013501783046028,-18.472118363021174,2.97389711161925e-19
1787278772.3515933,resting,fast,1787278739.9715214,-246.70494254399136,-187.89312754109312,1348.1459278560642,14.091984565580635,-18.502870690799185,2.9796725969085527e-19
1787278772.3626397,resting,fast,1787278739.9715214,-248.6775099516003,-187.33117175108157,1352.2009467001944,14.049837881330038,-18.6508132463698,2.98047399084638e-19
1787278772.3739412,resting,fast,1787278739.9715214,-249.61270647174433,-188.21692850378315,1356.7196010142934,14.116269637782711,-18.72095298538065,2.9859569130148756e-19
1787278772.3848782,resting,fast,1787278739.9715214,-248.1257658681402,-186.5911927760593,1351.5085369488852,13.994339458203374,-18.609432440110382,2.9747011181322652e-19
1787278772.3960261,resting,fast,1787278739.9715214,-247.1275826408978,-186.25474128429926,1348.4474610662955,13.96910559632133,-18.534568698067304,2.9729634498037067e-19
1787278772.4071636,resting,fast,1787278739.9715214,-246.7123584500364,-184.72420334061064,1345.7377359447264,13.854315250544548,-18.503426883752454,2.969431540092696e-19
1787278772.418166,resting,fast,1787278739.9715214,-246.51288617995624,-184.88999179246014,1346.8142823989665,13.866749384433323,-18.488466463496486,2.9738253042379046e-19
1787278772.4290953,resting,fast,1787278739.9715214,-247.63431128843376,-186.8259414096516,1351.8284206291237,14.011945605722875,-18.572573346632247,2.9785471783456936e-19
1787278772.444147,resting,fast,1787278739.9715214,-247.5890212597683,-187.74009685281055,1353.3939483378044,14.08050726395982,-18.56917659448242,2.9785561456229774e-19
1787278772.4515789,resting,fast,1787278739.9715214,-247.09171434119298,-188.2539559067385,1352.5795837464184,14.119046693004524,-18.531878575589566,2.979188980072188e-19
1787278772.462639,resting,fast,1787278739.9715214,-246.02337990519982,-185.6088013651937,1350.7649783795505,13.920660102388386,-18.45175349288963,2.980925124726212e-19
1787278772.4737568,resting,fast,1787278739.9715214,-246.5930701645325,-185.6152703608983,1348.645264805199,13.921145277066149,-18.494480262339792,2.9797647108252664e-19
1787278772.4847853,resting,fast,1787278739.9715214,-246.61622122512335,-185.17957992536628,1345.065663433631,13.888468494401284,-18.496216591884078,2.97616732899777e-19
1787278772.4958792,resting,fast,1787278739.9715214,-245.89841196849147,-188.01319274540708,1345.9307581309467,14.100989455904344,-18.442380897636724,2.975927464673354e-19
1787278772.5094259,resting,fast,1787278739.9715214,-244.7301065337192,-186.00796995067765,1347.5359067274812,13.950597746299753,-18.354757990028943,2.9716469600878416e-19
1787278772.518077,resting,fast,1787278739.9715214,-244.6976401938532,-186.30896387390055,1349.1117018333125,13.973172290541374,-18.352323014538783,2.972592061702125e-19
1787278772.529253,resting,fast,1787278739.9715214,-244.44936050071328,-184.77505984852553,1343.555155945328,13.858129488638216,-18.333702037553373,2.967652431086801e-19
1787278772.5434582,resting,fast,1787278739.9715214,-245.79483910995395,-186.0813320508513,1344.9300662182186,13.956099903812689,-18.434612933246456,2.973576997819896e-19
1787278772.5512917,resting,fast,1787278739.9715214,-245.12823600472484,-185.86305498884678,1344.864115132209,13.939729124162557,-18.384617700354113,2.9721962816279595e-19
1787278772.562471,resting,fast,1787278739.9715214,-246.41744075936685,-186.21113754617375,1348.0544877024722,13.965835315961773,-18.481308056952443,2.9751062749778166e-19
1787278772.5753963,resting,fast,1787278739.9715214,-246.34752486284788,-185.84024701283,1349.8864228693083,13.938018525961173,-18.47606436471331,2.9752578401881775e-19
1787278772.5845733,resting,fast,1787278739.9715214,-247.6506196723917,-184.50506598641857,1350.1468561253705,13.83787994898012,-18.573796475429056,2.9790699581555957e-19
1787278772.595793,resting,fast,1787278739.9715214,-246.3722293131773,-184.12315411162047,1350.8912479723795,13.809236558370205,-18.477917198488214,2.9791429886225704e-19
1787278772.6090267,resting,fast,1787278739.9715214,-246.3916025593985,-185.8011511727351,1349.2838753401657,13.935086337953894,-18.479370191954928,2.980039741108959e-19
1787278772.6179159,resting,fast,1787278739.9715214,-245.6439370125986,-186.94132862133495,1349.1310667466105,14.020599646599099,-18.423295275944817,2.9770865735317636e-19
1787278772.6290061,resting,fast,1787278739.9715214,-247.07354312035886,-187.56962085403154,1351.4461519940096,14.067721564051144,-18.53051573402668,2.9806322419559135e-19
1787278772.6406512,resting,fast,1787278739.9715214,-245.84672201347212,-185.48719447300334,1349.1838729372948,13.911539585473992,-18.438504151010207,2.9778406412481315e-19
1787278772.651246,resting,fast,1787278739.9715214,-245.38669919311315,-184.74742703922163,1347.3558064618965,13.856057027940569,-18.404002439483442,2.977751753499972e-19
1787278772.6623414,resting,fast,1787278739.9715214,-244.50910265578068,-183.65486469441464,1343.137546880479,13.774114852079936,-18.33818269918323,2.9711909365560903e-19
1787278772.6748915,resting,fast,1787278739.9715214,-245.3218442755001,-185.09859833439998,1343.819138044305,13.882394875079033,-18.39913832066226,2.973336102712313e-19
1787278772.6844592,resting,fast,1787278739.9715214,-245.63167510876292,-187.29629138121925,1347.3500260587925,14.047221853590276,-18.422375633157067,2.9788423389362964e-19
1787278772.695757,resting,fast,1787278739.9715214,-246.3777008260863,-187.42492539004877,1350.3506721550448,14.056869404252783,-18.478327561956185,2.9834526074356547e-19
1787278772.7075324,resting,fast,1787278739.9715214,-244.92404105624018,-187.21166783284764,1346.1143345712671,14.0408750874622,-18.369303079217822,2.9816896799431128e-19
1787278772.717918,resting,fast,1787278739.9715214,-244.26470208121327,-184.9788591912719,1342.6474843316782,13.873414439344234,-18.31985265609098,2.976169372098592e-19
1787278772.7289498,resting,fast,1787278739.9715214,-243.93388069364164,-185.7842415876088,1339.234125077407,13.933818119069304,-18.295041052022903,2.973994247194076e-19
1787278772.7409022,resting,fast,1787278739.9715214,-246.27911051513956,-185.48025768468995,1347.5244300966433,13.91101932635046,-18.470933288635223,2.9770505085533326e-19
1787278772.7511146,resting,fast,1787278739.9715214,-246.75303993956777,-186.35867669268384,1349.8395174062143,13.976900751950172,-18.50647799546733,2.978859663976563e-19
1787278772.7624009,resting,fast,1787278739.9715214,-245.5822517405809,-185.66694193876276,1353.0521100226297,13.925020645405827,-18.418668880543095,2.9822298353798305e-19
1787278772.7737417,resting,fast,1787278739.9715214,-244.88878596985933,-184.60802049464235,1351.2071898315962,13.84560153709673,-18.366658947739325,2.9806837881893824e-19
1787278772.7843454,resting,fast,1787278739.9715214,-244.07615344424585,-184.80267869860052,1348.4471134416863,13.860200902393888,-18.305711508318268,2.9757106067070285e-19
1787278772.7954817,resting,fast,1787278739.9715214,-245.1078227105013,-185.90766772578525,1345.9831226160322,13.94307507943262,-18.38308670328758,2.971298423027734e-19
1787278772.8065903,resting,fast,1787278739.9715214,-245.42982843893742,-187.18511379544964,1344.519804853674,14.038883534657376,-18.4072371329202,2.972134070492924e-19
1787278772.817752,resting,fast,1787278739.9715214,-246.26448606235635,-186.99024880151467,1345.7365806991902,14.024268660112302,-18.46983645467664,2.975710392965946e-19
1787278772.828872,resting,fast,1787278739.9715214,-245.73074234992282,-187.14456587754887,1345.9600101448077,14.035842440814879,-18.429805676243973,2.9792959644391735e-19
1787278772.8399885,resting,fast,1787278739.9715214,-245.85609941210032,-186.5654489574132,1345.3852806387813,13.992408671804785,-18.43920745590733,2.9759284981918634e-19
1787278772.8510005,resting,fast,1787278739.9715214,-246.53075813764963,-186.93950360334054,1344.7650158710103,14.020462770249413,-18.489806860323647,2.975403115944112e-19
1787278772.862111,resting,fast,1787278739.9715214,-246.56617670127935,-185.62714106089095,1346.4204109257616,13.922035579565804,-18.492463252595705,2.9735232402828917e-19
1787278772.8738644,resting,fast,1787278739.9715214,-246.81733615849453,-186.39834632331883,1346.7991162590997,13.979875974247893,-18.511300211887033,2.975196876168218e-19
1787278772.8842824,resting,fast,1787278739.9715214,-245.28738122820732,-185.57119932945204,1347.2426702502153,13.917839949707915,-18.39655359211538,2.973407472038206e-19
1787278772.8954365,resting,fast,1787278739.9715214,-246.14218706695874,-185.72085447460142,1347.4973743624387,13.929064085593925,-18.460664030021945,2.970729332474517e-19
1787278772.906443,resting,fast,1787278739.9715214,-246.75430683324385,-186.55457304189724,1350.9442725994186,13.991592978141359,-18.506573012493163,2.9726087546462172e-19
1787278772.9175606,resting,fast,1787278739.9715214,-247.50993860315384,-184.4369510695218,1351.8057206249969,13.832771330212768,-18.5632453952364,2.974197175285365e-19
1787278772.9286942,resting,fast,1787278739.9715214,-247.91411004459906,-184.4157674178133,1352.7785953432622,13.831182556334813,-18.59355825334456,2.979007737165338e-19
1787278772.940109,resting,fast,1787278739.9715214,-247.02881456861587,-183.51225622660934,1349.5051700057475,13.763419216994311,-18.527161092646004,2.978825908284058e-19
1787278772.9508266,resting,fast,1787278739.9715214,-245.9870841740253,-184.52862471998412,1350.3082023550933,13.839646853997497,-18.449031313051847,2.977176392173235e-19
1787278772.9620664,resting,fast,1787278739.9715214,-245.80788842971424,-185.7298017363238,1348.9625381345877,13.929735130223026,-18.435591632228444,2.9739337193730012e-19
1787278772.973234,resting,fast,1787278739.9715214,-245.64465227927803,-184.8283813675613,1348.5994163881105,13.862128602565722,-18.423348920945763,2.9716561065596273e-19
1787278772.9842074,resting,fast,1787278739.9715214,-246.60557046004715,-185.92872077657978,1347.0124313724473,13.944654058242325,-18.495417784503296,2.9731546959608535e-19
1787278772.9952428,resting,fast,1787278739.9715214,-246.93243109815694,-183.97396927541183,1349.81133735015,13.79804769565482,-18.519932332361584,2.977047198193105e-19
1787278773.0064034,resting,fast,1787278739.9715214,-246.76486305771914,-185.57629213404186,1347.2315948501064,13.91822191005203,-18.50736472932875,2.977470450763063e-19
1787278773.0175533,resting,fast,1787278739.9715214,-246.75476176505026,-184.6260024365232,1347.8184362988823,13.846950182738002,-18.50660713237864,2.9802360936922373e-19
1787278773.028768,resting,fast,1787278739.9715214,-245.5121580065338,-185.766225693381,1341.303173500547,13.932466927002398,-18.41341185048973,2.9742754760538607e-19
1787278773.0398939,resting,fast,1787278739.9715214,-245.16923273104976,-184.14527612392442,1346.2166061292146,13.810895709293025,-18.387692454828233,2.9768437225747083e-19
1787278773.0509415,resting,fast,1787278739.9715214,-244.60183462347095,-184.50876870066065,1346.3312847163697,13.838157652548578,-18.345137596760175,2.9746477417863723e-19
1787278773.0619278,resting,fast,1787278739.9715214,-246.03394936533323,-184.73488626829806,1354.1909462470312,13.85511647012142,-18.452546202400093,2.983089088896275e-19
1787278773.0732274,resting,fast,1787278739.9715214,-245.23069840722428,-183.43687736143272,1351.5506462122203,13.757765802106409,-18.39230238054158,2.9784609588135353e-19
1787278773.08412,resting,fast,1787278739.9715214,-246.13149243921498,-184.2847103140483,1348.7560233537015,13.821353273552493,-18.459861932941116,2.981343356908232e-19
1787278773.0954516,resting,fast,1787278739.9715214,-245.27273697811188,-183.75784814627093,1343.658944826905,13.78183861096932,-18.395455273358344,2.9747678074527556e-19
1787278773.1062934,resting,fast,1787278739.9715214,-248.03626023045172,-186.7804228813642,1347.2376293908865,14.008531716101036,-18.602719517283674,2.9817010373816523e-19
1787278773.1175568,resting,fast,1787278739.9715214,-247.4991477589706,-186.36111100113305,1345.3500935776874,13.977083325083871,-18.56243608192274,2.9792687153925444e-19
1787278773.1285746,resting,fast,1787278739.9715214,-247.40279991118177,-186.35682554856737,1346.8654347766214,13.976761916141388,-18.55520999333838,2.979082378383991e-19
1787278773.1397505,resting,fast,1787278739.9715214,-245.47084353856326,-186.34769176643238,1342.097390253345,13.976076882481298,-18.41031326539204,2.972380536254678e-19
1787278773.1507726,resting,fast,1787278739.9715214,-244.9473333373994,-186.92535164409048,1343.760555167054,14.019401373305787,-18.371050000304763,2.9702248245654085e-19
1787278773.1619775,resting,fast,1787278739.9715214,-245.89469146352212,-187.71390390983345,1344.8215112298467,14.078542793236526,-18.442101859763973,2.976268975018036e-19
1787278773.1730149,resting,fast,1787278739.9715214,-245.035595762291,-186.70554786555192,1341.8244250988928,14.002916089915121,-18.377669682171742,2.972522933777929e-19
1787278773.1840305,resting,fast,1787278739.9715214,-245.27601495540466,-186.39238848126877,1340.299120940309,13.979429136094016,-18.39570112165523,2.9717824513589856e-19
1787278773.1951964,resting,fast,1787278739.9715214,-245.21776156155602,-186.01695097739855,1343.475137697672,13.951271323303732,-18.391332117116633,2.972234265531905e-19
1787278773.2063398,resting,fast,1787278739.9715214,-246.15454945657757,-187.08749255314422,1347.7936518598826,14.031561941484558,-18.461591209242997,2.9801123713700892e-19
1787278773.217317,resting,fast,1787278739.9715214,-245.92345344805426,-187.24153752542395,1349.5209043340374,14.043115314405387,-18.444259008603908,2.9810591655672063e-19
1787278773.2285159,resting,fast,1787278739.9715214,-245.59999187884705,-187.83368672437848,1344.6879524328006,14.087526504327148,-18.419999390913283,2.9755049087067563e-19
1787278773.2394392,resting,fast,1787278739.9715214,-246.27268527972092,-187.43383077859733,1342.9715520283198,14.057537308393467,-18.47045139597894,2.973197185107264e-19
1787278773.2504263,resting,fast,1787278739.9715214,-246.62509335506138,-187.0795311088367,1341.7133154881712,14.030964833161367,-18.496882001629444,2.974791616717836e-19
1787278773.2618222,resting,fast,1787278739.9715214,-246.4978811012238,-187.34809183742266,1341.881215576158,14.051106887805648,-18.48734108259172,2.976618420361674e-19
1787278773.2729785,resting,fast,1787278739.9715214,-246.5905606872425,-186.49057419052758,1345.6637658707432,13.986793064288467,-18.49429205154297,2.980739180409139e-19
1787278773.283987,resting,fast,1787278739.9715214,-246.94015263923347,-186.3224955219422,1348.5946326607327,13.974187164144684,-18.52051144794229,2.9797268633849363e-19
1787278773.2951546,resting,fast,1787278739.9715214,-246.55723269827513,-185.78340604862535,1346.8284842729363,13.93375545364589,-18.49179245237037,2.977169826362019e-19
1787278773.3060875,resting,fast,1787278739.9715214,-247.19678261929903,-185.90147717011598,1347.2534128819343,13.94261078775759,-18.539758696447258,2.975507302627886e-19
1787278773.3173203,resting,fast,1787278739.9715214,-247.2610915410637,-184.55187822006985,1346.984352670238,13.841390866504089,-18.544581865579595,2.979122843373743e-19
1787278773.3285155,resting,fast,1787278739.9715214,-247.14098299934585,-184.15507545275557,1349.7008992747406,13.811630658955583,-18.53557372495071,2.978270928564753e-19
1787278773.3394315,resting,fast,1787278739.9715214,-246.9721418794502,-185.5629744034444,1350.2442453831745,13.917223080257347,-18.52291064095867,2.976526626519589e-19
1787278773.350467,resting,fast,1787278739.9715214,-247.38834489751798,-186.9348740659285,1353.8487478932539,14.020115554943633,-18.55412586731373,2.9774150219136096e-19
1787278773.361593,resting,fast,1787278739.9715214,-247.12650612393327,-187.81688700071948,1350.430940000465,14.086266525052782,-18.534487959294765,2.9797849126588822e-19
1787278773.3727837,resting,fast,1787278739.9715214,-246.3791236152515,-187.09015978580567,1349.1963835596443,14.031761983934292,-18.478434271143563,2.982882127706438e-19
1787278773.3837173,resting,fast,1787278739.9715214,-246.20420040095223,-187.8617855193694,1345.3210481709639,14.089633913951435,-18.465315030071224,2.978696198371326e-19
1787278773.3949256,resting,fast,1787278739.9715214,-246.46476074781413,-187.65107691863966,1346.7806888237146,14.073830768896716,-18.484857056085936,2.9780030142375946e-19
1787278773.4061544,resting,fast,1787278739.9715214,-246.48822317441818,-187.9181861913554,1345.3929319779463,14.093863964350607,-18.486616738081352,2.97589980502405e-19
1787278773.4172616,resting,fast,1787278739.9715214,-247.36153053429234,-187.2856059535269,1347.919516486504,14.046420446513313,-18.55211479007189,2.980323424379716e-19
1787278773.4283838,resting,fast,1787278739.9715214,-247.86751247438087,-187.49127099112877,1347.6565180376356,14.061845324333422,-18.590063435578543,2.9799694004193683e-19
1787278773.4394507,resting,fast,1787278739.9715214,-247.01306948036063,-187.28211343823443,1345.5837651523298,14.046158507866526,-18.525980211026912,2.9751363715902306e-19
1787278773.4505453,resting,fast,1787278739.9715214,-245.75963584263855,-187.64634791384094,1345.7779158932199,14.073476093536929,-18.43197268819757,2.9718780074067055e-19
1787278773.4615495,resting,fast,1787278739.9715214,-244.7661612857405,-187.22609769975372,1346.5514519331036,14.041957327480436,-18.357462096430424,2.972378840536182e-19
1787278773.4728308,resting,fast,1787278739.9715214,-244.89994184856505,-185.08587004936737,1347.546670472172,13.881440253701488,-18.367495638642033,2.972094915690643e-19
1787278773.4838166,resting,fast,1787278739.9715214,-246.04856682788295,-185.61183956532193,1349.638443192248,13.920887967397977,-18.453642512090802,2.975477228204309e-19
1787278773.4950383,resting,fast,1787278739.9715214,-247.0372060084651,-185.37046895647416,1353.9413506839492,13.902785171734596,-18.527790450634775,2.978143725414549e-19
1787278773.5059679,resting,fast,1787278739.9715214,-248.57362290962237,-187.73701929339643,1357.5529005137041,14.080276447003616,-18.643021718221583,2.983667191734368e-19
1787278773.517055,resting,fast,1787278739.9715214,-248.3128487657582,-186.8718092193675,1355.5359917584747,14.015385691451318,-18.62346365743152,2.978297666172165e-19
1787278773.5282784,resting,fast,1787278739.9715214,-247.5125650623836,-185.36423732402488,1352.9832869087213,13.902317799300608,-18.5634423796784,2.980371232980155e-19
1787278773.5392776,resting,fast,1787278739.9715214,-246.91130121350534,-185.55923983964124,1352.3446215907234,13.916942987971826,-18.51834759101282,2.9816880853412293e-19
1787278773.5503078,resting,fast,1787278739.9715214,-247.434309871172,-186.91408335538756,1355.4012364757755,14.018556251652871,-18.557573240337703,2.983620808749862e-19
1787278773.5615292,resting,fast,1787278739.9715214,-248.31733188897988,-189.0009164990896,1357.036886950661,14.175068737430582,-18.6237998916735,2.9840227703556645e-19
1787278773.5725002,resting,fast,1787278739.9715214,-248.61115950819612,-188.56136255182344,1357.4636975857657,14.142102191385579,-18.64583696311466,2.984431518608575e-19
1787278773.5836806,resting,fast,1787278739.9715214,-248.45913457400047,-187.32707753754914,1357.5076315084798,14.049530815315169,-18.634435093049817,2.987923709702032e-19
1787278773.594879,resting,fast,1787278739.9715214,-248.57699078029646,-186.21215241887887,1359.1826910145746,13.965911431414842,-18.64327430852201,2.9870290667125594e-19
1787278773.6058683,resting,fast,1787278739.9715214,-247.69535828575636,-184.73058395199644,1357.9836178522573,13.854793796398571,-18.577151871431717,2.983675445835903e-19
1787278773.6169152,resting,fast,1787278739.9715214,-248.8722804253298,-185.62153951140192,1361.1248956349054,13.921615463354204,-18.66542103189954,2.9870000496682984e-19
1787278773.6280432,resting,fast,1787278739.9715214,-248.50016446340896,-185.65980037613065,1358.0401739566632,13.924485028208597,-18.63751233475564,2.98344782895361e-19
1787278773.6391127,resting,fast,1787278739.9715214,-248.4042419594084,-186.92875104962616,1357.7314857136744,14.019656328720874,-18.63031814695563,2.9834543760195974e-19
1787278773.6500576,resting,fast,1787278739.9715214,-246.6257532986142,-186.09147456091102,1348.9371069142571,13.956860592067176,-18.496931497396083,2.9725650273174924e-19
1787278773.661397,resting,fast,1787278739.9715214,-247.05431970376912,-186.754752189025,1348.413488751,14.006606414175781,-18.529073977782573,2.9772139892412337e-19
1787278773.6723359,resting,fast,1787278739.9715214,-247.16612401735756,-186.66189179854348,1346.939110752698,13.999641884889503,-18.53745930130163,2.9751884687859014e-19
1787278773.683527,resting,fast,1787278739.9715214,-247.7257085809456,-186.7642524887666,1350.8080533004058,14.007318936656308,-18.579428143570695,2.981074376943561e-19
1787278773.6946821,resting,fast,1787278739.9715214,-247.21485248848467,-185.5363063649678,1349.9847356592281,13.915222977371403,-18.541113936636194,2.977067287307172e-19
1787278773.7056398,resting,fast,1787278739.9715214,-247.76654819548958,-185.05576234522084,1350.9668920633148,13.879182175890566,-18.582491114661607,2.9788613637550984e-19
1787278773.7166948,resting,fast,1787278739.9715214,-248.6024091801596,-185.2821559342084,1356.7637943941,13.896161695064226,-18.64518068851155,2.9828881031377923e-19
1787278773.7278867,resting,fast,1787278739.9715214,-247.61463910180328,-186.06833818968232,1353.521262845029,13.955125364224987,-18.57109793263497,2.9813851053880754e-19
1787278773.7389138,resting,fast,1787278739.9715214,-248.01922571199475,-186.68451949999542,1359.2208041840631,14.001338962498682,-18.60144192839938,2.9880619777738548e-19
1787278773.750032,resting,fast,1787278739.9715214,-246.69251398006645,-185.7119516169363,1353.2550838210072,13.92839637126895,-18.501938548504945,2.9830376566946626e-19
1787278773.7612326,resting,fast,1787278739.9715214,-247.228679364051,-185.39784997472896,1355.5776084372164,13.904838748103305,-18.542150952303388,2.979314630832999e-19
1787278773.7722483,resting,fast,1787278739.9715214,-246.78804875987817,-186.2731490362113,1348.3160041782749,13.970486177714807,-18.509103656990575,2.9719103837593852e-19
1787278773.7834058,resting,fast,1787278739.9715214,-246.34674813456195,-188.1366070670589,1348.4746560618087,14.110245530028383,-18.476006110092143,2.975066348882767e-19
1787278773.7944663,resting,fast,1787278739.9715214,-245.6494691252833,-187.59125595664693,1346.7056424876473,14.069344196747597,-18.423710184396285,2.977735685270735e-19
1787278773.8055835,resting,fast,1787278739.9715214,-245.77082409812056,-185.97641343284442,1351.4440817278419,13.948231007462315,-18.43281180735903,2.9805431391352708e-19
1787278773.8166323,resting,fast,1787278739.9715214,-246.85966875364238,-184.59963652240992,1349.933709843067,13.844972739179628,-18.51447515652297,2.976231112303036e-19
1787278773.8277717,resting,fast,1787278739.9715214,-248.33599524747706,-186.41822094364022,1354.1274420515974,13.981366570772057,-18.625199643560457,2.979798985691958e-19
1787278773.8388004,resting,fast,1787278739.9715214,-247.5645854230138,-187.17258833018866,1351.6048070630868,14.03794412476309,-18.567343906725633,2.97952096110629e-19
1787278773.8499167,resting,fast,1787278739.9715214,-246.05692554766347,-187.03005767865432,1349.2958955173463,14.027254325897918,-18.454269416074595,2.9782803701879295e-19
1787278773.8610702,resting,fast,1787278739.9715214,-245.95867352643245,-186.91047458426976,1346.656158122024,14.01828559381909,-18.446900514482337,2.9745358642261505e-19
1787278773.8721223,resting,fast,1787278739.9715214,-246.58417383343703,-185.76209982130797,1346.3484582521478,13.932157486597081,-18.49381303750775,2.9736675997752304e-19
1787278773.8832371,resting,fast,1787278739.9715214,-247.3726496490067,-186.99956689233034,1349.544385739514,14.024967516923656,-18.552948723675286,2.9748446053990295e-19
1787278773.8944213,resting,fast,1787278739.9715214,-246.02784757193103,-185.962801530212,1348.6113958580909,13.947210114764847,-18.452088567894762,2.977966445166031e-19
1787278773.9055297,resting,fast,1787278739.9715214,-246.78454551945333,-186.38874662515298,1352.8218216573305,13.979155996885257,-18.508840913958736,2.979763346503847e-19
1787278773.9165523,resting,fast,1787278739.9715214,-246.8607490602967,-185.90772757636876,1351.2246605061746,13.94307956822664,-18.514556179522188,2.9805134504253202e-19
1787278773.9277017,resting,fast,1787278739.9715214,-248.0232717286449,-187.33062102606402,1354.8974669250447,14.049796576953657,-18.601745379648186,2.9809341208377177e-19
1787278773.93867,resting,fast,1787278739.9715214,-246.5579090913484,-186.98758274509248,1352.3912062703594,14.024068705880754,-18.491843181851124,2.981844846602008e-19
1787278773.949868,resting,fast,1787278739.9715214,-245.07265163033708,-184.88295903884557,1350.073725887697,13.866221927912168,-18.380448872275117,2.978821399128806e-19
1787278773.961052,resting,fast,1787278739.9715214,-245.82903787241094,-183.66844640572765,1353.5368747245238,13.775133480428455,-18.437177840430678,2.98113879116025e-19
1787278773.9719532,resting,fast,1787278739.9715214,-246.04271804864084,-184.6912323565565,1352.3582282513316,13.851842426740578,-18.453203853648013,2.9787908060592e-19
1787278773.9831972,resting,fast,1787278739.9715214,-246.98169968134653,-186.28320497682887,1354.3972749183858,13.97124037326083,-18.523627476100785,2.9796406840900093e-19
1787278773.9942348,resting,fast,1787278739.9715214,-245.53573277005353,-185.6525228907882,1346.355523760415,13.923939216808126,-18.41517995775385,2.9726679346127257e-19
1787278774.005363,resting,fast,1787278739.9715214,-246.04765445235853,-185.61666929688215,1347.2655455053473,13.92125019726517,-18.453574083926846,2.9753239911243466e-19
1787278774.016499,resting,fast,1787278739.9715214,-246.05935873464614,-186.0129558987104,1345.479986446774,13.950971692402252,-18.454451905098445,2.9719773055203606e-19
1787278774.0276294,resting,fast,1787278739.9715214,-246.96297737048417,-185.74978610130108,1350.4274799249097,13.93123395759655,-18.522223302786365,2.976323019398578e-19
1787278774.0384011,resting,fast,1787278739.9715214,-246.7926020873133,-185.21649874805678,1354.09483673249,13.891237406102778,-18.509445156548338,2.975392359648707e-19
1787278774.0497277,resting,fast,1787278739.9715214,-248.38723834171697,-185.15033953639102,1357.1552888821725,13.88627546522817,-18.62904287562837,2.9848650862861107e-19
1787278774.0608087,resting,fast,1787278739.9715214,-247.32446945461243,-185.10966443857308,1351.8249604628627,13.88322483289183,-18.549335209095986,2.9816904066593643e-19
1787278774.0719347,resting,fast,1787278739.9715214,-247.016365971896,-184.27285448590862,1344.7133574142508,13.820464086442005,-18.52622744789207,2.976217941121052e-19
1787278774.0830836,resting,fast,1787278739.9715214,-245.5152115125261,-182.48063117785125,1345.7465794998143,13.686047338337719,-18.413640863439305,2.9722898464063064e-19
1787278774.094209,resting,fast,1787278739.9715214,-247.12286498810727,-183.24039373879543,1349.4972707378502,13.743029530408695,-18.534214874107796,2.975387263002115e-19
1787278774.1052175,resting,fast,1787278739.9715214,-247.71770834749668,-185.02025871178228,1354.561317144734,13.876519403382378,-18.578828126062092,2.9817341295206616e-19
1787278774.1162295,resting,fast,1787278739.9715214,-248.11947214945894,-186.78427752355753,1351.145182781037,14.008820814265437,-18.60896041120923,2.9836736372768094e-19
1787278774.1274598,resting,fast,1787278739.9715214,-246.76956929237576,-185.78343768209413,1347.9598693329926,13.933757826155702,-18.507717696928054,2.980411231563699e-19
1787278774.1385393,resting,fast,1787278739.9715214,-245.74819506065023,-184.93267427543776,1342.178644483146,13.869950570656759,-18.43111462954853,2.977052442172454e-19
1787278774.1496513,resting,fast,1787278739.9715214,-245.96476911100717,-184.28307910389537,1346.3555247559698,13.821230932791,-18.447357683325244,2.976055612927265e-19
1787278774.160803,resting,fast,1787278739.9715214,-246.73317156119037,-186.05196533719447,1347.9118567100622,13.953897400288344,-18.504987867089007,2.977385117969153e-19
1787278774.171757,resting,fast,1787278739.9715214,-247.274098138088,-186.65650209934176,1353.0576865533776,13.999237657449559,-18.54555736035642,2.9756359405950895e-19
1787278774.1828787,resting,fast,1787278739.9715214,-247.12289459977228,-187.2933162635585,1350.753746046189,14.046998719765813,-18.534217094982864,2.975452402016635e-19
1787278774.1940813,resting,fast,1787278739.9715214,-247.08050005279574,-186.67057992014304,1355.4591770587094,14.000293494009515,-18.531037503959453,2.9772844271978153e-19
1787278774.2051268,resting,fast,1787278739.9715214,-247.5209031556119,-186.43234323071454,1353.7662667448249,13.982425742302414,-18.56406773667073,2.9787496788984253e-19
1787278774.21628,resting,fast,1787278739.9715214,-247.76278994508039,-186.7419903541694,1357.2117360289858,14.005649276561432,-18.58220924588072,2.981198416036869e-19
1787278774.2273302,resting,fast,1787278739.9715214,-247.54012792030926,-187.7649783143687,1355.4907045856098,14.082373373576448,-18.56550959402319,2.984196413429925e-19
1787278774.2380915,resting,fast,1787278739.9715214,-246.38056821783857,-187.10996468649807,1355.937987040158,14.033247351486072,-18.47854261633796,2.9855029268385507e-19
1787278774.2492402,resting,fast,1787278739.9715214,-246.57465706797075,-187.3638398745751,1355.4048322731296,14.052287990592038,-18.49309928009781,2.9840781749231666e-19
1787278774.2604845,resting,fast,1787278739.9715214,-246.17566682834104,-186.4419128016217,1352.9518893552622,13.983143460120406,-18.46317501212519,2.980766236419448e-19
1787278774.271559,resting,fast,1787278739.9715214,-247.84409493384783,-185.6156191795959,1357.2012126678555,13.921171438468651,-18.588307120038436,2.977423129290377e-19
1787278774.2827585,resting,fast,1787278739.9715214,-247.71692481191667,-185.951063748808,1355.396565278751,13.946329781159509,-18.578769360893645,2.975731621165212e-19
1787278774.2938795,resting,fast,1787278739.9715214,-248.31260304570196,-186.02615342827687,1357.1799209179526,13.951961507119794,-18.62344522842765,2.9757201941102965e-19
1787278774.3050017,resting,fast,1787278739.9715214,-248.39622154491417,-187.64074857250523,1357.030850234788,14.073056142936881,-18.62971661586839,2.9801670688825443e-19
1787278774.3160458,resting,fast,1787278739.9715214,-248.4703513593281,-187.9847558983828,1355.2556930933397,14.098856692377627,-18.63527635194967,2.980082707502892e-19
1787278774.327146,resting,fast,1787278739.9715214,-248.0767398801986,-188.23855658927266,1354.6238903895855,14.117891744194285,-18.605755491014442,2.9785773536845386e-19
1787278774.3382885,resting,fast,1787278739.9715214,-247.493658778209,-189.67892061183113,1354.4936995234102,14.225919045886346,-18.562024408365644,2.979709093497949e-19
1787278774.3494062,resting,fast,1787278739.9715214,-248.62281524624314,-188.8202686151575,1360.3065886781123,14.161520146135548,-18.64671114346814,2.982332851935627e-19
1787278774.3604975,resting,fast,1787278739.9715214,-248.16671978839304,-186.99172364760636,1363.1714717604873,14.02437927356927,-18.61250398412941,2.9865109927682108e-19
1787278774.3715758,resting,fast,1787278739.9715214,-248.54535392206026,-186.09202418458028,1359.8096116724746,13.956901813842283,-18.640901544154303,2.985681383763901e-19
1787278774.382651,resting,fast,1787278739.9715214,-247.8004003830806,-186.0716162018274,1355.6005042777424,13.955371215135845,-18.585030028730962,2.9795805757494553e-19
1787278774.3937755,resting,fast,1787278739.9715214,-247.77357210062428,-187.74353026307415,1350.6480856770968,14.080764769729374,-18.583017907546676,2.9738535665444865e-19
1787278774.4048655,resting,fast,1787278739.9715214,-247.4691559566777,-186.7836504416465,1353.9015913428566,14.008773783122184,-18.56018669675074,2.9736617969377905e-19
1787278774.4159591,resting,fast,1787278739.9715214,-246.59947893126673,-185.92213521996393,1351.223689581614,13.944160141495932,-18.494960919844956,2.974123193781887e-19
1787278774.4270942,resting,fast,1787278739.9715214,-247.57545974916457,-185.714749843013,1355.1081112865386,13.928606238224962,-18.568159481187315,2.9791931716819407e-19
1787278774.4381428,resting,fast,1787278739.9715214,-247.28189352636628,-186.18346469705682,1352.8626941712982,13.963759852278177,-18.546142014477205,2.974582262257352e-19
1787278774.4492774,resting,fast,1787278739.9715214,-246.8420384461292,-187.67825671691287,1355.4399957527176,14.075869253767397,-18.513152883459426,2.978091282693659e-19
1787278774.4604545,resting,fast,1787278739.9715214,-247.75113805985393,-189.04314580921312,1355.583364088866,14.178235935689958,-18.5813353544888,2.976704291859209e-19
1787278774.471558,resting,fast,1787278739.9715214,-248.75270703075103,-189.80981522415243,1357.014765200628,14.235736141810381,-18.65645302730607,2.981181362356357e-19
1787278774.4826114,resting,fast,1787278739.9715214,-248.71509412755267,-188.20591884353405,1352.9996979396665,14.115443913264006,-18.653632059566277,2.9751145002419017e-19
1787278774.4937434,resting,fast,1787278739.9715214,-247.85266560871378,-188.44601197982536,1352.5850036024067,14.133450898485737,-18.588949920653313,2.973440255528986e-19
1787278774.5047867,resting,fast,1787278739.9715214,-248.16141202166045,-189.45780789404205,1350.9264527565547,14.20933559205196,-18.612105901624446,2.973926397353653e-19
1787278774.5159235,resting,fast,1787278739.9715214,-249.3960014229665,-191.45223516456997,1356.2386450629465,14.35891763734148,-18.704700106722143,2.9820052912177024e-19
1787278774.5271056,resting,fast,1787278739.9715214,-249.50279859935426,-189.56001746772415,1352.940863916995,14.217001310078107,-18.71270989495146,2.978273601950094e-19
1787278774.5380642,resting,fast,1787278739.9715214,-249.52650469233276,-188.4981704006392,1355.4241846038594,14.137362780046647,-18.71448785192476,2.9758831140371916e-19
1787278774.5491464,resting,fast,1787278739.9715214,-248.37722532491944,-187.6984094283779,1356.1785377372407,14.077380707127308,-18.628291899368904,2.9736765998869716e-19
1787278774.560246,resting,fast,1787278739.9715214,-248.21718287641806,-187.69809522547382,1358.192088396193,14.077357141909392,-18.616288715731244,2.975374727780402e-19
1787278774.5713995,resting,fast,1787278739.9715214,-247.56278366167726,-186.93659297710917,1356.1352100647719,14.02024447328198,-18.56720877462567,2.97644110426327e-19
1787278774.5826006,resting,fast,1787278739.9715214,-246.96029448162471,-186.501287620668,1355.5249551481475,13.987596571548924,-18.522022086121495,2.9753404982653566e-19
1787278774.5936773,resting,fast,1787278739.9715214,-247.19523743122727,-187.2434599052923,1356.1333423859387,14.043259492895817,-18.539642807341785,2.9788436328019676e-19
1787278774.604628,resting,fast,1787278739.9715214,-247.7012673171389,-187.94405319391115,1358.9602233378127,14.095803989542109,-18.577595048784907,2.978165912446885e-19
1787278774.6158442,resting,fast,1787278739.9715214,-249.14266545821874,-188.83565350897823,1356.8771785136023,14.162674013172111,-18.685699909366164,2.9763559042685253e-19
1787278774.6269171,resting,fast,1787278739.9715214,-248.6615711275058,-188.38000490317552,1355.0181792899266,14.128500367736937,-18.649617834562846,2.972357734537978e-19
1787278774.6378984,resting,fast,1787278739.9715214,-247.36953788109577,-187.23355881587952,1352.6515602257396,14.04251691118964,-18.552715341081793,2.971986004698921e-19
1787278774.6490662,resting,fast,1787278739.9715214,-246.6475782066077,-186.43879526087096,1354.1068335526443,13.982909644564021,-18.498568365495302,2.9728734348541663e-19
1787278774.6602867,resting,fast,1787278739.9715214,-247.0376751804829,-187.3759869290385,1353.523083494617,14.053199019676573,-18.527825638536186,2.972537701693385e-19
1787278774.671327,resting,fast,1787278739.9715214,-247.95517188525946,-187.88332120317625,1355.12056027173,14.091249090236989,-18.596637891394565,2.970113908088949e-19
1787278774.6823566,resting,fast,1787278739.9715214,-248.94157151760146,-187.94697602371718,1355.1090102094868,14.096023201777644,-18.67061786381992,2.9708708286000307e-19
1787278774.6934648,resting,fast,1787278739.9715214,-249.25330379812067,-188.2052440858323,1357.9263918177794,14.115393306436165,-18.693997784858787,2.9727051437490643e-19
1787278774.7045403,resting,fast,1787278739.9715214,-249.72802668256963,-189.24317931633584,1355.3453245043938,14.193238448723978,-18.729602001192696,2.97521603502915e-19
1787278774.7157326,resting,fast,1787278739.9715214,-248.68121029661916,-190.07826288382114,1352.1715450348447,14.25586971628525,-18.65109077224598,2.9750456811870065e-19
1787278774.7268167,resting,fast,1787278739.9715214,-248.8384072301028,-189.37235833596935,1351.9265052657402,14.202926875196301,-18.66288054225744,2.974727187798927e-19
1787278774.7379525,resting,fast,1787278739.9715214,-249.66504532501904,-188.79886031393596,1359.1172332798715,14.159914523543993,-18.724878399376173,2.981604813857414e-19
1787278774.7490442,resting,fast,1787278739.9715214,-252.29379220076817,-188.40457654017507,1365.594727113049,14.130343240512037,-18.922034415057432,2.9821200443614254e-19
1787278774.7601953,resting,fast,1787278739.9715214,-251.610146570481,-187.1982984660816,1366.4359394163357,14.039872384955093,-18.870760992785833,2.9826222519526543e-19
1787278774.7712884,resting,fast,1787278739.9715214,-251.06410313213155,-186.76878233995183,1364.2137706343992,14.007658675495225,-18.82980773490975,2.977887190781736e-19
1787278774.782405,resting,fast,1787278739.9715214,-248.74347265313327,-186.56642469875294,1359.8638010540226,13.992481852405295,-18.65576044898465,2.9764241365058073e-19
1787278774.7935529,resting,fast,1787278739.9715214,-249.23743954714837,-188.10280303539218,1360.7955345695618,14.10771022765319,-18.692807966035716,2.981371180261123e-19
1787278774.8044727,resting,fast,1787278739.9715214,-247.56223901677595,-188.02087263554756,1355.2333158926822,14.101565447664957,-18.56716792625806,2.9745115025192034e-19
1787278774.8154619,resting,fast,1787278739.9715214,-248.71308990883836,-187.7655524272435,1355.7716409121576,14.082416432042255,-18.65348174316275,2.9742668819073595e-19
1787278774.826632,resting,fast,1787278739.9715214,-248.55930141347335,-187.4228079006972,1355.078851202993,14.056710592551031,-18.641947606010355,2.9700081055288167e-19
1787278774.8378348,resting,fast,1787278739.9715214,-249.57792843240668,-188.20070362951344,1355.8750938139065,14.115052772212284,-18.718344632430338,2.976260422463523e-19
1787278774.8489313,resting,fast,1787278739.9715214,-248.9681005307416,-187.79055552540387,1359.2365562008772,14.084291664404223,-18.672607539805377,2.9782217257339574e-19
1787278774.8600278,resting,fast,1787278739.9715214,-248.65567572427653,-188.42354046719277,1357.3126797739942,14.131765535038316,-18.649175679320706,2.975979893623236e-19
1787278774.8711007,resting,fast,1787278739.9715214,-248.15454609802373,-189.12521216562584,1358.1615514324467,14.184390912420827,-18.61159095735178,2.9728523145912e-19
1787278774.882205,resting,fast,1787278739.9715214,-247.13679165472377,-189.51056142755726,1353.374619338766,14.213292107065786,-18.535259374104278,2.968511270530449e-19
1787278774.8934183,resting,fast,1787278739.9715214,-246.82868950226248,-188.37852023100265,1354.189525840945,14.128389017324157,-18.51215171266964,2.9700099654504724e-19
1787278774.9044347,resting,fast,1787278739.9715214,-247.94868886621452,-187.70287948571684,1355.0151864758946,14.07771596142749,-18.596151664965916,2.9730243369204247e-19
1787278774.915522,resting,fast,1787278739.9715214,-249.70060355542364,-188.03934541426736,1355.372700998204,14.102950906068845,-18.72754526665672,2.9743490195004363e-19
1787278774.9266381,resting,fast,1787278739.9715214,-250.4931830060982,-189.72695852047798,1355.7844483026447,14.22952188903469,-18.786988725457192,2.974985902631412e-19
1787278774.9377484,resting,fast,1787278739.9715214,-251.28513776220962,-189.32331299315945,1356.5451195672222,14.19924847448576,-18.846385332165696,2.9753815934038557e-19
1787278774.9488146,resting,fast,1787278739.9715214,-250.6927494086308,-189.1747196934274,1359.201122618796,14.188103977005756,-18.80195620564715,2.976892886550749e-19
1787278774.9599423,resting,fast,1787278739.9715214,-250.39951907846125,-187.93055761442554,1360.871483600703,14.094791821080523,-18.77996393088437,2.9757637415971584e-19
1787278774.9710388,resting,fast,1787278739.9715214,-249.92396039123423,-189.14404654971747,1360.9504353642396,14.185803491227606,-18.744297029342356,2.9757848965411904e-19
1787278774.982122,resting,fast,1787278739.9715214,-249.92164922078655,-189.93557860133217,1363.0075380790195,14.245168395098819,-18.744123691558634,2.9778843098660376e-19
1787278774.9933777,resting,fast,1787278739.9715214,-249.63834677034492,-190.34209664275465,1362.3606342983958,14.27565724820538,-18.722876007775632,2.978951175899008e-19
1787278775.0042973,resting,fast,1787278739.9715214,-248.4647382135031,-190.2457152881658,1359.7857977629583,14.268428646611145,-18.634855366012644,2.9761919721465934e-19
1787278775.0154297,resting,fast,1787278739.9715214,-248.47679666833528,-189.10916369168342,1354.7054827542242,14.183187276875035,-18.635759750124876,2.973647876293748e-19
1787278775.026544,resting,fast,1787278739.9715214,-248.2557640523687,-188.26121896932148,1353.989992328924,14.119591422697827,-18.619182303927246,2.9707610210274855e-19
1787278775.0375237,resting,fast,1787278739.9715214,-248.4462191258658,-187.8237343051004,1354.1313241340877,14.086780072881286,-18.63346643443974,2.9711360485859213e-19
1787278775.048676,resting,fast,1787278739.9715214,-247.9747750594338,-188.99346628311093,1357.626727254249,14.174509971232045,-18.59810812945726,2.973408858172573e-19
1787278775.059874,resting,fast,1787278739.9715214,-248.63055363406465,-189.2588907637802,1359.0860092092544,14.194416807282469,-18.64729152255471,2.9731341261954144e-19
1787278775.0708818,resting,fast,1787278739.9715214,-248.09728102271265,-188.69841194615594,1358.8006415382888,14.152380895960423,-18.607296076703207,2.9717988486308866e-19
1787278775.0819974,resting,fast,1787278739.9715214,-248.32166033112344,-188.05064942175215,1355.6034658670078,14.103798706630347,-18.624124524834066,2.9660343416131087e-19
1787278775.0957277,resting,fast,1787278739.9715214,-247.81576710839136,-188.70515073052536,1352.9126902558537,14.152886304788286,-18.586182533129268,2.969140091348876e-19
1787278775.104108,resting,fast,1787278739.9715214,-248.12304724252908,-188.25868202913273,1354.027544724232,14.119401152183787,-18.609228543189552,2.972512875812864e-19
1787278775.1152675,resting,fast,1787278739.9715214,-248.40393950727184,-188.3813597278289,1355.5023101898596,14.128601979586055,-18.630295463044902,2.978202098071519e-19
1787278775.1287773,resting,fast,1787278739.9715214,-248.91171054392953,-189.40314375426544,1355.5471330108385,14.20523578156892,-18.6683782907943,2.978738075127356e-19
1787278775.1373384,resting,fast,1787278739.9715214,-248.93946995246324,-190.14017234908522,1356.1410688576516,14.260512926180201,-18.670460246434693,2.9778131478638337e-19
1787278775.148478,resting,fast,1787278739.9715214,-248.06720024234664,-188.55985931183466,1351.3475345377037,14.141989448386528,-18.60504001817555,2.9732926366081477e-19
1787278775.1616352,resting,fast,1787278739.9715214,-247.95046082788895,-187.5445980911378,1354.4213210185362,14.065844856834193,-18.596284562091604,2.974628133177544e-19
1787278775.170697,resting,fast,1787278739.9715214,-248.6367473544774,-186.67627888516597,1352.823670758803,14.000720916386374,-18.64775605158573,2.9738308672635437e-19
1787278775.1818664,resting,fast,1787278739.9715214,-248.88679569756687,-188.7875293013127,1356.8167441902633,14.159064697597177,-18.6665096773175,2.9746074184850907e-19
1787278775.1956012,resting,fast,1787278739.9715214,-250.19117995677288,-190.4702954687524,1356.9706458410847,14.285272160155504,-18.764338496757865,2.9788016103182297e-19
1787278775.2038994,resting,fast,1787278739.9715214,-249.33413629394045,-190.79828308295976,1354.1673344798774,14.309871231221027,-18.700060222045437,2.975295838007706e-19
1787278775.2153928,resting,fast,1787278739.9715214,-247.72935168601862,-189.80673319089271,1347.1030072138137,14.235504989315718,-18.579701376451297,2.9730743067191147e-19
1787278775.228428,resting,fast,1787278739.9715214,-245.59119818765657,-187.42113756747756,1344.1246867901418,14.056585317559428,-18.419339864074033,2.9656530789730776e-19
1787278775.2373364,resting,fast,1787278739.9715214,-244.92437975888834,-188.38726879170656,1342.9602547166369,14.129045159376819,-18.369328481916327,2.965243113509556e-19
1787278775.2484643,resting,fast,1787278739.9715214,-246.9399362668023,-188.19034079997198,1353.6704698437743,14.114275559996788,-18.520495220010034,2.969553050204136e-19
1787278775.262323,resting,fast,1787278739.9715214,-247.84866486237615,-188.63758561016687,1351.2509647992947,14.147818920761328,-18.588649864677883,2.9630368045786754e-19
1787278775.2706974,resting,fast,1787278739.9715214,-247.84097563993828,-188.09678264571323,1350.367736596575,14.107258698427234,-18.58807317299511,2.9601622281486074e-19
1787278775.281705,resting,fast,1787278739.9715214,-246.49244292199046,-188.23896530066497,1345.6313997926272,14.1179223975488,-18.486933219149137,2.957192166054721e-19
1787278775.2948637,resting,fast,1787278739.9715214,-246.67565950144717,-187.9690850107046,1346.562196241578,14.097681375801688,-18.500674462608544,2.963392136906654e-19
1787278775.3038888,resting,fast,1787278739.9715214,-247.25827793655617,-187.09681469477357,1347.1486552902816,14.032261102106904,-18.544370845241417,2.964848526462186e-19
1787278775.3150325,resting,fast,1787278739.9715214,-248.41501373885376,-188.44831352784684,1347.5263967778055,14.133623514587502,-18.631126030414023,2.965875299526905e-19
1787278775.3277829,resting,fast,1787278739.9715214,-249.17804610743178,-189.4358896613843,1350.5878787711035,14.2076917246028,-18.68835345805715,2.9681384229865113e-19
1787278775.3372645,resting,fast,1787278739.9715214,-249.6350253409678,-190.20872170806467,1352.00693706939,14.26565412810358,-18.722626900572422,2.9718418988072555e-19
1787278775.34849,resting,fast,1787278739.9715214,-249.41135914657525,-189.3838201616917,1352.6968808221563,14.203786512125863,-18.705851935992918,2.9721002654011156e-19
1787278775.3602426,resting,fast,1787278739.9715214,-249.42763063915436,-190.04257354724098,1353.3810964656595,14.253193016041795,-18.70707229793627,2.974127261078106e-19
1787278775.370351,resting,fast,1787278739.9715214,-248.49618820776186,-190.14027591721094,1353.3662061269288,14.260520693789577,-18.63721411558206,2.974560847670442e-19
1787278775.3817067,resting,fast,1787278739.9715214,-249.3951917158479,-190.0258264570358,1357.4173012059427,14.251936984276416,-18.704639378688356,2.977823938669467e-19
1787278775.3942552,resting,fast,1787278739.9715214,-247.7968529572422,-189.0914635026944,1354.6560676016643,14.18185976270107,-18.58476397179303,2.9716465381533375e-19
1787278775.403819,resting,fast,1787278739.9715214,-249.36162523843768,-186.65553890147464,1357.7403830969242,13.999165417609479,-18.702121892882687,2.973005761875442e-19
1787278775.4149182,resting,fast,1787278739.9715214,-248.8271506308015,-186.7319523972327,1351.864434159711,14.004896429791291,-18.66203629730999,2.9705150949150886e-19
1787278775.4264889,resting,fast,1787278739.9715214,-249.6534601011722,-187.25846785391548,1356.8945472080113,14.044385089042368,-18.724009507587596,2.9773177493679384e-19
1787278775.4371111,resting,fast,1787278739.9715214,-248.44290313264037,-188.45416271059014,1358.0350649753555,14.134062203293329,-18.633217734947806,2.9779710853193727e-19
1787278775.4482787,resting,fast,1787278739.9715214,-248.44258819003653,-188.36102534109966,1359.3231900103865,14.127076900581347,-18.63319411425261,2.9759174660529583e-19
1787278775.459915,resting,fast,1787278739.9715214,-249.54217525239665,-187.55190442064202,1357.2870494694716,14.066392831546853,-18.71566314392969,2.97341017490279e-19
1787278775.4705253,resting,fast,1787278739.9715214,-248.96461680873063,-187.51805939340682,1353.2877280288985,14.063854454504298,-18.6723462606546,2.973767268986485e-19
1787278775.4815335,resting,fast,1787278739.9715214,-248.64597994758742,-187.71912315523616,1353.6809770892714,14.078934236641462,-18.64844849606861,2.972437921953949e-19
1787278775.4928174,resting,fast,1787278739.9715214,-246.96089867962155,-188.48115470079313,1349.5868958758265,14.136086602558368,-18.522067400971544,2.9718175211556403e-19
1787278775.5036683,resting,fast,1787278739.9715214,-247.67805309285768,-188.53260932258456,1352.0977911288237,14.139945699192598,-18.575853981964237,2.9720082270119807e-19
1787278775.514946,resting,fast,1787278739.9715214,-247.47969049055837,-188.81822917323905,1350.2511327208204,14.161367187991988,-18.56097678679194,2.9783732542075243e-19
1787278775.5260434,resting,fast,1787278739.9715214,-248.06790307007532,-188.20393798505017,1349.8311460944578,14.115295348877485,-18.605092730255514,2.9751002255025524e-19
1787278775.537103,resting,fast,1787278739.9715214,-248.3582462436275,-188.26793266642846,1349.3598442713692,14.120094949981056,-18.62686846827188,2.968918217025867e-19
1787278775.548109,resting,fast,1787278739.9715214,-248.73739438706207,-187.51735940742117,1351.6185866188362,14.063801955555466,-18.65530457902966,2.9673411327703856e-19
1787278775.5592036,resting,fast,1787278739.9715214,-247.56880032611252,-186.0937536754658,1350.9249474454436,13.95703152565881,-18.567660024458206,2.9627462046530953e-19
1787278775.5704892,resting,fast,1787278739.9715214,-244.67645943765865,-186.56711299300252,1340.6994525027721,13.992533474473948,-18.35073445782411,2.9559683842202203e-19
1787278775.5814724,resting,fast,1787278739.9715214,-245.63146045686744,-186.46123130626154,1341.8649379434928,13.98459234796842,-18.4223595342648,2.9551961981541425e-19
1787278775.5926456,resting,fast,1787278739.9715214,-245.80442222221745,-187.08476820600765,1344.8398745275854,14.03135761544964,-18.435331666666073,2.9601746453095627e-19
1787278775.6035793,resting,fast,1787278739.9715214,-248.1665329278817,-186.96451943983618,1354.295706502432,14.02233895798658,-18.61248996959086,2.970911039405458e-19
1787278775.614468,resting,fast,1787278739.9715214,-246.44110108746963,-186.33239362364554,1353.1663786860163,13.974929521772342,-18.483082581560296,2.9679057620985645e-19
1787278775.6256397,resting,fast,1787278739.9715214,-247.60756850687585,-186.28927685605106,1353.8664025155258,13.971695764202625,-18.570567638015326,2.9682392760188296e-19
1787278775.6366737,resting,fast,1787278739.9715214,-247.5048170413761,-185.93668327364742,1354.7900251971632,13.945251245522446,-18.562861278103057,2.9671739436722213e-19
1787278775.6480742,resting,fast,1787278739.9715214,-247.40668230860183,-185.89545790127625,1351.2096474478212,13.942159342594397,-18.555501173144847,2.9682784857103566e-19
1787278775.6591992,resting,fast,1787278739.9715214,-246.74748304413288,-186.58158817778792,1352.1400064715208,13.993619113332873,-18.50606122830986,2.9705127382289315e-19
1787278775.6702156,resting,fast,1787278739.9715214,-248.97705838523734,-186.9832251843335,1349.4100075058095,14.02374188882391,-18.67327937889253,2.969260249574262e-19
1787278775.681292,resting,fast,1787278739.9715214,-249.78641118694986,-187.97763480440665,1351.3954044854408,14.098322610329237,-18.7339808390211,2.970433764976669e-19
1787278775.692362,resting,fast,1787278739.9715214,-250.17467185786927,-188.1187677348663,1349.2178558010646,14.108907580113854,-18.763100389340202,2.9689292207082307e-19
1787278775.7034383,resting,fast,1787278739.9715214,-248.63510006141996,-188.49292096654278,1353.1342152848965,14.13696907248961,-18.64763250460618,2.97223931747691e-19
1787278775.7146811,resting,fast,1787278739.9715214,-248.86470957229767,-188.83137659947045,1354.5737476221884,14.162353244958997,-18.664853217922257,2.974781420627887e-19
1787278775.7259092,resting,fast,1787278739.9715214,-249.49257190127219,-188.95665987688437,1354.2902533834613,14.171749490765325,-18.711942892595275,2.975278050561205e-19
1787278775.7367938,resting,fast,1787278739.9715214,-248.0042747190796,-187.56924568591478,1347.803031538414,14.067693426442379,-18.600320603930896,2.9685987744875933e-19
1787278775.7478676,resting,fast,1787278739.9715214,-247.89645129976043,-187.61351500101966,1345.7528615960773,14.07101362507527,-18.59223384748215,2.9672159828264274e-19
1787278775.7590482,resting,fast,1787278739.9715214,-246.42224068700352,-187.36284108212283,1346.2441752745044,14.052213081157948,-18.481668051525148,2.966992349829633e-19
1787278775.770066,resting,fast,1787278739.9715214,-246.5719966021784,-188.0558273470573,1343.4105541103045,14.104187051028095,-18.492899745163328,2.966261815285133e-19
1787278775.7812316,resting,fast,1787278739.9715214,-244.93418749692182,-186.1531082778971,1338.5100913397973,13.9614831208409,-18.37006406226901,2.96111425954976e-19
1787278775.7922542,resting,fast,1787278739.9715214,-244.91227781894713,-186.0446121565584,1336.3239695653529,13.9533459117408,-18.36842083642083,2.9563054798418955e-19
1787278775.8034408,resting,fast,1787278739.9715214,-244.24620370891125,-185.95279312128616,1337.9570043461872,13.94645948409529,-18.318465278168198,2.955279432329311e-19
1787278775.814512,resting,fast,1787278739.9715214,-246.3747682416183,-187.9306910762415,1345.8249787306677,14.094801830716964,-18.478107618121193,2.9610188548885287e-19
1787278775.8255844,resting,fast,1787278739.9715214,-246.6463089655167,-185.9078804796237,1347.715954221344,13.943091035970898,-18.49847317241337,2.966000340444125e-19
1787278775.8366952,resting,fast,1787278739.9715214,-247.3431871270136,-185.58241985178245,1350.3693519468934,13.9186814888827,-18.550739034525634,2.9681985796112094e-19
1787278775.8478088,resting,fast,1787278739.9715214,-245.68283198853123,-184.01585404370996,1344.2749400748025,13.801189053277003,-18.42621239913946,2.962850531757881e-19
1787278775.8588583,resting,fast,1787278739.9715214,-246.60849983656,-185.97190761336253,1345.8794297142058,13.947893071001065,-18.495637487741718,2.9639447894020586e-19
1787278775.8700073,resting,fast,1787278739.9715214,-246.71486199743458,-186.6969608051553,1345.671036041972,14.002272060385327,-18.503614649807467,2.969983141818349e-19
1787278775.881056,resting,fast,1787278739.9715214,-248.0209174965371,-188.01533450991758,1349.8662858305352,14.101150088242836,-18.601568812240068,2.9744461680864885e-19
1787278775.8921874,resting,fast,1787278739.9715214,-247.57456517809487,-187.02635370684277,1345.1604364523946,14.02697652801199,-18.568092388356895,2.9707963161014794e-19
1787278775.9031813,resting,fast,1787278739.9715214,-247.35155102405724,-186.6915529075212,1343.3470753513711,14.001866468062804,-18.55136632680413,2.968987863069337e-19
1787278775.914467,resting,fast,1787278739.9715214,-246.16685919232577,-185.21971267731362,1339.758186719847,13.891478450797383,-18.462514439424496,2.965546482013776e-19
1787278775.9255865,resting,fast,1787278739.9715214,-246.2506170085203,-186.55488848516995,1342.9013324182642,13.991616636386656,-18.4687962756388,2.9684660709311937e-19
1787278775.9366045,resting,fast,1787278739.9715214,-247.7367922008939,-187.3900511306091,1345.0570146122618,14.054253834794498,-18.580259415067026,2.9664011967844687e-19
1787278775.9476988,resting,fast,1787278739.9715214,-247.5552176743945,-187.38017935032042,1349.5440823489653,14.053513451272895,-18.566641325579695,2.9697742767672265e-19
1787278775.9588213,resting,fast,1787278739.9715214,-246.66422155218925,-187.3593171612232,1348.000713547729,14.051948787090684,-18.49981661641401,2.967664826247577e-19
1787278775.969809,resting,fast,1787278739.9715214,-244.6771866306649,-185.55631542273989,1344.3930647978696,13.916723656704196,-18.350788997299595,2.9687477328172637e-19
1787278775.9809453,resting,fast,1787278739.9715214,-245.71073591885897,-187.76568600476992,1349.7308330574115,14.08242645035644,-18.428305193914277,2.971259444667857e-19
1787278775.992052,resting,fast,1787278739.9715214,-247.07958825429478,-188.47798033090442,1352.8694999219324,14.135848524816755,-18.53096911907197,2.973172443502724e-19
1787278776.003101,resting,fast,1787278739.9715214,-246.68546851552173,-190.35546875047646,1354.148103280405,14.27666015628471,-18.501410138663857,2.9720663603388577e-19
1787278776.0142527,resting,fast,1787278739.9715214,-247.49007946706797,-189.52447346070392,1347.7033144228326,14.214335509551635,-18.56175596002987,2.9703750175764086e-19
1787278776.025425,resting,fast,1787278739.9715214,-247.83352544495983,-189.38395122681038,1346.891926573725,14.203796342009486,-18.58751440837203,2.9679971766554344e-19
1787278776.0361125,resting,fast,1787278739.9715214,-249.34776423028188,-188.82696601062764,1347.8880214271676,14.162022450795835,-18.701082317271023,2.966439831440307e-19
1787278776.047324,resting,fast,1787278739.9715214,-248.04542622767576,-187.61855953721158,1349.7741792869938,14.071391965289624,-18.60340696707562,2.9667183706600673e-19
1787278776.058634,resting,fast,1787278739.9715214,-247.64929575482938,-188.44787696196533,1352.5621134789626,14.133590772146267,-18.57369718161219,2.9724531987853207e-19
1787278776.0697727,resting,fast,1787278739.9715214,-246.98853900773565,-187.18873011183257,1354.591438644923,14.039154758386221,-18.52414042558022,2.973106910878309e-19
1787278776.080758,resting,fast,1787278739.9715214,-247.25404340187242,-187.67740818459754,1349.8206172662403,14.075805613843588,-18.544053255140454,2.9704536892947097e-19
1787278776.091742,resting,fast,1787278739.9715214,-246.62215938906365,-186.62798806220405,1341.244723915669,13.997099104664276,-18.496661954179558,2.9674537153139567e-19
1787278776.1029396,resting,fast,1787278739.9715214,-247.9182430232181,-188.4698630163581,1346.7892025042938,14.135239726225837,-18.593868226741108,2.9739279298685297e-19
1787278776.114038,resting,fast,1787278739.9715214,-248.01017503423145,-187.79890621937182,1349.9231897703876,14.084917966451687,-18.6007631275671,2.9760494645973585e-19
1787278776.1252406,resting,fast,1787278739.9715214,-247.84932844378864,-187.4312077013234,1354.5416180728544,14.057340577598072,-18.588699633284065,2.9781510347176807e-19
1787278776.1362777,resting,fast,1787278739.9715214,-248.8549291412496,-186.87309853846375,1347.9435135912836,14.01548239038367,-18.664119685593484,2.971637786302028e-19
1787278776.1470284,resting,fast,1787278739.9715214,-248.87900142518947,-187.37588400645166,1346.072813027261,14.053191300482897,-18.665925106888984,2.9688556599293796e-19
1787278776.1582274,resting,fast,1787278739.9715214,-249.49627956908034,-186.90878783438654,1344.2065910514839,14.01815908757776,-18.712220967680942,2.964996641781212e-19
1787278776.1692863,resting,fast,1787278739.9715214,-248.92765157316762,-186.3358935747832,1347.3316978047305,13.975192018107425,-18.66957386798738,2.9695978434510027e-19
1787278776.1804464,resting,fast,1787278739.9715214,-248.98390126938784,-187.44242031529586,1347.4387363895376,14.058181523646017,-18.673792595203786,2.9722952670728104e-19
1787278776.191733,resting,fast,1787278739.9715214,-248.30158632513348,-188.02937610910487,1348.1840176371597,14.102203208181667,-18.62261897438497,2.9761313962635363e-19
1787278776.20271,resting,fast,1787278739.9715214,-248.26016299879075,-187.45652756034303,1349.4098486423036,14.059239567024367,-18.619512224908803,2.972068170590052e-19
1787278776.213971,resting,fast,1787278739.9715214,-248.76077650125671,-187.65505366950595,1350.3463188483447,14.074129025211935,-18.657058237594057,2.971360730188498e-19
1787278776.225244,resting,fast,1787278739.9715214,-249.7984077502474,-188.27764030029346,1353.2365273978276,14.120823022520899,-18.734880581268136,2.9733088137049063e-19
1787278776.2362196,resting,fast,1787278739.9715214,-249.4067065995564,-189.1282025003096,1351.1328784168409,14.184615187522017,-18.705502994966885,2.9794873250506025e-19
1787278776.2474532,resting,fast,1787278739.9715214,-248.63228030869914,-188.41096166022237,1348.9040428621274,14.130822124515621,-18.64742102315222,2.978568520367552e-19
1787278776.2585473,resting,fast,1787278739.9715214,-247.6389127422185,-186.22451653737232,1345.4498924718055,13.966838740301643,-18.57291845566629,2.971023518140841e-19
1787278776.2696543,resting,fast,1787278739.9715214,-246.75112418106028,-186.17036620858596,1340.350467485806,13.962777465642763,-18.50633431357926,2.961799836489672e-19
1787278776.280603,resting,fast,1787278739.9715214,-246.97439314087978,-184.9873799772505,1341.7746021516841,13.874053498292643,-18.523079485565788,2.962636498138364e-19
1787278776.291664,resting,fast,1787278739.9715214,-246.41296828690565,-186.17223138532574,1342.148011669863,13.962917353898266,-18.48097262151782,2.965842855770452e-19
1787278776.3028104,resting,fast,1787278739.9715214,-248.22720796113344,-186.74281006820377,1355.8224909518513,14.005710755114126,-18.61704059708491,2.9777999331559714e-19
1787278776.313959,resting,fast,1787278739.9715214,-248.15859830020827,-189.38987317973908,1356.1746674903525,14.204240488479176,-18.611894872515464,2.979351490603013e-19
1787278776.3249934,resting,fast,1787278739.9715214,-249.4258890814158,-188.98902062897207,1359.4200982361917,14.17417654717173,-18.70694168110615,2.9801921460462654e-19
1787278776.3362017,resting,fast,1787278739.9715214,-249.24345970358672,-189.1652171247307,1355.906339306218,14.187391284353541,-18.693259477768954,2.9779029699556953e-19
1787278776.3472712,resting,fast,1787278739.9715214,-250.2119483955653,-187.75957205168027,1357.2496858464065,14.0819679038749,-18.765896129667183,2.98019596068896e-19
1787278776.3582876,resting,fast,1787278739.9715214,-248.7683326339734,-186.75872439822126,1353.6100311814507,14.006904329865467,-18.657624947547852,2.9750318224411777e-19
1787278776.3694358,resting,fast,1787278739.9715214,-249.66608975463942,-186.75175326169676,1352.3068561772734,14.006381494626002,-18.72495673159782,2.97362203896865e-19
1787278776.3805046,resting,fast,1787278739.9715214,-248.67926720409696,-186.67533556681167,1354.0252764700735,14.000650167509722,-18.650945040307235,2.9737563977995137e-19
1787278776.3915696,resting,fast,1787278739.9715214,-248.13215603142862,-188.0645809734359,1350.9828340509494,14.10484357300641,-18.609911702356676,2.9756991963405483e-19
1787278776.402766,resting,fast,1787278739.9715214,-246.98023103681635,-188.7485461227485,1349.423280735201,14.156140959204965,-18.523517327761155,2.9726451615559607e-19
1787278776.4139395,resting,fast,1787278739.9715214,-247.2894371780817,-190.34002723833453,1343.6114737700746,14.275502042874013,-18.546707788356066,2.965479365725198e-19
1787278776.4249134,resting,fast,1787278739.9715214,-249.10553980114446,-190.92939177069036,1347.688834966205,14.319704382800598,-18.682915485085665,2.968243099388227e-19
1787278776.4359975,resting,fast,1787278739.9715214,-248.34280872669706,-188.76297456582176,1348.192713681231,14.157223092435249,-18.625710654502058,2.970067187272347e-19
1787278776.447105,resting,fast,1787278739.9715214,-247.27297828127985,-187.04529923676853,1349.1120244822787,14.028397442756518,-18.545473371095795,2.974291817860235e-19
1787278776.4581559,resting,fast,1787278739.9715214,-246.50593100913784,-186.8846792247408,1350.426896715774,14.016350941854387,-18.487944825685226,2.9757096027446276e-19
1787278776.469321,resting,fast,1787278739.9715214,-246.54654747669292,-186.86787107464454,1351.889727341114,14.01509033059725,-18.490991060751966,2.97705282522235e-19
1787278776.480479,resting,fast,1787278739.9715214,-247.02357630822598,-186.06105609126405,1353.5441731908059,13.954579206843736,-18.52676822311674,2.9778024312934707e-19
1787278776.491544,resting,fast,1787278739.9715214,-246.18407030161552,-185.79470733469327,1351.8892844437787,13.934603050100907,-18.463805272621215,2.9758861265532873e-19
1787278776.5025766,resting,fast,1787278739.9715214,-246.8182250575278,-187.38306280227323,1352.2054171903264,14.053729710169225,-18.511366879314508,2.975703185280727e-19
1787278776.5138965,resting,fast,1787278739.9715214,-246.57976015867234,-186.75513856752912,1353.2690545692503,14.006635392563727,-18.49348201190014,2.97436543690245e-19
1787278776.5248659,resting,fast,1787278739.9715214,-248.02552137069551,-186.550515981574,1357.6663652229572,13.991288698617016,-18.60191410280195,2.9771214255207427e-19
1787278776.5358737,resting,fast,1787278739.9715214,-247.87349393190425,-185.58940070212873,1354.9790703808694,13.919205052658544,-18.59051204489272,2.97469234015125e-19
1787278776.5470076,resting,fast,1787278739.9715214,-249.2160607611745,-187.00166627752048,1357.6443562146587,14.025124970812772,-18.691204557087794,2.979092762503686e-19
1787278776.5581336,resting,fast,1787278739.9715214,-249.36401706190236,-186.63587146865768,1356.1287398871873,13.997690360148273,-18.70230127964274,2.9773981420404633e-19
1787278776.56924,resting,fast,1787278739.9715214,-249.09256215891992,-185.73722248568458,1350.889287893605,13.930291686425395,-18.681942161918897,2.9752824727112794e-19
1787278776.5802197,resting,fast,1787278739.9715214,-247.985534960962,-186.17168898519515,1347.2789801461086,13.96287667388852,-18.598915122071972,2.972069964606437e-19
1787278776.5913079,resting,fast,1787278739.9715214,-248.17845578453534,-185.37420806757984,1349.5202281229804,13.903065605067443,-18.613384183840004,2.974158063278561e-19
1787278776.6025252,resting,fast,1787278739.9715214,-249.10129040082074,-185.75162885198472,1359.751904902395,13.93137216389771,-18.682596780061324,2.9822735353945816e-19
1787278776.6136587,resting,fast,1787278739.9715214,-249.8100259361604,-185.75686113411746,1360.9946639024574,13.931764585057852,-18.735751945211696,2.983921345945692e-19
1787278776.6247478,resting,fast,1787278739.9715214,-248.63855877103242,-186.42244335637554,1355.6450474318563,13.981683251726782,-18.647891907827216,2.9826199135632554e-19
1787278776.6357808,resting,fast,1787278739.9715214,-246.82203201574475,-185.70881272900021,1350.6721715241756,13.928160954673817,-18.511652401180683,2.979241850418297e-19
1787278776.6470172,resting,fast,1787278739.9715214,-245.91677616321022,-183.01823615841738,1353.0466407315116,13.726367711880062,-18.443758212240567,2.9775047872734973e-19
1787278776.658043,resting,fast,1787278739.9715214,-246.73423682136354,-182.66461370736408,1356.4137504541404,13.69984602805123,-18.505067761602163,2.980130471747429e-19
1787278776.6690867,resting,fast,1787278739.9715214,-248.00102200343963,-184.60925201923135,1353.6892858372712,13.845693901441113,-18.600076650257883,2.9800107495094183e-19
1787278776.6802185,resting,fast,1787278739.9715214,-247.36531369816703,-186.4695688461237,1348.3664765519943,13.985217663458034,-18.552398527362442,2.976742712372222e-19
1787278776.6913223,resting,fast,1787278739.9715214,-248.16285014264713,-187.05634371100894,1350.6797058191469,14.029225778324534,-18.61221376069838,2.976359796602914e-19
1787278776.7024376,resting,fast,1787278739.9715214,-247.6102908836915,-187.34414465199882,1353.1865713285906,14.050810848898752,-18.570771816276633,2.9808110866780876e-19
1787278776.713583,resting,fast,1787278739.9715214,-249.12488562094086,-186.55161826695883,1357.9297664274736,13.991371370020548,-18.684366421570417,2.9857812071706863e-19
1787278776.7245688,resting,fast,1787278739.9715214,-248.33545251283385,-187.25737895503642,1351.0394927552397,14.044303421626868,-18.625158938462576,2.981662408520494e-19
1787278776.73576,resting,fast,1787278739.9715214,-247.53274310044026,-186.65878645554756,1345.307615188568,13.999408984164806,-18.56495573253285,2.9729791087881803e-19
1787278776.7468562,resting,fast,1787278739.9715214,-247.4932158391698,-187.36341116374672,1343.0741215366188,14.052255837279777,-18.56199118793738,2.970144591565064e-19
1787278776.7580433,resting,fast,1787278739.9715214,-247.12472875742014,-185.59771464149196,1344.879334795497,13.9198285981108,-18.5343546568062,2.9698725096518586e-19
1787278776.7689602,resting,fast,1787278739.9715214,-247.84564646798526,-184.446074436382,1346.557418511663,13.83345558272757,-18.588423485098808,2.970555167848715e-19
1787278776.7801435,resting,fast,1787278739.9715214,-246.84998134007537,-184.64285867587898,1345.7926862893792,13.848214400689717,-18.51374860050546,2.971198542951338e-19
1787278776.7911856,resting,fast,1787278739.9715214,-247.49530223607007,-186.7171793977701,1346.3057277720882,14.003788454831327,-18.562147667704984,2.973048874752209e-19
1787278776.8022418,resting,fast,1787278739.9715214,-247.65893927069783,-187.71904878944576,1349.244160965437,14.07892865920731,-18.57442044530208,2.9756080815371e-19
1787278776.8135016,resting,fast,1787278739.9715214,-247.62848973678092,-186.8078997129045,1349.8829913445907,14.010592478466723,-18.57213673025843,2.972620070195037e-19
1787278776.8245392,resting,fast,1787278739.9715214,-247.81191126420208,-185.20598692894794,1352.4417313360182,13.890449019669806,-18.585893344814984,2.972082319206786e-19
1787278776.8355308,resting,fast,1787278739.9715214,-247.71748657895705,-185.10374121347957,1354.4718938237756,13.882780591009766,-18.578811493421718,2.9737608744504416e-19
1787278776.846749,resting,fast,1787278739.9715214,-247.92718395453585,-185.71449729451035,1354.7669783500469,13.928587297087095,-18.59453879659,2.977483215163914e-19
1787278776.8579075,resting,fast,1787278739.9715214,-246.92811699069853,-185.50666528815816,1350.243359109506,13.912999896610774,-18.51960877430203,2.9748141166687194e-19
1787278776.868871,resting,fast,1787278739.9715214,-246.47978893097252,-185.93751859414863,1345.4717041947488,13.945313894559991,-18.485984169822814,2.9716865260043304e-19
1787278776.8799925,resting,fast,1787278739.9715214,-247.4110539375647,-187.0185929274752,1344.119393314345,14.026394469559566,-18.555829045316955,2.968842809856135e-19
1787278776.8910284,resting,fast,1787278739.9715214,-248.5995921199742,-188.20168141306397,1349.3036709546168,14.115126105978636,-18.644969408998037,2.9746852310534276e-19
1787278776.902142,resting,fast,1787278739.9715214,-249.45852352581323,-187.72152664473072,1351.1704668345437,14.079114498353764,-18.70938926443573,2.975513982695512e-19
1787278776.913382,resting,fast,1787278739.9715214,-248.54564906864243,-188.1395414791042,1349.977793490486,14.110465610931573,-18.64092368014802,2.9781785927726935e-19
1787278776.9242988,resting,fast,1787278739.9715214,-248.02447446737597,-189.20449984751497,1344.6703912363273,14.190337488562239,-18.601835585052953,2.973923723559163e-19
1787278776.9354239,resting,fast,1787278739.9715214,-246.75159305860643,-189.2706126398458,1344.2649630265996,14.195295947987152,-18.50636947939536,2.969829937728407e-19
1787278776.9465923,resting,fast,1787278739.9715214,-246.74990209681937,-186.7422314737447,1347.0984677799815,14.005667360529674,-18.506242657261318,2.968592821074666e-19
1787278776.9576437,resting,fast,1787278739.9715214,-246.25625657030605,-184.9784373187207,1349.5790692099445,13.873382798902757,-18.469219242772695,2.96757490579305e-19
1787278776.9687767,resting,fast,1787278739.9715214,-248.37277334332293,-185.42828802948895,1354.4877928529395,13.907121602210442,-18.62795800074909,2.972461494167213e-19
1787278776.9798946,resting,fast,1787278739.9715214,-249.3072942816184,-186.7235925414933,1352.2854036812396,14.004269440610958,-18.698047071121152,2.9708686369307965e-19
1787278776.991074,resting,fast,1787278739.9715214,-250.4098951896617,-187.85415797081635,1353.9424999542362,14.08906184781009,-18.780742139224536,2.9745730382149726e-19
1787278777.0020194,resting,fast,1787278739.9715214,-249.09247679782993,-187.0399305696784,1346.582407859024,14.027994792724588,-18.68193575983708,2.9654391885068797e-19
1787278777.0129457,resting,fast,1787278739.9715214,-249.00034229248695,-187.63609908394926,1351.1011164155507,14.072707431294933,-18.675025671936503,2.9697811189710985e-19
1787278777.0242074,resting,fast,1787278739.9715214,-247.3064044785965,-186.60031547501796,1346.9522923026716,13.995023660625197,-18.54798033589455,2.9696732918340735e-19
1787278777.035361,resting,fast,1787278739.9715214,-248.11319291484278,-186.61622383572933,1353.803021754843,13.996216787678467,-18.608489468612994,2.975302725805042e-19
1787278777.0465899,resting,fast,1787278739.9715214,-247.7450297740238,-186.26598475479807,1351.9392661961856,13.9699488566087,-18.58087723305149,2.9722762926478374e-19
1787278777.0575411,resting,fast,1787278739.9715214,-248.62961149829198,-187.17710419366165,1353.0743059917268,14.038282814523544,-18.647220862371903,2.9704546418401524e-19
1787278777.068613,resting,fast,1787278739.9715214,-247.5807348870744,-186.3233459895563,1350.1840911143163,13.974250949215591,-18.568555116530447,2.973133563974328e-19
1787278777.079883,resting,fast,1787278739.9715214,-247.95195154460498,-184.97981793451038,1349.6186474107117,13.873486345087205,-18.59639636584523,2.9728764228777313e-19
1787278777.0909736,resting,fast,1787278739.9715214,-248.39252858935333,-185.0710261244086,1352.0674100563583,13.880326959329569,-18.62943964420152,2.975652267367924e-19
1787278777.101943,resting,fast,1787278739.9715214,-249.46801274586915,-186.51751763306618,1354.5882702417957,13.988813822478878,-18.710100955939886,2.9756492509432385e-19
1787278777.1131938,resting,fast,1787278739.9715214,-249.18277016576167,-188.75193384261513,1356.1761808977853,14.15639503819489,-18.68870776243196,2.97970745318527e-19
1787278777.124192,resting,fast,1787278739.9715214,-249.3354186843576,-188.3947157794404,1356.728585346399,14.129603683456725,-18.70015640132688,2.976369719485092e-19
1787278777.13526,resting,fast,1787278739.9715214,-249.73614044805663,-189.73493162840953,1357.1169574929854,14.230119872129567,-18.73021053360408,2.978826122774304e-19
1787278777.1463864,resting,fast,1787278739.9715214,-250.6208058758425,-189.6439210468069,1353.6710180467844,14.22329407850923,-18.796560440688104,2.9740558704842224e-19
1787278777.1574116,resting,fast,1787278739.9715214,-249.14311647875866,-188.74156772099388,1347.7820909619868,14.155617579073326,-18.685733735906823,2.9678989732948385e-19
1787278777.1684992,resting,fast,1787278739.9715214,-250.03484209969292,-188.722063185519,1350.9529977536995,14.154154738912855,-18.7526131574768,2.9716270728022754e-19
1787278777.1795902,resting,fast,1787278739.9715214,-248.30156408877474,-187.80786410610938,1354.2321752432936,14.085589807957053,-18.62261730665805,2.9728500346207165e-19
1787278777.1910133,resting,fast,1787278739.9715214,-248.92829435869635,-187.87836042966285,1361.0827491095542,14.090877032223478,-18.669622076901994,2.9802279481041994e-19
1787278777.201798,resting,fast,1787278739.9715214,-247.98396694982375,-187.62422009086106,1358.600672671354,14.07181650681341,-18.598797521236335,2.9779666934584234e-19
1787278777.2130141,resting,fast,1787278739.9715214,-247.95968779748955,-187.09377789404368,1354.7337584365569,14.032033342052134,-18.596976584811436,2.9762226625283245e-19
1787278777.224009,resting,fast,1787278739.9715214,-248.0858696964292,-188.0703037285465,1348.90230442757,14.105272779639709,-18.606440227232,2.973737758856116e-19
1787278777.2350864,resting,fast,1787278739.9715214,-248.07348130576747,-187.2517395087765,1350.3711118255387,14.043880463157198,-18.605511097932528,2.9715091277719516e-19
1787278777.24635,resting,fast,1787278739.9715214,-249.21787251429623,-187.90561203192112,1354.8493377168334,14.092920902392851,-18.691340438571842,2.97584221760679e-19
1787278777.2572567,resting,fast,1787278739.9715214,-250.08341697767037,-186.81211982802313,1359.4491372657149,14.010908987100667,-18.75625627332512,2.975972812662736e-19
1787278777.268352,resting,fast,1787278739.9715214,-248.9760456258532,-186.8964059633753,1353.4839055087605,14.017230447252121,-18.67320342193902,2.9711922864152857e-19
1787278777.2795477,resting,fast,1787278739.9715214,-250.12291301994583,-187.8467499568859,1353.2959466805014,14.08850624676531,-18.759218476495725,2.973502439057212e-19
1787278777.290545,resting,fast,1787278739.9715214,-249.92280941558283,-188.90254888531342,1353.108450835759,14.167691166397379,-18.744210706168474,2.976216286803409e-19
1787278777.301592,resting,fast,1787278739.9715214,-249.85473242436228,-188.60986174110042,1354.940682582811,14.145739630581193,-18.739104931826986,2.9792805471165683e-19
1787278777.312826,resting,fast,1787278739.9715214,-249.5674158864208,-187.46884366648885,1352.696697505321,14.060163274985587,-18.717556191481556,2.9751894969765376e-19
1787278777.3238094,resting,fast,1787278739.9715214,-249.6450640291946,-187.47997323063817,1353.991330827609,14.060997992296652,-18.72337980218944,2.975398302489716e-19
1787278777.3348944,resting,fast,1787278739.9715214,-249.30476285953273,-187.50794837599176,1355.38992328115,14.063096128198143,-18.697857214464875,2.978748481214202e-19
1787278777.346118,resting,fast,1787278739.9715214,-247.68837493166984,-188.10511980905824,1350.7658316654697,14.107883985678075,-18.576628119875068,2.9736146232546646e-19
1787278777.3570845,resting,fast,1787278739.9715214,-247.4422099939261,-187.6615741630859,1350.381061588204,14.074618062230304,-18.558165749544266,2.975133596743778e-19
1787278777.3682013,resting,fast,1787278739.9715214,-247.28611980146025,-187.59105655427186,1347.746992939029,14.069329241569296,-18.546458985109247,2.9696675472700775e-19
1787278777.379444,resting,fast,1787278739.9715214,-247.07635870232434,-187.6802992481497,1350.4292182674772,14.076022443610075,-18.530726902674274,2.9748400221798457e-19
1787278777.390485,resting,fast,1787278739.9715214,-246.71702609389695,-187.86004761909487,1351.699306531752,14.089503571430829,-18.503776957041893,2.9767544255117856e-19
1787278777.401648,resting,fast,1787278739.9715214,-248.4718569750944,-187.62945812609826,1357.158802326553,14.072209359456341,-18.635389273132148,2.984008522503393e-19
1787278777.4127324,resting,fast,1787278739.9715214,-248.86430274348595,-186.37412846930158,1360.1207176153775,13.978059635196463,-18.664822705761253,2.9849090789387794e-19
1787278777.4238114,resting,fast,1787278739.9715214,-249.1177257233844,-186.43431494878234,1358.3495845408133,13.98257362115729,-18.68382942925375,2.9809956375220026e-19
1787278777.4349253,resting,fast,1787278739.9715214,-247.1404183444779,-186.48437360048763,1353.7506125442242,13.986328020035277,-18.535531375835788,2.973733515224567e-19
1787278777.4461224,resting,fast,1787278739.9715214,-245.90541631840688,-185.0473100854548,1351.4392097277096,13.878548256408184,-18.442906223880392,2.970514853532742e-19
1787278777.4570765,resting,fast,1787278739.9715214,-246.4770856777418,-185.31363774261047,1352.7313894429708,13.89852283069472,-18.485781425830467,2.970693013924288e-19
1787278777.4682178,resting,fast,1787278739.9715214,-246.8753235264371,-186.08777764437548,1350.7216404937108,13.956583323326957,-18.515649264482754,2.9742009088597964e-19
1787278777.4793694,resting,fast,1787278739.9715214,-249.22328500169397,-189.2108576680015,1351.9447124758763,14.190814325099016,-18.691746375126925,2.975361310733011e-19
1787278777.490422,resting,fast,1787278739.9715214,-249.40183927673525,-189.30852356476487,1352.3801948576538,14.198139267356314,-18.705137945754814,2.9744202902049554e-19
1787278777.5015206,resting,fast,1787278739.9715214,-249.99049035655253,-189.02231817927452,1354.7335500622876,14.176673863444453,-18.7492867767413,2.9717121934962537e-19
1787278777.512695,resting,fast,1787278739.9715214,-249.57815847419033,-188.7756004385534,1357.542762720529,14.158170032890457,-18.718361885563972,2.976609919064411e-19
1787278777.523659,resting,fast,1787278739.9715214,-248.6744191294797,-186.535694180286,1353.4611750483955,13.990177063520395,-18.650581434710794,2.971590854733337e-19
1787278777.5348537,resting,fast,1787278739.9715214,-247.17523686154482,-185.91401775779207,1347.9559487462257,13.943551331833309,-18.538142764615777,2.9689917591008625e-19
1787278777.5459328,resting,fast,1787278739.9715214,-247.2084934786394,-184.87313769549758,1347.867562546543,13.865485327161228,-18.540637010897605,2.9673585569883367e-19
1787278777.5569487,resting,fast,1787278739.9715214,-247.77272425790443,-186.70550671307922,1352.2930902511534,14.002913003479808,-18.582954319342832,2.975892204402975e-19
1787278777.5681233,resting,fast,1787278739.9715214,-248.65585748804597,-186.29908965047605,1357.014020758169,13.972431723784641,-18.64918931160321,2.98161627318772e-19
1787278777.5791955,resting,fast,1787278739.9715214,-247.6278035757091,-185.94096262960613,1354.1084911285461,13.945572197219324,-18.572085268177943,2.9753532886305436e-19
1787278777.5903,resting,fast,1787278739.9715214,-248.12664487866687,-187.79331398164743,1357.7385781696603,14.084498548622353,-18.609498365899846,2.976753070776022e-19
1787278777.6014085,resting,fast,1787278739.9715214,-248.6230594954627,-189.5921789181565,1359.670442995869,14.219413418860317,-18.646729462159428,2.9789912274244284e-19
1787278777.6124275,resting,fast,1787278739.9715214,-249.1747976025622,-190.914273823009,1361.788792304339,14.31857053672461,-18.688109820192025,2.9856663294008417e-19
1787278777.6235423,resting,fast,1787278739.9715214,-247.5878389525801,-188.0927355921193,1353.623899668407,14.106955169407588,-18.569087921443504,2.9780742267804257e-19
1787278777.6346762,resting,fast,1787278739.9715214,-246.99473040162184,-187.5166752401277,1349.042802454972,14.063750643008564,-18.52460478012148,2.9712119923662873e-19
1787278777.6458166,resting,fast,1787278739.9715214,-246.534365645462,-185.95211938748855,1344.737055307648,13.946408954060662,-18.490077423409446,2.963619211187369e-19
1787278777.656821,resting,fast,1787278739.9715214,-246.92811942059006,-186.75249734089414,1346.8589706247121,14.00643730056591,-18.519608956544175,2.9647342888039123e-19
1787278777.6679385,resting,fast,1787278739.9715214,-246.19651089983518,-186.05385196118925,1346.153480297461,13.95403889708803,-18.464738317487644,2.962353914499426e-19
1787278777.6791062,resting,fast,1787278739.9715214,-247.38451861323892,-185.48117971159502,1352.9555976535294,13.911088478368445,-18.553838895992726,2.9704023912031816e-19
1787278777.6900978,resting,fast,1787278739.9715214,-247.2700019578947,-185.67232639419524,1356.0251909937624,13.925424479563691,-18.545250146841944,2.9737502666639936e-19
1787278777.7012444,resting,fast,1787278739.9715214,-248.36359513222988,-184.6116583153056,1359.1783424634204,13.845874373646968,-18.62726963491717,2.977449966892607e-19
1787278777.7125177,resting,fast,1787278739.9715214,-247.1967371877049,-185.7731581913514,1355.5095836563241,13.932986864350088,-18.53975528907774,2.971895138003837e-19
1787278777.723421,resting,fast,1787278739.9715214,-247.95019332645688,-187.54755391501033,1353.3151747600668,14.066066543624434,-18.59626449948395,2.97340396648832e-19
1787278777.7345405,resting,fast,1787278739.9715214,-247.0077220224298,-188.24701073670224,1350.854144226486,14.118525805251597,-18.525579151682173,2.9732691794854545e-19
1787278777.7455986,resting,fast,1787278739.9715214,-247.84546723701305,-187.81330275223365,1353.8030484334367,14.085997706416382,-18.588410042775692,2.978108053056289e-19
1787278777.7566779,resting,fast,1787278739.9715214,-247.93031083009055,-187.15226410318394,1355.5613428312472,14.036419807737719,-18.59477331225674,2.976924178535718e-19
1787278777.7677937,resting,fast,1787278739.9715214,-248.1684261041687,-187.45232810311688,1356.838887294799,14.05892460773244,-18.61263195781237,2.977968311465259e-19
1787278777.778999,resting,fast,1787278739.9715214,-247.24793048411948,-187.41246491909408,1353.6778813204646,14.055934868931008,-18.543594786308915,2.9736291624125396e-19
1787278777.7899985,resting,fast,1787278739.9715214,-245.68674068600603,-185.5725045604903,1350.8189882198594,13.917937842035688,-18.42650555145039,2.9724945211082937e-19
1787278777.8011165,resting,fast,1787278739.9715214,-246.29651714118745,-185.7658187547528,1351.6169492610688,13.932436406605365,-18.472238785588672,2.9729309306931627e-19
1787278777.8121996,resting,fast,1787278739.9715214,-246.57635665341286,-186.71678883425545,1351.383435203662,14.003759162568077,-18.493226749005835,2.9758326490621585e-19
1787278777.8233807,resting,fast,1787278739.9715214,-247.03299003526763,-187.61543433439226,1354.3684350876165,14.071157575078505,-18.527474252644893,2.9788537569933404e-19
1787278777.834492,resting,fast,1787278739.9715214,-248.16036048187516,-187.60996568191342,1355.4671990696088,14.070747426142407,-18.612027036140752,2.980975999173952e-19
1787278777.8455648,resting,fast,1787278739.9715214,-249.0170245738923,-188.67796778820696,1356.4992569952274,14.150847584114405,-18.676276843041883,2.9802147185361294e-19
1787278777.8565903,resting,fast,1787278739.9715214,-249.6530640619626,-188.18639952566934,1355.0319506513815,14.113979964424093,-18.723979804647122,2.979982044002684e-19
1787278777.8677666,resting,fast,1787278739.9715214,-248.00448083262154,-188.28063922816784,1356.4134035582183,14.121047942111606,-18.60033606244633,2.9795279124195476e-19
1787278777.88224,resting,fast,1787278739.9715214,-247.49446922849756,-186.28592291886036,1353.0514632621262,13.971444218913465,-18.562085192137204,2.9753330446841777e-19
1787278777.8899257,resting,fast,1787278739.9715214,-246.93192879901608,-186.4926612728383,1350.4188438861684,13.98694959546187,-18.51989465992598,2.9709735127633435e-19
1787278777.9011414,resting,fast,1787278739.9715214,-246.63266692598472,-185.91819129243515,1346.1831221690363,13.943864346931523,-18.49745001944882,2.9684402844847004e-19
1787278777.9148269,resting,fast,1787278739.9715214,-246.73538158587007,-187.10260901003687,1350.9629663964197,14.032695675751516,-18.505153618940064,2.9770537390679155e-19
1787278777.923226,resting,fast,1787278739.9715214,-246.69075228087286,-187.50521324021577,1349.227633402722,14.062890993015035,-18.50180642106524,2.974291924834011e-19
1787278777.9344878,resting,fast,1787278739.9715214,-246.62368159347216,-187.26863325364013,1349.4072027696993,14.045147494021851,-18.49677611951028,2.976054626809944e-19
1787278777.9474366,resting,fast,1787278739.9715214,-246.73664569348557,-186.09903830976862,1348.6139479591156,13.957427873231612,-18.505248427011196,2.9724751630239933e-19
1787278777.9566524,resting,fast,1787278739.9715214,-246.98050015485705,-185.890403568363,1349.7887034610058,13.941780267626104,-18.523537511613952,2.977772099780699e-19
1787278777.9677815,resting,fast,1787278739.9715214,-247.1922816456995,-185.90206131608045,1349.6686601191532,13.942654598705051,-18.539421123427218,2.9773561764159205e-19
1787278777.9800766,resting,fast,1787278739.9715214,-247.24649167593316,-184.92656926221377,1349.1029311280518,13.869492694664988,-18.543486875694853,2.97765174391019e-19
1787278777.989872,resting,fast,1787278739.9715214,-245.37122743965892,-183.83183470303845,1346.3327657908621,13.78738760272687,-18.40284205797432,2.97494866041308e-19
1787278778.000942,resting,fast,1787278739.9715214,-244.92921477838036,-183.85655985734627,1347.0582520101025,13.789241989299743,-18.369691108378397,2.974888268838574e-19
1787278778.0151498,resting,fast,1787278739.9715214,-244.13651249782333,-185.11937874794683,1346.783159411666,13.883953406095134,-18.310238437336608,2.9737283151951976e-19
1787278778.023134,resting,fast,1787278739.9715214,-245.81835367210033,-185.7806359921891,1348.560453336363,13.933547699413214,-18.436376525407333,2.9714434826914243e-19
1787278778.0342228,resting,fast,1787278739.9715214,-246.91198830777603,-187.03446215016186,1349.1727558518533,14.02758466126092,-18.518399123083015,2.972196595883545e-19
1787278778.0482614,resting,fast,1787278739.9715214,-245.88685468148333,-187.2195846574433,1344.3830810167465,14.04146884930724,-18.44151410111101,2.9659185836696945e-19
1787278778.0562906,resting,fast,1787278739.9715214,-246.37465489023225,-188.2028523334726,1347.2869484022222,14.115213925009616,-18.478099116767297,2.973649692169648e-19
1787278778.0676422,resting,fast,1787278739.9715214,-246.96190546483058,-188.05138791857541,1348.518984021449,14.103854093892085,-18.522142909862318,2.975276755462852e-19
1787278778.078647,resting,fast,1787278739.9715214,-248.84324582201725,-188.68657244632266,1355.402945064242,14.151492933472927,-18.663243436650966,2.982180615830093e-19
1787278778.0896876,resting,fast,1787278739.9715214,-248.11750721625094,-187.68060601838977,1355.070164335605,14.076045451377912,-18.608813041218752,2.972866296938818e-19
1787278778.1008215,resting,fast,1787278739.9715214,-247.4221172083012,-185.076422513927,1355.4343427415652,13.880731688543452,-18.556658790622222,2.9745810026963797e-19
1787278778.1152146,resting,fast,1787278739.9715214,-247.01356674809676,-184.64703328093594,1352.478712437779,13.848527496069043,-18.526017506107088,2.972735568340719e-19
1787278778.123011,resting,fast,1787278739.9715214,-246.4617394667398,-183.18566878505624,1352.7584902741646,13.738925158878292,-18.484630460005278,2.974578918965502e-19
1787278778.1341705,resting,fast,1787278739.9715214,-246.94925191012635,-186.2033717147532,1353.9976472826556,13.965252878605245,-18.52119389325933,2.972021484655822e-19
1787278778.1484516,resting,fast,1787278739.9715214,-247.25392586048156,-187.00650510559842,1354.0068210075815,14.02548788291897,-18.544044439535966,2.9742739255045876e-19
1787278778.1562161,resting,fast,1787278739.9715214,-248.36823427804075,-188.92227047010658,1351.8283125504595,14.169170285256943,-18.62761757085279,2.975933377786122e-19
1787278778.1675773,resting,fast,1787278739.9715214,-248.20745838292305,-187.79464599201435,1349.1964288091795,14.08459844939998,-18.615559378719084,2.97456121230661e-19
1787278778.1810021,resting,fast,1787278739.9715214,-248.14021421619282,-188.2732222350038,1350.3709693931714,14.120491667624425,-18.610516066214316,2.9762241322336684e-19
1787278778.1896498,resting,fast,1787278739.9715214,-247.4859487777262,-186.9605971320235,1351.455566203961,14.022044784900533,-18.56144615832939,2.976478214418806e-19
1787278778.2007787,resting,fast,1787278739.9715214,-247.29922078703157,-187.76251552056794,1354.6515073356777,14.082188664041471,-18.547441559026915,2.9807177179392157e-19
1787278778.2141302,resting,fast,1787278739.9715214,-246.69771632320908,-187.39954513243845,1355.1520227811734,14.054965884931892,-18.502328724240527,2.9795132484325156e-19
1787278778.2228985,resting,fast,1787278739.9715214,-246.71749176092953,-187.00449426746025,1354.6944441947517,14.02533707005843,-18.50381188206962,2.9821760693647844e-19
1787278778.2341354,resting,fast,1787278739.9715214,-246.71774595245233,-186.69885828358804,1347.2985711671308,14.002414371268205,-18.503830946433716,2.9748385664593783e-19
1787278778.2469435,resting,fast,1787278739.9715214,-247.7699233256658,-186.09766645855723,1347.9570153557825,13.957324984390528,-18.582744249424735,2.9738233178289894e-19
1787278778.2562733,resting,fast,1787278739.9715214,-249.2302585515249,-188.16911352514228,1349.6948708713617,14.112683514384617,-18.692269391364462,2.975694660647326e-19
1787278778.2673907,resting,fast,1787278739.9715214,-249.1684247707849,-187.69497586868613,1352.9496654830573,14.077123190150377,-18.687631857808732,2.9773717209343714e-19
1787278778.2800863,resting,fast,1787278739.9715214,-248.59749097130452,-186.77320846417604,1349.529091544805,14.007990634811893,-18.644811822847693,2.9755863413456963e-19
1787278778.2896729,resting,fast,1787278739.9715214,-247.5789155544312,-184.47063993357585,1351.2193112760133,13.835297995016877,-18.568418666582062,2.976172202732223e-19
1787278778.3008282,resting,fast,1787278739.9715214,-247.02063221585422,-184.60481980117095,1348.599914381678,13.845361485086247,-18.526547416188947,2.9764593342397985e-19
1787278778.3135293,resting,fast,1787278739.9715214,-247.096491622729,-185.13946773115492,1351.3383346724777,13.885460079835557,-18.532236871704782,2.9788289953632963e-19
1787278778.3228874,resting,fast,1787278739.9715214,-246.99786644770438,-186.08403720341755,1348.1877672042474,13.956302790255041,-18.524839983577806,2.9755288572007866e-19
1787278778.3340037,resting,fast,1787278739.9715214,-247.9869223837518,-186.5461015377258,1355.3551815123474,13.990957615328373,-18.599019178781198,2.981410943459999e-19
1787278778.346378,resting,fast,1787278739.9715214,-247.70327723146193,-186.38339814838957,1352.3262808979207,13.978754861128255,-18.577745792359394,2.978406184226244e-19
1787278778.3560698,resting,fast,1787278739.9715214,-248.36429402722706,-187.5212488389451,1353.1948052044127,14.06409366291965,-18.627322052041855,2.981731262001287e-19
1787278778.367393,resting,fast,1787278739.9715214,-246.7541692628006,-187.33680188610595,1349.0138435437539,14.050260141456793,-18.506562694709963,2.9754687349993033e-19
1787278778.3796246,resting,fast,1787278739.9715214,-247.1908520367665,-187.65009383145787,1352.4285744120598,14.073757037358266,-18.53931390275737,2.9797994456916047e-19
1787278778.3895342,resting,fast,1787278739.9715214,-246.9662519082417,-188.1790447534355,1353.3424950394665,14.113428356506564,-18.52246889311806,2.9768244692885724e-19
1787278778.4005692,resting,fast,1787278739.9715214,-248.287250612962,-189.35336476330315,1353.3334890840351,14.201502357246543,-18.62154379597189,2.9778635842805593e-19
1787278778.4131925,resting,fast,1787278739.9715214,-248.12996913012603,-188.89819304830996,1351.845777330168,14.167364478622122,-18.609747684759327,2.976875864760336e-19
1787278778.4229972,resting,fast,1787278739.9715214,-247.9166872320925,-186.8594385804214,1350.6901198860587,14.014457893530395,-18.593751542406906,2.979814930240447e-19
1787278778.4339278,resting,fast,1787278739.9715214,-250.1011750956045,-185.29789716422408,1356.7917386210565,13.897342287315798,-18.757588132170184,2.9863650625161173e-19
1787278778.44594,resting,fast,1787278739.9715214,-250.35546503074102,-185.44272275465244,1359.8721083943974,13.90820420659782,-18.77665987730566,2.988574871282101e-19
1787278778.4562187,resting,fast,1787278739.9715214,-249.8909223245705,-185.58842860803304,1360.0997937750499,13.919132145601456,-18.741819174342766,2.987025125002419e-19
1787278778.4672074,resting,fast,1787278739.9715214,-247.75944365923033,-185.4443006227242,1355.9954251446316,13.908322546703321,-18.581958274441995,2.979866707347946e-19
1787278778.478631,resting,fast,1787278739.9715214,-247.1165972822887,-186.13932907163837,1350.7209167540832,13.960449680371728,-18.53374479617134,2.9762974902678925e-19
1787278778.4896603,resting,fast,1787278739.9715214,-246.73799717415886,-187.57875354558917,1349.0486957748371,14.068406515918074,-18.50534978806204,2.972934909332563e-19
1787278778.5006642,resting,fast,1787278739.9715214,-246.35680774380626,-187.6643347049079,1351.0956682907336,14.074825102867084,-18.47676058078528,2.978427559627956e-19
1787278778.512419,resting,fast,1787278739.9715214,-246.954642223292,-187.44947557321063,1354.6657086825699,14.058710667989732,-18.52159816674694,2.979978682235022e-19
1787278778.522789,resting,fast,1787278739.9715214,-248.36273048909834,-186.3319256069127,1358.4038774634128,13.974894420517362,-18.62720478668212,2.984699492015778e-19
1787278778.5337834,resting,fast,1787278739.9715214,-248.4703983007489,-186.68143789548697,1355.765648884374,14.00110784216034,-18.635279872556083,2.9808771971864604e-19
1787278778.54651,resting,fast,1787278739.9715214,-249.0219170084979,-186.73312768032918,1356.0354869198773,14.004984576023464,-18.676643775637118,2.979470305528112e-19
1787278778.5559154,resting,fast,1787278739.9715214,-249.08647067379252,-186.88773639190833,1356.044018827467,14.016580229392122,-18.6814853005343,2.9791778374549407e-19
1787278778.5669992,resting,fast,1787278739.9715214,-249.29986667089315,-187.27648003680326,1355.7931801520708,14.045736002759018,-18.697490000316613,2.9811071761044853e-19
1787278778.5793633,resting,fast,1787278739.9715214,-248.53951675026974,-188.24051449335036,1352.444735744898,14.11803858700036,-18.640463756270137,2.9787971929144246e-19
1787278778.5893931,resting,fast,1787278739.9715214,-248.55154072238975,-188.55442597403646,1352.2417725081368,14.141581948051627,-18.641365554179103,2.98075118126461e-19
1787278778.6003652,resting,fast,1787278739.9715214,-249.1609520822426,-189.4138625107297,1355.0140470552042,14.206039688303566,-18.68707140616803,2.9817769132781205e-19
1787278778.6131287,resting,fast,1787278739.9715214,-248.36958256162643,-187.72475472957478,1354.9648978595242,14.079356604716953,-18.627718692121647,2.9847424272184607e-19
1787278778.6225903,resting,fast,1787278739.9715214,-248.43499334865783,-187.50146926930427,1353.2326033963573,14.062610195196388,-18.63262450114911,2.9836747332658803e-19
1787278778.6335533,resting,fast,1787278739.9715214,-247.936463640463,-187.35025576042415,1349.8241559856024,14.05126918203067,-18.595234773034385,2.979809889135088e-19
1787278778.6459544,resting,fast,1787278739.9715214,-249.40770796912284,-186.88937196752238,1353.5195825908131,14.016702897563125,-18.70557809768424,2.9792423960677036e-19
1787278778.6560297,resting,fast,1787278739.9715214,-248.54613392510828,-185.5806055942163,1352.988734647376,13.918545419565124,-18.64096004438305,2.9736869521884144e-19
1787278778.6669798,resting,fast,1787278739.9715214,-248.03580904726505,-184.29380404498204,1353.2382106596988,13.822035303372434,-18.602685678544816,2.971544515289845e-19
1787278778.679511,resting,fast,1787278739.9715214,-247.14297033638513,-185.11837963371624,1352.1566829661615,13.883878472527503,-18.535722775228926,2.9695985397280027e-19
1787278778.6892126,resting,fast,1787278739.9715214,-246.56569005653228,-185.89015192977593,1352.7803686788748,13.941761394732058,-18.4924267542399,2.976119090514986e-19
1787278778.7003317,resting,fast,1787278739.9715214,-246.69200114073146,-185.45593991054932,1352.5527097878103,13.90919549329023,-18.50190008555461,2.98193952207356e-19
1787278778.7135746,resting,fast,1787278739.9715214,-247.36805891098675,-185.476016939008,1352.9003931416528,13.910701270424543,-18.552604418324137,2.984788213774676e-19
1787278778.7225406,resting,fast,1787278739.9715214,-248.5844227781322,-184.6729855348575,1353.6394589356541,13.850473915113373,-18.643831708359762,2.980232763550589e-19
1787278778.7336042,resting,fast,1787278739.9715214,-249.61708406382195,-185.48575149012106,1355.6807117055623,13.91143136175808,-18.721281304786636,2.9816996989531843e-19
1787278778.7466989,resting,fast,1787278739.9715214,-248.872053819106,-185.50472727533236,1354.3548170634012,13.912854545648944,-18.665404036432825,2.9822311488064114e-19
1787278778.7558243,resting,fast,1787278739.9715214,-248.31331718786032,-187.07682570388954,1353.7152666437933,14.030761927790696,-18.623498789089496,2.983877915920442e-19
1787278778.7669058,resting,fast,1787278739.9715214,-247.71361348310847,-188.13506585619632,1352.405285089094,14.110129939213582,-18.578521011233,2.978800243922865e-19
1787278778.778682,resting,fast,1787278739.9715214,-246.435341100168,-187.06462814311692,1350.2746241920531,14.029847110732494,-18.48265058251247,2.973836779245067e-19
1787278778.7891595,resting,fast,1787278739.9715214,-245.8112010668824,-186.16094225100562,1348.3115387930493,13.962070668824285,-18.435840080015765,2.9708011331402854e-19
1787278778.800239,resting,fast,1787278739.9715214,-245.55019030229278,-184.9484438581195,1348.0031998952445,13.871133289357804,-18.416264272671853,2.970683750101612e-19
1787278778.8129458,resting,fast,1787278739.9715214,-246.7749315096139,-185.22712383316218,1347.910370818875,13.892034287485831,-18.50811986322094,2.9727810309960314e-19
1787278778.8223584,resting,fast,1787278739.9715214,-247.44069915042428,-185.18004819554687,1347.1852793929056,13.888503614664916,-18.55805243628184,2.9738086036082926e-19
1787278778.8334575,resting,fast,1787278739.9715214,-246.5375149614606,-184.577934439886,1341.4638031047043,13.843345082990243,-18.490313622109213,2.969740718965776e-19
1787278778.844627,resting,fast,1787278739.9715214,-246.20732206135062,-183.6916455405468,1343.5660705595483,13.776873415539814,-18.465549154601014,2.9696300827165244e-19
1787278778.8557882,resting,fast,1787278739.9715214,-245.92840015382762,-184.9934923688271,1343.0946607060769,13.874511927660993,-18.44463001153691,2.969071345457525e-19
1787278778.8669326,resting,fast,1787278739.9715214,-246.35822144908843,-183.80588826796236,1347.83544451145,13.785441620096012,-18.47686660868135,2.9694641633267376e-19
1787278778.8778985,resting,fast,1787278739.9715214,-246.28671951088336,-184.753919601112,1348.1973828228029,13.856543970082189,-18.47150396331616,2.968970923847354e-19
1787278778.8891335,resting,fast,1787278739.9715214,-244.87993155127742,-183.83154201602167,1345.8960058539114,13.787365651200506,-18.365994866345773,2.9644901556871537e-19
1787278778.9002073,resting,fast,1787278739.9715214,-244.38088064385147,-184.41143505427965,1344.6164014628748,13.8308576290699,-18.328566048288607,2.963463854779217e-19
1787278778.9112315,resting,fast,1787278739.9715214,-245.6476703034309,-184.50935890453604,1344.5957587812018,13.838201917839047,-18.423575272756977,2.966872321112462e-19
1787278778.922378,resting,fast,1787278739.9715214,-247.55267193536156,-185.22697550619785,1351.024965300846,13.892023162963728,-18.56645039515203,2.9743963752817945e-19
1787278778.933444,resting,fast,1787278739.9715214,-247.27542124070214,-184.01681007349532,1349.9523931248123,13.801260755510999,-18.545656593052712,2.976298598550962e-19
1787278778.9446378,resting,fast,1787278739.9715214,-245.42150750680275,-184.84557855132687,1345.0523812346755,13.863418391348535,-18.40661306301004,2.9692114135171937e-19
1787278778.9557314,resting,fast,1787278739.9715214,-245.67964872189395,-186.22425660705392,1343.544571720152,13.966819245527862,-18.42597365414167,2.96798003888364e-19
1787278778.966815,resting,fast,1787278739.9715214,-247.69211678692818,-189.10283206230895,1347.3352716430318,14.182712404672163,-18.57690875901946,2.974062025683455e-19
1787278778.9777648,resting,fast,1787278739.9715214,-248.29663311726335,-187.6491817699772,1348.33552513821,14.073688632747253,-18.622247483794354,2.9757807896463516e-19
1787278778.9887948,resting,fast,1787278739.9715214,-247.40501916157382,-184.99145385547024,1346.0133046315723,13.87435903915912,-18.55537643711793,2.9748169602915846e-19
1787278779.0000522,resting,fast,1787278739.9715214,-247.3548458833443,-184.4649737742567,1347.6571481284473,13.834873033068096,-18.551613441250687,2.974432721717931e-19
1787278779.0112813,resting,fast,1787278739.9715214,-247.4737595346719,-184.65681787789924,1350.9643896314346,13.84926134084144,-18.56053196510021,2.9781575146074225e-19
1787278779.0223072,resting,fast,1787278739.9715214,-246.62139287712262,-184.19803472340652,1349.6537577675817,13.814852604254188,-18.49660446578426,2.972968351932713e-19
1787278779.0334187,resting,fast,1787278739.9715214,-244.44037955768772,-182.46571184352104,1344.327636535333,13.684928388262822,-18.33302846682661,2.9639369986547685e-19
1787278779.04433,resting,fast,1787278739.9715214,-244.2369024282293,-183.50519947349642,1342.5244992609396,13.762889960511092,-18.317767682116823,2.9590498176635355e-19
1787278779.0555768,resting,fast,1787278739.9715214,-244.56734434946475,-184.79979852882695,1341.8468917689652,13.859984889660797,-18.342550826209624,2.963202028437937e-19
1787278779.0667615,resting,fast,1787278739.9715214,-245.96410262406562,-185.6430487066831,1344.6943955911129,13.923228653000184,-18.447307696804764,2.967287471918348e-19
1787278779.0776827,resting,fast,1787278739.9715214,-246.289953187616,-184.61307457878968,1346.8693534088989,13.845980593408047,-18.471746489071172,2.9725600664390003e-19
1787278779.0888517,resting,fast,1787278739.9715214,-247.15078045643122,-185.28198699336133,1349.761482026398,13.89614902450096,-18.536308534232163,2.9710568724726345e-19
1787278779.099999,resting,fast,1787278739.9715214,-246.45756885027413,-183.80155286997535,1349.1476595882204,13.78511646524716,-18.484317663770597,2.972380006613283e-19
1787278779.111074,resting,fast,1787278739.9715214,-246.94477830467213,-185.85850598713102,1351.1359818095743,13.93938794903369,-18.520858372850014,2.9737954404195185e-19
1787278779.1220446,resting,fast,1787278739.9715214,-246.60858279947524,-184.9467311321706,1349.4557515466668,13.871004834911677,-18.495643709960618,2.974971222812279e-19
1787278779.1329544,resting,fast,1787278739.9715214,-247.6724766167522,-187.1027262240458,1352.374998165179,14.032704466802262,-18.575435746256346,2.9784413570350406e-19
1787278779.1442404,resting,fast,1787278739.9715214,-247.15010555968593,-186.92575553629,1348.6705189971735,14.019431665220697,-18.53625791697619,2.974882105441738e-19
1787278779.1553247,resting,fast,1787278739.9715214,-248.15491453811273,-187.3471231704442,1349.2993261520396,14.051034237782165,-18.611618590358475,2.9721965270368575e-19
1787278779.1666772,resting,fast,1787278739.9715214,-246.48400665052895,-187.69306033062242,1341.612846089106,14.076979524795224,-18.486300498789305,2.969005464749004e-19
1787278779.1777294,resting,fast,1787278739.9715214,-247.19118289358494,-186.79381127118938,1347.3265501864817,14.009535845338153,-18.53933871701885,2.9755740120166374e-19
1787278779.188668,resting,fast,1787278739.9715214,-245.51927388575268,-185.0854867887382,1350.6618054610144,13.881411509154237,-18.413945541431133,2.9788532881452917e-19
1787278779.1998124,resting,fast,1787278739.9715214,-245.87266254713404,-184.78399459865602,1354.8458132109236,13.858799594898148,-18.440449691034573,2.979201377965004e-19
1787278779.2109263,resting,fast,1787278739.9715214,-245.41622131316535,-184.21544371954212,1349.8231448834495,13.816158278964469,-18.40621659848705,2.9720266953462945e-19
1787278779.221943,resting,fast,1787278739.9715214,-246.17636577499024,-185.46563268029433,1345.4727706235035,13.909922451021064,-18.46322743312394,2.9687765011814096e-19
1787278779.2331495,resting,fast,1787278739.9715214,-247.03176451242916,-185.40335733995073,1343.4120872356025,13.905251800495169,-18.527382338432126,2.9667820393783065e-19
1787278779.2441113,resting,fast,1787278739.9715214,-246.32374336292878,-185.3723054153062,1343.3848026016176,13.902922906146774,-18.47428075221945,2.967454860570101e-19
1787278779.255336,resting,fast,1787278739.9715214,-246.9222064672017,-185.48690298862005,1352.850225385685,13.911517724145288,-18.51916548503994,2.974328667387778e-19
1787278779.2664888,resting,fast,1787278739.9715214,-246.3224985964166,-186.63659615129689,1352.7860007535883,13.997744711345948,-18.474187394731146,2.9728667777348987e-19
1787278779.277388,resting,fast,1787278739.9715214,-247.31000537905084,-186.6163429622976,1352.3328831189365,13.996225722171108,-18.54825040342878,2.973578261035203e-19
1787278779.2885573,resting,fast,1787278739.9715214,-247.78470652750048,-187.77579156872105,1350.680676265004,14.083184367652908,-18.58385298956243,2.9717445464740797e-19
1787278779.2997153,resting,fast,1787278739.9715214,-249.60362226468396,-186.40544873117335,1358.124156795072,13.980408654837053,-18.72027166985106,2.9779382405061395e-19
1787278779.3109906,resting,fast,1787278739.9715214,-248.98756967699364,-185.65690806077885,1358.7364922013958,13.92426810455746,-18.674067725774343,2.9758432486527327e-19
1787278779.3219905,resting,fast,1787278739.9715214,-247.95332813410596,-183.48110717461907,1355.974420561749,13.761083038095382,-18.59649961005784,2.9744161916981385e-19
1787278779.3331451,resting,fast,1787278739.9715214,-245.30071668782193,-182.52847676176782,1349.5827457155656,13.689635757131388,-18.397553751586486,2.9703636101739385e-19
1787278779.3441627,resting,fast,1787278739.9715214,-245.40332988557157,-183.28500605230477,1353.9155414105307,13.746375453921775,-18.40524974141764,2.9744409697573067e-19
1787278779.355318,resting,fast,1787278739.9715214,-245.66656856407144,-184.9236104200828,1354.020129966796,13.869270781505254,-18.42499264230519,2.976498884246307e-19
1787278779.366468,resting,fast,1787278739.9715214,-246.0843420728702,-185.63649933643103,1355.2207543273553,13.922737450231157,-18.45632565546496,2.9785925195062694e-19
1787278779.377471,resting,fast,1787278739.9715214,-246.72859262390512,-186.33212049804786,1352.9092911563848,13.974909037352422,-18.50464444679249,2.9755371065420776e-19
1787278779.3886101,resting,fast,1787278739.9715214,-247.0643529846252,-185.16228130411707,1351.9028582207766,13.887171097807599,-18.529826473846548,2.973429659800439e-19
1787278779.3997488,resting,fast,1787278739.9715214,-248.18553354601272,-184.50788114038448,1349.8096440699983,13.838091085527854,-18.613915015950695,2.9695285515313894e-19
1787278779.4104712,resting,fast,1787278739.9715214,-248.5595018377012,-184.32473448475014,1348.3831375223663,13.824355086355087,-18.641962637827355,2.97034704954907e-19
1787278779.421951,resting,fast,1787278739.9715214,-248.51692923153996,-184.78737068925113,1349.2538873283656,13.859052801692716,-18.63876969236518,2.969113209558194e-19
1787278779.433039,resting,fast,1787278739.9715214,-247.7654502788132,-185.75137950781652,1351.5191551702492,13.93135346308529,-18.58240877091105,2.9706314534881577e-19
1787278779.444139,resting,fast,1787278739.9715214,-248.46272505102888,-187.72926023832576,1356.9893382881264,14.07969451787324,-18.634704378826953,2.9742437918073447e-19
1787278779.4550512,resting,fast,1787278739.9715214,-247.62939911338754,-187.8969313912554,1352.613608023118,14.092269854343034,-18.572204933503656,2.9688602193972808e-19
1787278779.4663422,resting,fast,1787278739.9715214,-248.54168065759268,-189.35881944436926,1350.431473696838,14.201911458326538,-18.64062604931928,2.96807063662503e-19
1787278779.477341,resting,fast,1787278739.9715214,-248.42671432326233,-188.54323956177416,1348.5355442071823,14.140742967132002,-18.6320035742443,2.96619357254073e-19
1787278779.4884956,resting,fast,1787278739.9715214,-248.03307620574424,-187.45441597161187,1352.5771425462253,14.059081197869961,-18.602480715430573,2.9747244996105373e-19
1787278779.4996307,resting,fast,1787278739.9715214,-247.9900453576406,-187.16722143038498,1354.2775251186495,14.037541607277706,-18.599253401822907,2.975595231342732e-19
1787278779.5105956,resting,fast,1787278739.9715214,-247.16167542195717,-186.25856251095718,1350.7290723418419,13.969392188320402,-18.537125656646552,2.973642655919363e-19
1787278779.5216668,resting,fast,1787278739.9715214,-248.1584147962626,-189.5061428316991,1352.3549116468175,14.212960712376304,-18.611881109719576,2.973806848490789e-19
1787278779.5328197,resting,fast,1787278739.9715214,-248.265754525793,-189.7134777436894,1353.7063304048215,14.22851083077568,-18.619931589434287,2.975589674156992e-19
1787278779.543815,resting,fast,1787278739.9715214,-248.4111029656483,-190.3744955780354,1357.3060271479053,14.278087168351394,-18.630832722423207,2.977886910393948e-19
1787278779.554989,resting,fast,1787278739.9715214,-247.4972635783629,-187.08548255797075,1352.550471576823,14.031411191846775,-18.562294768377008,2.9713855023930473e-19
1787278779.5661983,resting,fast,1787278739.9715214,-247.434185084599,-186.0309942242019,1351.1007970718101,13.952324566814017,-18.557563881344862,2.96782339874761e-19
1787278779.5771174,resting,fast,1787278739.9715214,-245.93626921922032,-184.69395751019522,1349.8917247724357,13.85204681326353,-18.445220191441457,2.9662840053577305e-19
1787278779.5882647,resting,fast,1787278739.9715214,-245.67746516175748,-184.52616806120284,1352.4433245929768,13.83946260458919,-18.425809887131784,2.9699016744520243e-19
1787278779.5995295,resting,fast,1787278739.9715214,-245.28985818909905,-183.76032828550512,1354.5910846202833,13.782024621411853,-18.39673936418211,2.9742284263543567e-19
1787278779.6105142,resting,fast,1787278739.9715214,-246.81164886821944,-185.32397812170973,1357.0784973554719,13.89929835912702,-18.51087366511613,2.9766826472313186e-19
1787278779.6213078,resting,fast,1787278739.9715214,-247.7437350630612,-187.27377108365533,1354.44289682227,14.04553283127321,-18.58078012972959,2.9786037779945305e-19
1787278779.6326735,resting,fast,1787278739.9715214,-247.80510203070799,-188.42257400043866,1357.4964443529034,14.131693050031775,-18.58538265230311,2.980205716665862e-19
1787278779.6437516,resting,fast,1787278739.9715214,-248.17455854550963,-188.31104119574013,1359.2993477327336,14.12332808967938,-18.613091890913097,2.9823065855552533e-19
1787278779.6548483,resting,fast,1787278739.9715214,-248.82531756885464,-188.28555739107435,1361.0586926230526,14.121416804329574,-18.66189881766396,2.982633421638221e-19
1787278779.66611,resting,fast,1787278739.9715214,-248.05295225263535,-186.71710458960126,1355.3039293505599,14.003782844218879,-18.603971418947495,2.9767408073720535e-19
1787278779.677079,resting,fast,1787278739.9715214,-247.85320119369544,-186.10908713785568,1347.42056645092,13.958181535337918,-18.588990089526895,2.969782911000596e-19
1787278779.6881814,resting,fast,1787278739.9715214,-246.68170866403534,-185.3801292135571,1345.342876429172,13.903509691015817,-18.501128149802476,2.9672455359953314e-19
1787278779.6993732,resting,fast,1787278739.9715214,-247.73810415500748,-187.06227912267548,1346.4620544191794,14.029670934199363,-18.580357811625305,2.967879509992646e-19
1787278779.7104473,resting,fast,1787278739.9715214,-247.40995501629595,-187.66585006547655,1350.903608530657,14.0749387549096,-18.555746626221904,2.9718828044559245e-19
1787278779.721654,resting,fast,1787278739.9715214,-248.54877700936368,-187.95299113950716,1354.0705673552357,14.09647433546198,-18.64115827570221,2.9722434381187074e-19
1787278779.735742,resting,fast,1787278739.9715214,-248.94345414674126,-187.2372287118602,1354.6084155077142,14.042792153388493,-18.670759061005334,2.9735081325379655e-19
1787278779.743531,resting,fast,1787278739.9715214,-248.25216270671217,-186.6113821158475,1354.0230408863763,13.995853658687427,-18.618912203003198,2.97328250093882e-19
1787278779.7548962,resting,fast,1787278739.9715214,-247.49099745574904,-186.45756503445853,1352.1374182908266,13.984317377583313,-18.561824809181083,2.973334637341725e-19
1787278779.7659914,resting,fast,1787278739.9715214,-247.4310431776471,-188.18692715560508,1351.9106554346117,14.114019536669407,-18.557328238323244,2.9722507629656117e-19
1787278779.7770858,resting,fast,1787278739.9715214,-247.7443707564712,-188.93071939652407,1351.566812473663,14.16980395473816,-18.580827806734902,2.974520916795167e-19
1787278779.7879546,resting,fast,1787278739.9715214,-247.97143618418932,-190.12112978485936,1354.9167068010383,14.259084733863336,-18.59785771381388,2.9756559977767217e-19
1787278779.7990143,resting,fast,1787278739.9715214,-247.09349920678278,-188.70812168990267,1353.9616384129376,14.15310912674143,-18.53201244050863,2.973852626746067e-19
1787278779.8103504,resting,fast,1787278739.9715214,-248.0579763994997,-188.47839112493136,1353.599447248952,14.135879334368642,-18.60434822996247,2.972375554396303e-19
1787278779.8215406,resting,fast,1787278739.9715214,-247.9048592287886,-188.10900718542473,1346.476615432236,14.10817553890556,-18.592864442158742,2.9673722222602815e-19
1787278779.8323789,resting,fast,1787278739.9715214,-247.71231721730737,-186.9316289200084,1345.6349292296718,14.019872168999303,-18.578423791297936,2.9669193703828267e-19
1787278779.843515,resting,fast,1787278739.9715214,-247.4503052633304,-186.42612247810837,1345.0721626992954,13.981959185856912,-18.558772894749573,2.963830676215894e-19
1787278779.854718,resting,fast,1787278739.9715214,-249.08642187044416,-187.60815201997445,1353.5318558697682,14.070611401496794,-18.681481640283103,2.970746578680699e-19
1787278779.8658607,resting,fast,1787278739.9715214,-250.15206768559847,-188.42783328451617,1355.8044374728497,14.132087496337537,-18.761405076419543,2.972815401728831e-19
1787278779.8769755,resting,fast,1787278739.9715214,-250.53204470593528,-189.77056871182197,1359.6116751240834,14.232792653385435,-18.78990335294513,2.9767464123295363e-19
1787278779.8880565,resting,fast,1787278739.9715214,-249.10518417291814,-188.59495526159537,1356.0104145113482,14.1446216446185,-18.68288881296857,2.97517385470898e-19
1787278779.8993547,resting,fast,1787278739.9715214,-249.33677266966743,-189.83575240228618,1360.7103264326515,14.23768143017013,-18.700257950224852,2.9840159778882785e-19
1787278779.910192,resting,fast,1787278739.9715214,-247.91872987189936,-187.29853065278587,1359.1849487894478,14.047389798957855,-18.593904740392198,2.9840501405512103e-19
1787278779.921305,resting,fast,1787278739.9715214,-248.34119602077453,-187.5949469924127,1360.894603741007,14.069621024430038,-18.625589701557885,2.98132702732384e-19
1787278779.9326916,resting,fast,1787278739.9715214,-248.6708801664431,-186.78692461379603,1358.3982952862889,14.009019346033458,-18.650316012482996,2.975823167121189e-19
1787278779.943689,resting,fast,1787278739.9715214,-248.35290932804537,-188.19436287025962,1357.4219790396464,14.114577215268316,-18.626468199603224,2.972194026921931e-19
1787278779.9547017,resting,fast,1787278739.9715214,-248.32013377481826,-188.21651800274583,1353.7786916753148,14.116238850204798,-18.62401003311122,2.972733503109712e-19
1787278779.9658854,resting,fast,1787278739.9715214,-246.3428796720059,-186.62742896543716,1347.8334409877561,13.997057172406688,-18.475715975400306,2.9673310425150425e-19
1787278779.976895,resting,fast,1787278739.9715214,-248.83497161082823,-186.4538567842436,1348.6849954148538,13.984039258817237,-18.66262287081208,2.970029879602713e-19
1787278779.9876385,resting,fast,1787278739.9715214,-247.70080083555013,-184.8130769518226,1349.7534439361161,13.860980771385602,-18.577560062666215,2.9694941256439045e-19
1787278779.9990299,resting,fast,1787278739.9715214,-248.97556185858184,-186.74080746391144,1353.62874047087,14.005560559792332,-18.67316713939325,2.9723784160350737e-19
1787278780.0100782,resting,fast,1787278739.9715214,-247.85056866498826,-188.59662967750216,1353.396482418023,14.144747225811418,-18.58879264987369,2.9727149289759734e-19
1787278780.021207,resting,fast,1787278739.9715214,-249.40511303362155,-189.70446784525382,1359.612590142301,14.227835088392968,-18.705383477521465,2.97911494480662e-19
1787278780.0324268,resting,fast,1787278739.9715214,-249.16993809662245,-189.74311729621547,1357.0868436633127,14.2307337972149,-18.687745357246456,2.977628942967766e-19
1787278780.0436156,resting,fast,1787278739.9715214,-249.00574661466408,-188.20141107766756,1357.284090494376,14.115105830823882,-18.675430996099557,2.975941144868394e-19
1787278780.0546627,resting,fast,1787278739.9715214,-247.9857507966767,-187.69789326169814,1353.4490061110746,14.077341994626355,-18.598931309750704,2.970430166211096e-19
1787278780.0657456,resting,fast,1787278739.9715214,-246.9384167992298,-187.77030688746402,1349.5836262331259,14.08277301655865,-18.52038125994204,2.96845311577347e-19
1787278780.0767753,resting,fast,1787278739.9715214,-247.53193087000136,-187.58913880392026,1349.9847059250797,14.069185410292722,-18.56489481524995,2.9683636440904333e-19
1787278780.0878623,resting,fast,1787278739.9715214,-247.61575460025642,-187.94674589771978,1346.773137234447,14.096005942327924,-18.5711815950189,2.9659187316381256e-19
1787278780.0989957,resting,fast,1787278739.9715214,-248.92861769901583,-186.42270059355258,1353.4122959432598,13.981702544515361,-18.669646327426065,2.9700306714353957e-19
1787278780.110086,resting,fast,1787278739.9715214,-248.92030182289955,-187.273925265902,1355.4863081521662,14.045544394941519,-18.669022636717237,2.972473854131658e-19
1787278780.1212425,resting,fast,1787278739.9715214,-249.24388836978096,-188.00366731754195,1361.1271898985715,14.100275048814343,-18.69329162773331,2.978658625825964e-19
1787278780.1323733,resting,fast,1787278739.9715214,-249.00010897235234,-187.20261839667216,1363.0340215821134,14.040196379749222,-18.67500817292637,2.97785766823013e-19
1787278780.1434329,resting,fast,1787278739.9715214,-247.89463548897265,-186.28225407916273,1360.158121724392,13.971169055936219,-18.59209766167281,2.9773370113377265e-19
1787278780.1546159,resting,fast,1787278739.9715214,-248.0676789378972,-186.39886693904043,1355.544863552047,13.97991502042689,-18.605075920342088,2.974030342461979e-19
1787278780.1687078,resting,fast,1787278739.9715214,-247.9474592812171,-186.51187980665588,1352.954960045624,13.988390985498302,-18.59605944609116,2.9727462100850115e-19
1787278780.1766531,resting,fast,1787278739.9715214,-248.32235009670558,-187.03857494565557,1351.900832539056,14.027893120923057,-18.624176257252813,2.968839924272541e-19
1787278780.1878793,resting,fast,1787278739.9715214,-248.45213224319696,-185.69276961017943,1355.937563174889,13.926957720762264,-18.633909918239745,2.971179807933054e-19
1787278780.2016213,resting,fast,1787278739.9715214,-248.11012900143442,-187.4393713935077,1358.4005773457347,14.057952854511942,-18.608259675107327,2.9754361201857797e-19
1787278780.209976,resting,fast,1787278739.9715214,-246.59210810680224,-185.98864474099753,1357.5790665006107,13.949148355573659,-18.494408108009893,2.9763649362937056e-19
1787278780.2211611,resting,fast,1787278739.9715214,-245.6559264859502,-185.98757380545396,1353.260891260522,13.949068035407837,-18.4241944864459,2.973250491492575e-19
1787278780.2348683,resting,fast,1787278739.9715214,-246.4744121111603,-185.45644383340766,1353.8339968782193,13.909233287504325,-18.485580908336665,2.973707427008313e-19
1787278780.2431872,resting,fast,1787278739.9715214,-247.6166901267884,-186.2162765736324,1353.607658190921,13.966220743021214,-18.571251759508904,2.9776527400488027e-19
1787278780.2544684,resting,fast,1787278739.9715214,-247.30475435918243,-186.10174730138112,1355.9727278238124,13.95763104760221,-18.54785657693847,2.983345643562278e-19
1787278780.269044,resting,fast,1787278739.9715214,-246.14437939266782,-185.83772307347851,1348.3059631936567,13.937829230510037,-18.460828454450002,2.9774160598892217e-19
1787278780.276562,resting,fast,1787278739.9715214,-246.59487305003177,-185.92049900572772,1349.5139795856676,13.944037425428352,-18.49461547875218,2.977727679438915e-19
1787278780.2879877,resting,fast,1787278739.9715214,-247.06922342601274,-184.90263065443594,1349.1422041208943,13.86769729908163,-18.530191756951076,2.972082401798333e-19
1787278780.3023717,resting,fast,1787278739.9715214,-247.1956316820938,-185.00723403511495,1355.6742252440863,13.87554255263274,-18.539672376156723,2.9790632588796745e-19
1787278780.3097053,resting,fast,1787278739.9715214,-246.27518129850205,-184.79555352320688,1354.597538433697,13.85966651423941,-18.47063859738732,2.972485560780711e-19
1787278780.321132,resting,fast,1787278739.9715214,-247.5050119653538,-187.91257068630796,1355.1713602495338,14.093442801471955,-18.562875897401284,2.977908822558547e-19
1787278780.335228,resting,fast,1787278739.9715214,-248.82784927369585,-189.39951527466735,1356.9043355511303,14.204963645598813,-18.662088695527046,2.97729988582521e-19
1787278780.343206,resting,fast,1787278739.9715214,-249.3815145406702,-190.25929326621042,1359.1147242472553,14.269446994964543,-18.703613590550006,2.98141124209096e-19
1787278780.3544347,resting,fast,1787278739.9715214,-248.0096681568907,-188.54746879500942,1355.9989606375939,14.14106015962452,-18.60072511176645,2.975324702127554e-19
1787278780.368923,resting,fast,1787278739.9715214,-246.57074852283722,-187.16451919033022,1352.089146419784,14.037338939273742,-18.492806139212576,2.9700737993644223e-19
1787278780.3761437,resting,fast,1787278739.9715214,-246.67674662944273,-185.18161827983192,1349.631573942338,13.888621370986332,-18.50075599720823,2.9698874232407615e-19
1787278780.387876,resting,fast,1787278739.9715214,-247.46151267607502,-185.61645326955284,1353.006733589712,13.921233995215378,-18.559613450705328,2.974404324854971e-19
1787278780.4016032,resting,fast,1787278739.9715214,-248.03442057005986,-185.58405089996984,1351.281332855201,13.918803817496542,-18.602581542754166,2.9736986836448333e-19
1787278780.409646,resting,fast,1787278739.9715214,-247.79879325146203,-187.01399539944953,1351.444158876854,14.026049654957607,-18.584909493859428,2.969700283762911e-19
1787278780.4210813,resting,fast,1787278739.9715214,-246.84593045763768,-185.6895520850195,1347.2914057353928,13.92671640637558,-18.513444784322658,2.963377767789265e-19
1787278780.4359043,resting,fast,1787278739.9715214,-246.1823656259453,-185.17029901548597,1346.8196804382032,13.887772426160414,-18.463677421945697,2.9617741642440605e-19
1787278780.4428606,resting,fast,1787278739.9715214,-245.99564191785566,-184.61140175479284,1345.5273879535207,13.84585513160835,-18.449673143838922,2.9638718661261874e-19
1787278780.4542613,resting,fast,1787278739.9715214,-247.28951168792764,-186.41400449355694,1350.2467940625584,13.98105033701555,-18.546713376594226,2.968262923476064e-19
1787278780.4679792,resting,fast,1787278739.9715214,-249.05531231800296,-187.93197183100222,1358.5775636985682,14.094897887324127,-18.679148423850386,2.9736730904782366e-19
1787278780.47626,resting,fast,1787278739.9715214,-248.76825071138728,-188.04100242619631,1359.150933449565,14.103075181963465,-18.65761880335385,2.9740889108625625e-19
1787278780.487671,resting,fast,1787278739.9715214,-246.9307982450614,-187.68476665553783,1353.953593599369,14.076357499164335,-18.519809868379518,2.968622488953321e-19
1787278780.500888,resting,fast,1787278739.9715214,-245.66633637152563,-185.60597678660122,1345.383887034649,13.920448258994018,-18.4249752278644,2.9657389159699006e-19
1787278780.5096781,resting,fast,1787278739.9715214,-245.58167923262545,-186.5055101075942,1343.6395334770996,13.987913258068335,-18.41862594244669,2.9617330981762336e-19
1787278780.5209231,resting,fast,1787278739.9715214,-247.29408611277677,-186.34976997592582,1346.2657997000942,13.976232748193429,-18.547056458458158,2.9644156990355286e-19
1787278780.5335157,resting,fast,1787278739.9715214,-247.2826545812327,-186.7407536255438,1351.9668322050775,14.00555652191473,-18.546199093592307,2.967138799494821e-19
1787278780.5426304,resting,fast,1787278739.9715214,-246.80860426423305,-186.3682095411558,1350.9958664054511,13.97761571558566,-18.5106453198173,2.9722029179171007e-19
1787278780.5537703,resting,fast,1787278739.9715214,-245.9367088759932,-185.06752514502898,1350.2052860892645,13.880064385875958,-18.44525316569929,2.9725690489500375e-19
1787278780.568455,resting,fast,1787278739.9715214,-246.2527413108396,-185.3504570260451,1347.4602001824887,13.901284276952016,-18.468955598312533,2.970624951295477e-19
1787278780.5758917,resting,fast,1787278739.9715214,-247.82428117972586,-185.3890539401433,1353.8741845942523,13.904179045509611,-18.586821088479105,2.974454920456763e-19
1787278780.587342,resting,fast,1787278739.9715214,-248.26297899977862,-186.8961556749574,1355.3789329122128,14.017211675620633,-18.61972342498315,2.9763894496846033e-19
1787278780.601594,resting,fast,1787278739.9715214,-248.54819609413198,-188.6476147429206,1353.5379486674692,14.14857110571798,-18.641114707059856,2.975355419645975e-19
1787278780.6094074,resting,fast,1787278739.9715214,-247.7097530225933,-187.07723818352963,1350.975041102286,14.030792863763583,-18.57823147669434,2.9704550510445003e-19
1787278780.620776,resting,fast,1787278739.9715214,-248.13418899456565,-187.21577276271307,1349.7534291178881,14.04118295720247,-18.61006417459226,2.9659011264840887e-19
1787278780.6315274,resting,fast,1787278739.9715214,-247.9072668162048,-187.05043797402584,1353.2535994016953,14.028782848050827,-18.59304501121509,2.9718297055540586e-19
1787278780.6425605,resting,fast,1787278739.9715214,-248.82067899323147,-188.6799707325348,1351.9521755828146,14.15099780493934,-18.66155092449233,2.974611200962196e-19
1787278780.654093,resting,fast,1787278739.9715214,-248.51179792642824,-188.58101079813412,1349.970567878744,14.14357580985899,-18.638384844481863,2.9748505122754285e-19
1787278780.6650572,resting,fast,1787278739.9715214,-249.62788046209653,-188.8817532874092,1350.0152994622358,14.16613149655456,-18.72209103465699,2.972595314831734e-19
1787278780.6760225,resting,fast,1787278739.9715214,-248.63009844482121,-187.1978385557087,1351.894467857578,14.039837891676743,-18.647257383361463,2.971269553154446e-19
1787278780.687414,resting,fast,1787278739.9715214,-247.620848912547,-185.88211576241122,1352.7926258252492,13.94115868217958,-18.571563668440845,2.971895196848317e-19
1787278780.6985035,resting,fast,1787278739.9715214,-247.97698070168417,-185.4805835030303,1352.2243359980757,13.911043762726042,-18.598273552626125,2.9743093035637134e-19
1787278780.7094128,resting,fast,1787278739.9715214,-248.78737145393325,-186.68056586095656,1353.786307012574,14.001042439570458,-18.659052859044806,2.9739524735210985e-19
1787278780.720711,resting,fast,1787278739.9715214,-249.6601642755836,-186.46816091753783,1354.2458391508926,13.985112068814377,-18.72451232066858,2.973851036228361e-19
1787278780.7319727,resting,fast,1787278739.9715214,-248.23492092312108,-185.67188741305506,1353.6289462520826,13.925391555978099,-18.617619069233797,2.970790248492358e-19
1787278780.742537,resting,fast,1787278739.9715214,-248.8073465801249,-186.89398440554476,1353.6093589319125,14.017048830414755,-18.660550993509112,2.9716914234674653e-19
1787278780.7539372,resting,fast,1787278739.9715214,-249.3358723313945,-188.82005473809716,1355.6551033351107,14.161504105356205,-18.70019042485451,2.9750523551964524e-19
1787278780.7651002,resting,fast,1787278739.9715214,-249.84656356425103,-189.32907496924975,1356.1606666981652,14.199680622692572,-18.738492267318875,2.9777496640238067e-19
1787278780.77577,resting,fast,1787278739.9715214,-249.7209767586587,-188.34294426459394,1352.6054057602569,14.125720819843341,-18.72907325689941,2.9743669676199697e-19
1787278780.7872481,resting,fast,1787278739.9715214,-249.35997160475972,-188.6271927159131,1351.968714949092,14.147039453692475,-18.701997870356905,2.9732366965047226e-19
1787278780.798455,resting,fast,1787278739.9715214,-249.48757302852255,-188.8440278208892,1353.1779163362216,14.16330208656554,-18.711567977139104,2.973441884739852e-19
1787278780.8092823,resting,fast,1787278739.9715214,-249.54055930288314,-187.7296084665635,1355.4206762147724,14.079720634991038,-18.715541947716005,2.9740175134955127e-19
1787278780.820665,resting,fast,1787278739.9715214,-249.31850205116143,-186.12277876378232,1353.9640989665922,13.959208407282578,-18.698887653837126,2.977055064806934e-19
1787278780.8317175,resting,fast,1787278739.9715214,-248.42135198260758,-185.06827634311242,1350.4147759097132,13.880120725732173,-18.63160139869538,2.972638369004556e-19
1787278780.8423607,resting,fast,1787278739.9715214,-247.55937357238372,-186.66164263416283,1348.2758199748323,13.99962319756084,-18.566953017928547,2.9733789389544115e-19
1787278780.8537934,resting,fast,1787278739.9715214,-248.98347709651307,-186.38498954358568,1357.4363750040202,13.97887421576782,-18.67376078223829,2.9781958173218413e-19
1787278780.8649292,resting,fast,1787278739.9715214,-249.9254545949866,-186.90271230064548,1362.9687818397715,14.01770342254716,-18.74440909462355,2.9826757493705443e-19
1787278780.8757424,resting,fast,1787278739.9715214,-248.88265333594018,-187.1311894861998,1361.313000572346,14.034839211463893,-18.666199000195242,2.9822987346355023e-19
1787278780.8872256,resting,fast,1787278739.9715214,-246.3893272953369,-186.71822376749753,1347.0754989973311,14.003866782561008,-18.479199547150102,2.968602072459785e-19
1787278780.8982668,resting,fast,1787278739.9715214,-246.47045686083993,-187.35559901080535,1343.8138973358282,14.051669925809112,-18.485284264562765,2.9680411632288648e-19
1787278780.908963,resting,fast,1787278739.9715214,-248.51928680345964,-186.77824899202903,1350.9196807049602,14.00836867440093,-18.638946510259302,2.972261953584138e-19
1787278780.920443,resting,fast,1787278739.9715214,-249.54392870975835,-188.21609750440905,1356.9378609025052,14.116207312829903,-18.715794653231605,2.9789563283884513e-19
1787278780.9315693,resting,fast,1787278739.9715214,-249.98504389964864,-188.14746856440104,1357.6888742155961,14.111060142329013,-18.748878292473428,2.9774751848802197e-19
1787278780.9423735,resting,fast,1787278739.9715214,-249.36011626362824,-187.35881216294445,1354.403274505169,14.051910912219657,-18.70200871977177,2.974469150551392e-19
1787278780.95369,resting,fast,1787278739.9715214,-249.92066336158632,-187.25803271082725,1356.9187149994732,14.044352453310854,-18.74404975211889,2.9763825538714062e-19
1787278780.9682431,resting,fast,1787278739.9715214,-248.58340393910066,-186.8211007651479,1353.0773922277303,14.011582557384944,-18.643755295432314,2.971107647001748e-19
1787278780.975613,resting,fast,1787278739.9715214,-247.8807898904829,-187.51429807346938,1352.4981378560378,14.063572355509155,-18.591059241786326,2.972582800988872e-19
1787278780.9870818,resting,fast,1787278739.9715214,-247.029773943284,-187.76220493144876,1350.0579518790428,14.082165369857751,-18.527233045746193,2.968134760376863e-19
1787278781.0015323,resting,fast,1787278739.9715214,-247.92311990968437,-187.67304480666724,1353.4790750415677,14.075478360499066,-18.594233993226176,2.974421305030362e-19
1787278781.0090482,resting,fast,1787278739.9715214,-247.8755021740576,-187.18046908219264,1353.0960128546749,14.0385351811635,-18.590662663053998,2.9747945907025156e-19
1787278781.0203438,resting,fast,1787278739.9715214,-247.57822326403812,-185.74823890563027,1352.360301218073,13.931117917921174,-18.568366744802724,2.9788791928048913e-19
1787278781.0345554,resting,fast,1787278739.9715214,-246.2186610332169,-184.79980345034153,1346.8150722596883,13.859985258774376,-18.466399577491167,2.975402570349425e-19
1787278781.0422301,resting,fast,1787278739.9715214,-246.0758295744713,-185.94055973525826,1344.7816241597184,13.945541980143265,-18.455687218085288,2.9698572391474036e-19
1787278781.0536084,resting,fast,1787278739.9715214,-247.85991030942432,-187.06873081718425,1348.7250254012897,14.030154811287549,-18.589493273206905,2.970128696597413e-19
1787278781.0669117,resting,fast,1787278739.9715214,-248.14541785298616,-187.014938675915,1354.0889083929624,14.026120400692523,-18.610906338973948,2.971543466935518e-19
1787278781.075868,resting,fast,1787278739.9715214,-246.99952173953216,-184.74627453795654,1350.6450657917276,13.855970590345596,-18.52496413046478,2.9753872965619545e-19
1787278781.0870123,resting,fast,1787278739.9715214,-244.90455254447488,-184.84186136709002,1344.0645398371116,13.86313960253057,-18.367841440835264,2.9701839776224874e-19
1787278781.100921,resting,fast,1787278739.9715214,-244.3947288748036,-185.17546270401328,1339.8042657750257,13.8881597028,-18.329604665609942,2.9664053901095815e-19
1787278781.1087618,resting,fast,1787278739.9715214,-246.64748575178282,-187.3321240744989,1345.8387350798284,14.049909305586414,-18.498561431383337,2.96684357909748e-19
1787278781.120027,resting,fast,1787278739.9715214,-247.75065633193617,-186.5755391349104,1352.0325158720907,13.993165435117067,-18.581299224895048,2.9710367008117947e-19
1787278781.1330113,resting,fast,1787278739.9715214,-248.35433815871284,-187.60127425165967,1354.8740520979218,14.070095568873516,-18.626575361903242,2.9779614060704585e-19
1787278781.1424272,resting,fast,1787278739.9715214,-248.2906591244614,-187.81524415109777,1358.0577618794314,14.08614331133099,-18.621799434334235,2.9833590222928924e-19
1787278781.1534762,resting,fast,1787278739.9715214,-248.28336695124426,-188.27880802500147,1356.237107716258,14.120910601873948,-18.621252521343052,2.9842330445978865e-19
1787278781.1664188,resting,fast,1787278739.9715214,-248.2964117225133,-188.6333941112092,1354.5619607751732,14.14750455833968,-18.622230879188322,2.979837028521556e-19
1787278781.1757026,resting,fast,1787278739.9715214,-246.40978470440268,-186.66286532115248,1347.7515511586143,13.999714899085408,-18.480733852830106,2.967461934886732e-19
1787278781.1867578,resting,fast,1787278739.9715214,-246.9864035858277,-188.44376694298296,1347.872370215323,14.133282520722705,-18.523980268937024,2.9650858701000316e-19
1787278781.1993175,resting,fast,1787278739.9715214,-247.7858628484687,-187.71782082046764,1351.400394478017,14.078836561534022,-18.58393971363492,2.9697907140467187e-19
1787278781.2088935,resting,fast,1787278739.9715214,-249.22748824940345,-187.7662506053831,1353.0246492782526,14.082468795402495,-18.692061618705054,2.9778252854246044e-19
1787278781.2200794,resting,fast,1787278739.9715214,-248.21172492234427,-185.59914853045723,1350.9804839261697,13.919936139783193,-18.615879369175545,2.9789082729787804e-19
1787278781.2330875,resting,fast,1787278739.9715214,-247.80837909069987,-185.31874144620258,1349.3584607520397,13.898905608464123,-18.585628431802242,2.9740295777907537e-19
1787278781.2422311,resting,fast,1787278739.9715214,-247.21516091497097,-185.88511121626073,1347.6735786332947,13.941383341218486,-18.54113706862249,2.9711000320478448e-19
1787278781.253323,resting,fast,1787278739.9715214,-248.2120424735199,-187.25931949283756,1347.7142258596277,14.044448961961638,-18.61590318551373,2.972547195948017e-19
1787278781.2657795,resting,fast,1787278739.9715214,-248.78496383458014,-187.7125249962993,1347.8575505201325,14.078439374721189,-18.658872287593127,2.9728801021776617e-19
1787278781.2755678,resting,fast,1787278739.9715214,-247.5350300579098,-186.5931943626989,1344.1670088027595,13.994489577201424,-18.565127254343146,2.971915545204915e-19
1787278781.286846,resting,fast,1787278739.9715214,-247.75821846856843,-185.6316048343159,1347.864386166887,13.922370362572725,-18.58186638514242,2.973514843798889e-19
1787278781.2997112,resting,fast,1787278739.9715214,-247.0334259656579,-185.36451459054445,1346.8651232274397,13.902338594289734,-18.527506947424378,2.972892418765317e-19
1787278781.3088803,resting,fast,1787278739.9715214,-249.25574287904556,-186.7682192305016,1354.0436697023551,14.007616442286238,-18.69418071592827,2.9768414705166253e-19
1787278781.3200276,resting,fast,1787278739.9715214,-247.56097769768394,-186.5642283375347,1346.3273430882628,13.992317125313921,-18.56707332732612,2.971878432058924e-19
1787278781.3322923,resting,fast,1787278739.9715214,-248.0001536966588,-187.14861792507725,1350.7275058823388,14.036146344379478,-18.60001152724935,2.9764357218009664e-19
1787278781.342077,resting,fast,1787278739.9715214,-247.12517083179182,-186.20387845609514,1349.7701518070871,13.965290884205945,-18.534387812384267,2.9791517666752245e-19
1787278781.3532887,resting,fast,1787278739.9715214,-247.87583723713988,-187.30072966201863,1356.7165446480421,14.047554724650471,-18.59068779278531,2.986567419149414e-19
1787278781.366285,resting,fast,1787278739.9715214,-246.6043614591913,-185.2498180306776,1353.5495536814115,13.893736352299857,-18.49532710943928,2.9826838345580564e-19
1787278781.3754375,resting,fast,1787278739.9715214,-246.91977490911586,-186.48261309838665,1354.1365023315057,13.986195982378096,-18.518983118183577,2.978112142439569e-19
1787278781.3866403,resting,fast,1787278739.9715214,-245.74202747630488,-183.83018308746716,1351.3691221665076,13.787263731558898,-18.4306520607228,2.97098797536694e-19
1787278781.399327,resting,fast,1787278739.9715214,-246.5831724192035,-185.72932988807167,1349.8558855798083,13.929699741604129,-18.493737931440393,2.9718921619022827e-19
1787278781.4088078,resting,fast,1787278739.9715214,-246.0838558359169,-184.40944570332852,1349.1326770714722,13.830708427748437,-18.45628918769343,2.972400833082034e-19
1787278781.4198337,resting,fast,1787278739.9715214,-247.38236995183752,-185.96544970863454,1351.2501596104821,13.947408728146318,-18.553677746387706,2.975164346715719e-19
1787278781.4321904,resting,fast,1787278739.9715214,-247.21353978587513,-185.57434809542644,1350.1986258371135,13.918076107155745,-18.54101548394037,2.97153318900443e-19
1787278781.4418974,resting,fast,1787278739.9715214,-248.18388916260255,-185.80592192992265,1350.3619943358017,13.935444144742863,-18.613791687195288,2.9740281792608895e-19
1787278781.453165,resting,fast,1787278739.9715214,-248.35683363820635,-186.8788298387143,1349.707521740128,14.015912237902572,-18.62676252286513,2.9776052776959627e-19
1787278781.4656463,resting,fast,1787278739.9715214,-249.44609284877743,-186.2277867453082,1357.4293985068498,13.96708400589701,-18.70845696365835,2.9854765342230486e-19
1787278781.475234,resting,fast,1787278739.9715214,-249.81422645446082,-186.65884348985526,1359.4388300294477,13.999413261737889,-18.736066984084303,2.9857661523926893e-19
1787278781.4863563,resting,fast,1787278739.9715214,-249.12999989272748,-185.15949940343478,1359.192293404246,13.88696245525647,-18.684749991954263,2.9804291322873193e-19
1787278781.4975996,resting,fast,1787278739.9715214,-247.46015221919924,-185.85654939988206,1354.326623526681,13.939241204989887,-18.559511416439634,2.9759598551289485e-19
1787278781.5087411,resting,fast,1787278739.9715214,-245.92057899783185,-185.8319781120257,1349.8693708171331,13.937398358400888,-18.444043424837247,2.971965928728053e-19
1787278781.519732,resting,fast,1787278739.9715214,-245.2704864788634,-186.40204300561925,1346.7917324284235,13.980153225420228,-18.39528648591463,2.976243828120494e-19
1787278781.5311697,resting,fast,1787278739.9715214,-246.55967914872735,-186.88345736477265,1348.8356798829618,14.016259302356861,-18.491975936154326,2.978572916854246e-19
1787278781.541978,resting,fast,1787278739.9715214,-246.59027018042661,-187.9563219896819,1348.8916366807107,14.096724149225071,-18.49427026353181,2.977032421087795e-19
1787278781.5529532,resting,fast,1787278739.9715214,-248.72883661597052,-187.71078894116624,1353.706203061537,14.078309170586298,-18.65466274619761,2.975591910564552e-19
1787278781.5641832,resting,fast,1787278739.9715214,-248.9951148789646,-188.26914980726417,1354.593744173534,14.120186235543944,-18.67463361592221,2.977710501846822e-19
1787278781.5752249,resting,fast,1787278739.9715214,-248.3462741267217,-186.75534546550477,1353.9412455532247,14.006650909911986,-18.625970559503898,2.9782210785403624e-19
1787278781.5863373,resting,fast,1787278739.9715214,-245.63155050563864,-186.15257356255177,1351.037448783899,13.961443017190152,-18.422366287922735,2.973947691047514e-19
1787278781.5974593,resting,fast,1787278739.9715214,-245.17003890834576,-184.5645677170338,1347.4807291856678,13.842342578776428,-18.387752918125933,2.969966422828427e-19
1787278781.6086671,resting,fast,1787278739.9715214,-246.88572800936117,-185.98854032275938,1349.892316283357,13.949140524205607,-18.516429600702004,2.974476427866008e-19
1787278781.6197042,resting,fast,1787278739.9715214,-247.64414138925486,-186.51893574179155,1348.1720513301962,13.988920180633261,-18.573310604194013,2.9715067229303333e-19
1787278781.6307187,resting,fast,1787278739.9715214,-246.90372822690415,-186.79185425023354,1347.7060064430489,14.009389068766357,-18.517779617017602,2.970733422965188e-19
1787278781.641882,resting,fast,1787278739.9715214,-245.22533875369527,-185.12046992909393,1342.4632911744038,13.884035244680877,-18.39190040652698,2.9635885024210014e-19
1787278781.6530423,resting,fast,1787278739.9715214,-246.5686779738112,-186.0498784517141,1343.6401659857502,13.953740883877433,-18.492650848035574,2.968693195779081e-19
1787278781.6641834,resting,fast,1787278739.9715214,-246.28663074482893,-185.7187871963814,1344.3073754564584,13.928909039727518,-18.471497305861938,2.9688158077893175e-19
1787278781.675163,resting,fast,1787278739.9715214,-246.7336256925305,-186.10683988683752,1348.2790109961052,13.958012991511826,-18.505021926939463,2.971642536279426e-19
1787278781.6863024,resting,fast,1787278739.9715214,-246.0674447972574,-185.1591277324402,1348.1765573611365,13.886934579931921,-18.45505835979415,2.968502349548201e-19
1787278781.6974118,resting,fast,1787278739.9715214,-246.54531153746893,-185.9095507276469,1348.9077509237513,13.943216304572392,-18.490898365310045,2.9699161005615594e-19
1787278781.7084327,resting,fast,1787278739.9715214,-246.5653412629622,-186.00008189112157,1349.0963533001368,13.950006141832933,-18.492400594721808,2.976016794768766e-19
1787278781.719722,resting,fast,1787278739.9715214,-245.99134250975885,-185.96203987139472,1347.7224092977294,13.947152990353462,-18.449350688231718,2.9780140900215813e-19
1787278781.7307906,resting,fast,1787278739.9715214,-246.39218303515963,-185.81131101450467,1351.2430388475832,13.935848326086717,-18.479413727636675,2.9814636315556904e-19
1787278781.741858,resting,fast,1787278739.9715214,-247.23092195371146,-185.64151481980264,1350.689222203343,13.923113611484002,-18.542319146528058,2.9776744289709e-19
1787278781.7528834,resting,fast,1787278739.9715214,-247.73800882062142,-185.68222545429842,1355.4817458260159,13.926166909071245,-18.58035066154639,2.98183317604905e-19
1787278781.7640114,resting,fast,1787278739.9715214,-246.15933363603426,-184.56095112033302,1349.1272018894242,13.842071334023874,-18.46195002270253,2.9753905309619373e-19
1787278781.775143,resting,fast,1787278739.9715214,-244.54177278263478,-185.00901434044692,1348.0360317916284,13.875676075532457,-18.340632958697526,2.9753597202732405e-19
1787278781.7862182,resting,fast,1787278739.9715214,-243.9896216014772,-183.9921215721405,1344.4573468910885,13.799409117909281,-18.299221620110487,2.9712950726186752e-19
1787278781.7973545,resting,fast,1787278739.9715214,-246.20976139016375,-185.65875122883642,1349.7428151096055,13.924406342161735,-18.4657321042622,2.97557756753129e-19
1787278781.808425,resting,fast,1787278739.9715214,-247.40412201044956,-186.16606932431284,1350.2368166060614,13.96245519932231,-18.55530915078345,2.9763440247567773e-19
1787278781.819486,resting,fast,1787278739.9715214,-248.48242778945814,-187.2504106631876,1351.718810116542,14.04378079973785,-18.636182084209317,2.9800123921701487e-19
1787278781.8304389,resting,fast,1787278739.9715214,-248.34860475521828,-187.56879288172797,1353.4638681999577,14.06765946612855,-18.626145356641516,2.9800610132085713e-19
1787278781.8413508,resting,fast,1787278739.9715214,-246.18320923748024,-186.04522836610192,1349.2466394130506,13.953392127456485,-18.46374069281076,2.975010010111302e-19
1787278781.852878,resting,fast,1787278739.9715214,-245.8608135424388,-186.3202317748129,1345.9237487683795,13.974017383109771,-18.439561015682713,2.969479468633126e-19
1787278781.8639119,resting,fast,1787278739.9715214,-245.32523964706206,-184.0245215254007,1344.8792201425013,13.80183911440388,-18.399392973529395,2.973483713813687e-19
1787278781.874953,resting,fast,1787278739.9715214,-247.64743566735842,-183.88925666195598,1346.2350231635965,13.791694249645492,-18.573557675051717,2.9724617861512716e-19
1787278781.885764,resting,fast,1787278739.9715214,-247.07685955781335,-183.33686741444137,1349.8643271263818,13.750265056081918,-18.53076446683575,2.974874140662971e-19
1787278781.896945,resting,fast,1787278739.9715214,-247.10238700053605,-184.5302238807593,1346.76449412059,13.83976679105577,-18.532679025039904,2.9697206289838083e-19
1787278781.9082937,resting,fast,1787278739.9715214,-246.18208497871592,-186.15884543723325,1349.7263035235237,13.961913407791346,-18.463656373403595,2.9719324363646e-19
1787278781.9193504,resting,fast,1787278739.9715214,-245.23486174996697,-186.87342358531976,1345.3940248117115,14.015506768897769,-18.39261463124724,2.9698604006480626e-19
1787278781.9304485,resting,fast,1787278739.9715214,-245.13329336290417,-186.91782028569753,1346.5942980541413,14.018836521426028,-18.384997002217645,2.96839784874799e-19
1787278781.941491,resting,fast,1787278739.9715214,-245.66129130060517,-184.56828706275599,1349.8238105054998,13.842621529705742,-18.424596847545175,2.972983639751966e-19
1787278781.9527943,resting,fast,1787278739.9715214,-246.53373288296325,-183.33691261468368,1352.445501539848,13.750268446100339,-18.49002996622208,2.974454484959985e-19
1787278781.9638143,resting,fast,1787278739.9715214,-245.71127981011387,-181.6925854905868,1348.926954045387,13.626943911793095,-18.428345985758398,2.971981540900407e-19
1787278781.9749122,resting,fast,1787278739.9715214,-247.40209342336084,-184.677146033643,1349.013859368376,13.850785952521893,-18.555157006752182,2.970816448461625e-19
1787278781.9859254,resting,fast,1787278739.9715214,-248.1136729359264,-184.75681850562626,1351.946133296583,13.856761387920745,-18.608525470194202,2.9714411331222024e-19
1787278781.9971936,resting,fast,1787278739.9715214,-248.78905039531992,-186.5384580310016,1354.5209339186686,13.990384352323847,-18.659178779648585,2.9791635405053744e-19
1787278782.0081785,resting,fast,1787278739.9715214,-247.7994124387219,-184.74527370264366,1351.8366968708042,13.855895527697204,-18.58495593290388,2.979500365983135e-19
1787278782.01935,resting,fast,1787278739.9715214,-247.6503103670143,-186.29727296516774,1348.7963670313684,13.972295472386438,-18.57377327752595,2.9816797018944203e-19
1787278782.0304563,resting,fast,1787278739.9715214,-248.5535676327204,-186.34300703054794,1353.9603028067822,13.9757255272899,-18.641517572453807,2.9824219587262374e-19
1787278782.041524,resting,fast,1787278739.9715214,-249.79813010354383,-187.75415047538206,1362.54373696723,14.081561285652487,-18.734859757765697,2.9854651815887297e-19
1787278782.05266,resting,fast,1787278739.9715214,-250.400629271237,-186.73960844989494,1362.4315074274791,14.005470633741144,-18.78004719534264,2.9818660250173596e-19
1787278782.063748,resting,fast,1787278739.9715214,-249.31841419486727,-187.08210210367736,1355.1135864820471,14.031157657774688,-18.698881064614802,2.9733362931483024e-19
1787278782.0748053,resting,fast,1787278739.9715214,-248.69266701365223,-186.54385874113643,1352.2481412643656,13.990789405584241,-18.651950026023833,2.9725257936097615e-19
1787278782.0859149,resting,fast,1787278739.9715214,-247.66308581112526,-186.99224848858046,1350.4513417546323,14.024418636642427,-18.574731435834153,2.9728354354432763e-19
1787278782.0970871,resting,fast,1787278739.9715214,-247.12559964176262,-186.139582369893,1347.6604640443047,13.960468677740867,-18.53441997313204,2.974432525472597e-19
1787278782.108143,resting,fast,1787278739.9715214,-245.55067103100782,-184.82481136297054,1340.3569533031123,13.861860852221543,-18.416300327325366,2.967789417019697e-19
1787278782.1191795,resting,fast,1787278739.9715214,-246.33273600147504,-184.41659819023118,1345.8962243160104,13.831244864265972,-18.474955200110145,2.9707870704339707e-19
1787278782.1301641,resting,fast,1787278739.9715214,-248.22011196717403,-184.47477864309656,1354.4186386086303,13.835608398231233,-18.616508397537928,2.9759383002410946e-19
1787278782.1413455,resting,fast,1787278739.9715214,-249.17091203490736,-184.81504488108783,1359.4035229393803,13.861128366080539,-18.687818402617722,2.979170452353348e-19
1787278782.1524723,resting,fast,1787278739.9715214,-247.9910123866298,-184.6073580909325,1355.1560678594205,13.845551856818648,-18.599325928997196,2.9736962844335864e-19
1787278782.1636934,resting,fast,1787278739.9715214,-246.13278416639832,-184.21346587836877,1350.5099381203445,13.816009940876516,-18.45995881247967,2.968651998944921e-19
1787278782.1747835,resting,fast,1787278739.9715214,-246.6224305493938,-184.59209880321907,1352.1812624230088,13.84440741024024,-18.49668229120443,2.9712744831007157e-19
1787278782.1857677,resting,fast,1787278739.9715214,-246.65010979717636,-185.21688315447034,1353.1221770889033,13.891266236583949,-18.498758234788184,2.9717778135359304e-19
1787278782.197064,resting,fast,1787278739.9715214,-245.95040269945775,-185.3197429849596,1347.9132314251792,13.898980723870569,-18.446280202459114,2.971201246853602e-19
1787278782.207932,resting,fast,1787278739.9715214,-245.79176860328835,-185.1866647673013,1343.8891104103723,13.888999857546597,-18.43438264524631,2.968847959697619e-19
1787278782.219002,resting,fast,1787278739.9715214,-246.5002039861415,-184.50685405613092,1343.7787618265766,13.838014054208603,-18.487515298960517,2.9724215312716557e-19
1787278782.2301505,resting,fast,1787278739.9715214,-247.8187843783503,-185.63650098321148,1347.3760935449436,13.922737573739713,-18.586408828376037,2.973634687163333e-19
1787278782.2413354,resting,fast,1787278739.9715214,-247.05985409317555,-185.43528739059195,1346.4485136234516,13.90764655429324,-18.529489056988126,2.969354943976995e-19
1787278782.2524629,resting,fast,1787278739.9715214,-246.93084636185495,-185.96272268222185,1346.117402823479,13.947204201165437,-18.51981347713894,2.967858899960168e-19
1787278782.2636478,resting,fast,1787278739.9715214,-246.96400430185486,-186.9593268599059,1346.4333306131875,14.021949514491954,-18.522300322638962,2.968473941945048e-19
1787278782.274607,resting,fast,1787278739.9715214,-247.58088985555196,-187.22403086116026,1347.1753326225853,14.041802314585684,-18.568566739166215,2.970300088729767e-19
1787278782.2856143,resting,fast,1787278739.9715214,-247.32068387232312,-186.77616391829054,1349.5165965712104,14.008212293870447,-18.54905129042413,2.970691674360334e-19
1787278782.2968183,resting,fast,1787278739.9715214,-248.02067310023222,-186.2636418452854,1354.6990031570886,13.969773138395102,-18.601550482517,2.971885048742574e-19
1787278782.307894,resting,fast,1787278739.9715214,-248.61359433637926,-186.2499224621332,1359.524845065288,13.96874418465892,-18.64601957522821,2.974812453769651e-19
1787278782.3190377,resting,fast,1787278739.9715214,-249.76496644020654,-187.11578662445834,1359.6858241011878,14.033683996833435,-18.732372483015368,2.974277123658571e-19
1787278782.3300314,resting,fast,1787278739.9715214,-248.90219992564153,-186.2722046749551,1356.9071577118038,13.970415350620417,-18.66766499442287,2.9755205861731566e-19
1787278782.3410497,resting,fast,1787278739.9715214,-248.12284901279463,-186.92493462771256,1351.997575268927,14.019370097077545,-18.609213675959325,2.973742736912973e-19
1787278782.3522556,resting,fast,1787278739.9715214,-247.08600337253438,-185.72791723047533,1348.5188132783342,13.929593792284368,-18.531450252939635,2.9758973110826473e-19
1787278782.3634028,resting,fast,1787278739.9715214,-247.43816478272174,-185.3852788152857,1348.0074013216972,13.90389591114516,-18.557862358703964,2.9740491880161826e-19
1787278782.3744256,resting,fast,1787278739.9715214,-247.99123984108928,-185.89845897175644,1349.3964467092255,13.942384422880782,-18.599342988081517,2.9767187262669504e-19
1787278782.385581,resting,fast,1787278739.9715214,-247.9598582588319,-187.18528899204955,1349.300028362447,14.038896674402583,-18.596989369412128,2.973651464701023e-19
1787278782.3963876,resting,fast,1787278739.9715214,-248.0285450473134,-187.90460478152147,1349.1482502554072,14.092845358613108,-18.60214087854834,2.975114980058162e-19
1787278782.4077084,resting,fast,1787278739.9715214,-246.9265307607343,-186.9067879963328,1351.4625428280988,14.018009099723745,-18.519489807054867,2.973549990648588e-19
1787278782.418856,resting,fast,1787278739.9715214,-247.15866279627562,-186.72007345392933,1353.5260337275586,14.004005509043726,-18.536899709720565,2.9751826161404176e-19
1787278782.4299743,resting,fast,1787278739.9715214,-245.91392212348774,-185.75786149097837,1350.3592138110753,13.931839611822145,-18.443544159261577,2.9711926500643107e-19
1787278782.4410226,resting,fast,1787278739.9715214,-247.14305380780706,-186.2444357826597,1349.9518378748298,13.968332683698353,-18.535729035585312,2.9729063053205206e-19
1787278782.45222,resting,fast,1787278739.9715214,-247.8371202880694,-186.17493487749528,1354.0177667149846,13.96312011581107,-18.587784021604918,2.979505056219817e-19
1787278782.4632404,resting,fast,1787278739.9715214,-247.22113576804668,-184.94915673475577,1355.615786761061,13.871186755105388,-18.541585182603242,2.979749431314874e-19
1787278782.4743652,resting,fast,1787278739.9715214,-246.1243293473376,-183.69384671332193,1354.4723556193267,13.777038503498051,-18.45932470105049,2.9754210659601587e-19
1787278782.485351,resting,fast,1787278739.9715214,-245.24114171368683,-182.58817948038438,1351.6918695183986,13.694113461027744,-18.39308562852628,2.970778756914175e-19
1787278782.4965503,resting,fast,1787278739.9715214,-248.0857961186416,-186.16724658397754,1356.1551870141893,13.962543493797217,-18.60643470889776,2.9740718433024663e-19
1787278782.5076845,resting,fast,1787278739.9715214,-248.1448746126257,-187.05300579361676,1355.8090378034694,14.02897543452001,-18.610865595946656,2.980785570962259e-19
1787278782.518882,resting,fast,1787278739.9715214,-248.56192055397378,-186.53069989394487,1354.7679614142626,13.989802492044635,-18.642144041547887,2.977295217952361e-19
1787278782.5298114,resting,fast,1787278739.9715214,-246.3575429531088,-184.2009865482711,1348.0229967742407,13.815073991119252,-18.476815721482865,2.971989208312927e-19
1787278782.5409362,resting,fast,1787278739.9715214,-244.9615484472256,-183.98026933359313,1345.7348534574421,13.798520200018192,-18.37211613354181,2.9630464343237154e-19
1787278782.5520706,resting,fast,1787278739.9715214,-244.67632537763757,-184.33164744635098,1345.3434942133072,13.824873558475165,-18.350724403322616,2.966391835593134e-19
1787278782.5631557,resting,fast,1787278739.9715214,-245.46183604785938,-185.47049314365734,1348.3166093203008,13.910286985772931,-18.40963770358924,2.9706948612303284e-19
1787278782.574215,resting,fast,1787278739.9715214,-246.75625155982607,-185.40747136757443,1349.765912444952,13.905560352567068,-18.506718866986752,2.971668605345769e-19
1787278782.5852857,resting,fast,1787278739.9715214,-247.77819440182384,-187.1690809412829,1351.9944296646017,14.037681070595074,-18.58336458013666,2.9725560197245997e-19
1787278782.5962949,resting,fast,1787278739.9715214,-247.00077149025356,-186.85562949059397,1350.063108684576,14.014172211793596,-18.525057861769014,2.970623409721719e-19
1787278782.6073895,resting,fast,1787278739.9715214,-247.08956670607813,-187.40794131469954,1345.861011010681,14.055595598601233,-18.531717502955736,2.970053809939954e-19
1787278782.6187258,resting,fast,1787278739.9715214,-247.24528636046352,-187.69248008857528,1343.8339580205839,14.076936006641933,-18.543396477034584,2.970488630270552e-19
1787278782.6298187,resting,fast,1787278739.9715214,-247.91671918303064,-188.6323261135659,1346.1925771719407,14.14742445851616,-18.593753938726962,2.974149011453203e-19
1787278782.640731,resting,fast,1787278739.9715214,-248.15106369806608,-187.76777080764293,1351.1313676694672,14.082582810571939,-18.61132977735484,2.981703597081412e-19
1787278782.651977,resting,fast,1787278739.9715214,-246.77980413289833,-187.31900080462754,1352.5273487887234,14.048925060345812,-18.508485309967043,2.981609308383593e-19
1787278782.66288,resting,fast,1787278739.9715214,-246.69213293105668,-185.90957043158767,1353.9256516720097,13.943217782367885,-18.501909969829114,2.9795272955270244e-19
1787278782.6740441,resting,fast,1787278739.9715214,-246.27057302532057,-186.41545085332325,1353.8573561008043,13.981158813997911,-18.470292976899003,2.9756081484423675e-19
1787278782.6851728,resting,fast,1787278739.9715214,-247.11373782345117,-185.60683632439225,1354.6532744800488,13.920512724328322,-18.533530336758815,2.976991258687379e-19
1787278782.6961858,resting,fast,1787278739.9715214,-248.60040715736022,-186.87041475543708,1359.5538911805497,14.015281106656463,-18.645030536801784,2.980794168077121e-19
1787278782.7072582,resting,fast,1787278739.9715214,-248.91587868470697,-186.2164076867433,1359.2478787707305,13.966230576504504,-18.668690901352548,2.9781121537501185e-19
1787278782.718466,resting,fast,1787278739.9715214,-248.10759761593044,-186.0529103512473,1354.7807857908256,13.95396827634234,-18.608069821194547,2.9707310865001627e-19
1787278782.7296576,resting,fast,1787278739.9715214,-247.26977925297479,-185.464916652871,1347.1274933090035,13.90986874896399,-18.545233443973075,2.9641195166854724e-19
1787278782.740826,resting,fast,1787278739.9715214,-247.40413448785557,-185.67444895274718,1344.9166083459868,13.925583671455104,-18.55531008658889,2.965504244320891e-19
1787278782.7518663,resting,fast,1787278739.9715214,-247.4971261993146,-185.46392977461244,1345.3440499418984,13.909794733094689,-18.562284464948362,2.9652741005026815e-19
1787278782.7628124,resting,fast,1787278739.9715214,-247.4856361150155,-184.39334188357145,1347.4432882800293,13.829500641266552,-18.56142270862601,2.970273384568804e-19
1787278782.7739687,resting,fast,1787278739.9715214,-248.4400907272061,-185.41898461419134,1351.9192273962772,13.906423846062967,-18.633006804540265,2.975546680985222e-19
1787278782.7851675,resting,fast,1787278739.9715214,-248.41891130682916,-186.20596001849287,1351.7706057832975,13.965447001386014,-18.63141834801216,2.9788671346528102e-19
1787278782.7961655,resting,fast,1787278739.9715214,-250.00403626333673,-186.23542785189682,1354.9364829958822,13.967657088890977,-18.750302719750195,2.984317763327413e-19
1787278782.807268,resting,fast,1787278739.9715214,-248.96057326077016,-185.22164142258646,1353.2033867738492,13.891623106692752,-18.672042994557657,2.982156902630932e-19
1787278782.8184626,resting,fast,1787278739.9715214,-248.2961085585962,-184.07186294027917,1354.0381108891315,13.805389720519688,-18.622208141894497,2.9812201719987484e-19
1787278782.8295677,resting,fast,1787278739.9715214,-247.04727375700304,-184.3475782678048,1353.7517296312608,13.826068370083991,-18.52854553177515,2.9791492382737602e-19
1787278782.8406498,resting,fast,1787278739.9715214,-247.15211648722425,-183.69475906183732,1355.2362766051692,13.777106929636833,-18.536408736541745,2.980260678086119e-19
1787278782.8517208,resting,fast,1787278739.9715214,-248.27140855213702,-184.9036716264785,1356.6477907431263,13.867775371984695,-18.620355641410058,2.9822568208159116e-19
1787278782.8627553,resting,fast,1787278739.9715214,-248.34600981641643,-184.21663349391554,1357.3826617762506,13.816247512042441,-18.62595073623119,2.9791065045050245e-19
1787278782.8738348,resting,fast,1787278739.9715214,-246.92283239456765,-185.36227908461217,1352.4341395122074,13.902170931344532,-18.519212429592464,2.975075630968856e-19
1787278782.8850932,resting,fast,1787278739.9715214,-246.68156734053855,-184.36313617222493,1349.0558346486678,13.827235212915543,-18.501117550540307,2.9686784816812546e-19
1787278782.8960998,resting,fast,1787278739.9715214,-246.78990979025411,-185.0522776577751,1349.8758126629973,13.878920824331818,-18.509243234268816,2.9696440992378295e-19
1787278782.907111,resting,fast,1787278739.9715214,-247.42392521340253,-186.16840438681845,1349.790742476639,13.962630329010398,-18.556794391005056,2.9679424249071493e-19
1787278782.918313,resting,fast,1787278739.9715214,-247.07092941116161,-185.5808937170392,1354.1845645284093,13.91856702877688,-18.53031970583686,2.9739668834214853e-19
1787278782.9293401,resting,fast,1787278739.9715214,-246.91319332394824,-186.3548339709256,1350.7898435637007,13.976612547818167,-18.518489499295768,2.9714683076584e-19
1787278782.9404159,resting,fast,1787278739.9715214,-248.02253650903867,-186.99310030000981,1353.469581250235,14.024482522499756,-18.601690238177483,2.97808046119027e-19
1787278782.9516249,resting,fast,1787278739.9715214,-248.11994096420267,-187.98934964619605,1351.8505273975707,14.099201223463584,-18.608995572314804,2.9797305206993267e-19
1787278782.9626966,resting,fast,1787278739.9715214,-248.05358645129627,-187.46473749390987,1352.494991406801,14.059855312042291,-18.604018983847197,2.981150087981955e-19
1787278782.9737372,resting,fast,1787278739.9715214,-248.50527319747516,-186.3552841721929,1355.7758147940758,13.976646312913392,-18.637895489810404,2.98095975460645e-19
1787278782.9846444,resting,fast,1787278739.9715214,-248.46336818534337,-185.24669826161823,1357.944649914335,13.893502369620155,-18.634752613900623,2.980556432132189e-19
1787278782.9956203,resting,fast,1787278739.9715214,-248.39716173558872,-186.10252364801374,1355.0397172322218,13.957689273599872,-18.629787130169035,2.9791855482871044e-19
1787278783.006928,resting,fast,1787278739.9715214,-247.62290872191215,-185.70970128690567,1351.8287064018305,13.92822759651678,-18.571718154143184,2.976579569017863e-19
1787278783.018233,resting,fast,1787278739.9715214,-247.84218079669927,-186.30481313406233,1349.2419751594143,13.972860985053575,-18.58816355975209,2.9745711086860044e-19
1787278783.029286,resting,fast,1787278739.9715214,-247.07329830023946,-183.88669464120915,1353.865971387223,13.791502098089513,-18.530497372517658,2.972275222238138e-19
1787278783.0403397,resting,fast,1787278739.9715214,-246.5377955416193,-183.66006594514772,1352.9196449996643,13.774504945884932,-18.490334665621134,2.972100214184851e-19
1787278783.051385,resting,fast,1787278739.9715214,-246.34946800888565,-185.49736483538447,1353.3173271389433,13.912302362652685,-18.476210100666208,2.9735065631458386e-19
1787278783.0624497,resting,fast,1787278739.9715214,-247.34309933275335,-188.43305247232263,1352.5869013863057,14.132478935423084,-18.55073244995635,2.978116312458921e-19
1787278783.0737543,resting,fast,1787278739.9715214,-246.9782450880407,-188.95893855147972,1350.0244332524335,14.17192039135995,-18.523368381602843,2.974133846367193e-19
1787278783.084833,resting,fast,1787278739.9715214,-246.12481146076288,-187.87184193043583,1347.2812631245315,14.09038814478156,-18.459360859556966,2.971382769003608e-19
1787278783.0957992,resting,fast,1787278739.9715214,-246.33724077721808,-187.40388431306076,1344.6226090582668,14.055291323478446,-18.475293058291278,2.9690970603311073e-19
1787278783.1069703,resting,fast,1787278739.9715214,-247.33215762718964,-187.0304903702662,1348.8600227835623,14.027286777768897,-18.549911822039036,2.9695290357333887e-19
1787278783.1181042,resting,fast,1787278739.9715214,-247.35740870465224,-186.69172194973805,1348.8693755669547,14.001879146229204,-18.551805652848557,2.9667991270354893e-19
1787278783.1292028,resting,fast,1787278739.9715214,-246.95210801781695,-185.6975373759734,1353.279428420995,13.927315303197094,-18.52140810133612,2.970390681481712e-19
1787278783.1402192,resting,fast,1787278739.9715214,-246.68387110258072,-186.35702208344298,1351.7354660555366,13.976776656257076,-18.50129033269313,2.9719451381937727e-19
1787278783.1514585,resting,fast,1787278739.9715214,-246.62295596617832,-185.0078750947738,1352.9660372200715,13.875590632106938,-18.496721697463144,2.974841518645699e-19
1787278783.162445,resting,fast,1787278739.9715214,-245.84281358215276,-184.54449027616113,1349.880298223513,13.840836770710997,-18.438211018661136,2.968944095641865e-19
1787278783.1735792,resting,fast,1787278739.9715214,-245.6700744357563,-183.789100256682,1351.65720306809,13.784182519249843,-18.425255582681473,2.9720645191178913e-19
1787278783.1847236,resting,fast,1787278739.9715214,-246.63015901363224,-186.0703078789992,1354.0673887788935,13.955273090923757,-18.497261926022276,2.9749398099448477e-19
1787278783.1957731,resting,fast,1787278739.9715214,-247.5576468913291,-187.50028829065434,1356.2245840717596,14.062521621797988,-18.56682351684956,2.98114275089031e-19
1787278783.206962,resting,fast,1787278739.9715214,-247.2658028345445,-186.43205429042575,1355.0100612248216,13.982404071780838,-18.5449352125907,2.977895747884078e-19
1787278783.2179286,resting,fast,1787278739.9715214,-246.4553001471072,-184.9671175301129,1355.3049557871027,13.87253381475698,-18.48414751103298,2.974730443586248e-19
1787278783.2289064,resting,fast,1787278739.9715214,-245.9319895112908,-183.52458347448317,1350.9378352142821,13.764343760584996,-18.444899213346517,2.963375791100861e-19
1787278783.240052,resting,fast,1787278739.9715214,-246.52441660871546,-184.782271272432,1348.447822827061,13.858670345431225,-18.48933124565368,2.963042232723937e-19
1787278783.2512283,resting,fast,1787278739.9715214,-247.17118906180394,-185.39962697047793,1344.1430584024338,13.904972022784452,-18.537839179635156,2.9623860936072955e-19
1787278783.2622142,resting,fast,1787278739.9715214,-247.29037849287806,-186.3927751527268,1347.3627876191522,13.979458136453363,-18.546778386965514,2.9737642769632354e-19
1787278783.2734172,resting,fast,1787278739.9715214,-246.3445047579803,-185.60011401358418,1345.4981373951077,13.92000855101772,-18.475837856848415,2.973074087344379e-19
1787278783.2845364,resting,fast,1787278739.9715214,-246.51096324571836,-185.0182096757202,1350.6169538477452,13.876365725678088,-18.48832224342857,2.975815000556939e-19
1787278783.2956216,resting,fast,1787278739.9715214,-246.46967058371547,-184.05014956271827,1349.90026848238,13.803761217202766,-18.485225293778527,2.971351334399459e-19
1787278783.306598,resting,fast,1787278739.9715214,-247.89923251005757,-184.51826556269714,1357.2013371647472,13.838869917201055,-18.59244243825404,2.974836826580468e-19
1787278783.3178828,resting,fast,1787278739.9715214,-247.30968393174453,-184.90608681589185,1353.7410149555808,13.867956511190915,-18.54822629488075,2.9739173894215674e-19
1787278783.3288708,resting,fast,1787278739.9715214,-247.6349319869464,-185.39724527957253,1353.4494429485794,13.904793395966767,-18.572619899020943,2.9756164900433757e-19
1787278783.3399665,resting,fast,1787278739.9715214,-246.42463498209008,-185.92443458811306,1349.427368925527,13.94433259410717,-18.48184762365662,2.9735806011805415e-19
1787278783.3511364,resting,fast,1787278739.9715214,-246.17621876821022,-186.0479465294119,1350.2575441047438,13.953595989704642,-18.46321640761559,2.975939311364471e-19
1787278783.3621655,resting,fast,1787278739.9715214,-245.68118014331003,-187.56213719024015,1348.616093042875,14.067160289267054,-18.426088510748173,2.973861599004116e-19
1787278783.3733244,resting,fast,1787278739.9715214,-247.041258655177,-188.18848694731753,1350.4999826702451,14.1141365210479,-18.52809439913821,2.9776500089950347e-19
1787278783.3844116,resting,fast,1787278739.9715214,-247.1462064950024,-187.79543555793623,1350.7620482938737,14.084657666844112,-18.535965487125118,2.974628366317515e-19
1787278783.3954651,resting,fast,1787278739.9715214,-248.35639976343418,-186.66479763505993,1353.0957288283416,13.999859822628554,-18.626729982257253,2.9789175308040665e-19
1787278783.4066694,resting,fast,1787278739.9715214,-248.52604827979985,-186.76289863639306,1356.2992706392079,14.007217397728287,-18.63945362098469,2.9810258587875977e-19
1787278783.4176984,resting,fast,1787278739.9715214,-248.8749665636965,-187.60922140110154,1354.3306585967903,14.070691605081581,-18.665622492277215,2.9812050115452796e-19
1787278783.42878,resting,fast,1787278739.9715214,-247.74581170752163,-187.805797419354,1353.216499084564,14.08543480645054,-18.580935878063947,2.9788640216651363e-19
1787278783.4399052,resting,fast,1787278739.9715214,-246.77780366117213,-186.80906897243347,1347.6630860162722,14.010680172931405,-18.508335274587665,2.973069154393096e-19
1787278783.4510877,resting,fast,1787278739.9715214,-247.80601082363546,-187.89731430793802,1350.4533451307188,14.092298573094201,-18.585450811772326,2.975408302288534e-19
1787278783.4621544,resting,fast,1787278739.9715214,-248.19680013523202,-187.15600891599217,1350.2723075540807,14.036700668698263,-18.61476001014249,2.975345328513138e-19
1787278783.4732485,resting,fast,1787278739.9715214,-248.2560304101503,-187.83787582870934,1353.983726924117,14.087840687152184,-18.61920228076123,2.981298336899527e-19
1787278783.4844117,resting,fast,1787278739.9715214,-248.4984548734251,-186.0618831118005,1355.4725209818198,13.954641233383999,-18.6373841155066,2.9845577420964817e-19
1787278783.4954603,resting,fast,1787278739.9715214,-249.52269416698937,-186.6372271401675,1359.466058292851,13.997792035511484,-18.71420206252394,2.98731551213427e-19
1787278783.5065615,resting,fast,1787278739.9715214,-248.82537042393733,-185.6613788444114,1355.6069295246207,13.92460341332961,-18.661902781795142,2.9794671405161285e-19
1787278783.5177624,resting,fast,1787278739.9715214,-248.15316437188494,-186.66387602966063,1351.555722949196,13.99979070222334,-18.611487327891048,2.976912365847803e-19
1787278783.528801,resting,fast,1787278739.9715214,-247.22875334571063,-186.3129765468783,1351.1561848700721,13.973473241014904,-18.54215650092793,2.9747862995576614e-19
1787278783.539888,resting,fast,1787278739.9715214,-246.1546358542596,-184.730597574567,1348.5318581802157,13.854794818091452,-18.46159768906928,2.971449013749962e-19
1787278783.5510356,resting,fast,1787278739.9715214,-245.31156621632317,-184.10654229841668,1347.85574816399,13.807990672380217,-18.398367466223974,2.967420816315711e-19
1787278783.562133,resting,fast,1787278739.9715214,-244.64396581073606,-183.64375480193314,1346.3804850343831,13.773281610143943,-18.348297435804966,2.9701664573427945e-19
1787278783.5731168,resting,fast,1787278739.9715214,-247.30276024509703,-185.49358994196984,1353.7855670535364,13.912019245646793,-18.54770701838217,2.9777145729070266e-19
1787278783.586868,resting,fast,1787278739.9715214,-247.42879943597336,-186.24300754243416,1357.3797984005478,13.968225565681312,-18.557159957697692,2.982879149047975e-19
1787278783.595177,resting,fast,1787278739.9715214,-247.01249367091032,-186.60751458208244,1352.2157929003451,13.99556359365494,-18.52593702531796,2.9773086092918887e-19
1787278783.6062915,resting,fast,1787278739.9715214,-246.99141596454547,-188.32571455733057,1351.8978531461462,14.124428591798821,-18.524356197340722,2.9789229637678104e-19
1787278783.6200652,resting,fast,1787278739.9715214,-247.5846662300105,-188.23257042172884,1350.8039324788651,14.117442781628473,-18.56884996725077,2.9767544910515995e-19
1787278783.628735,resting,fast,1787278739.9715214,-247.55651257858835,-187.73069454333142,1349.5547596848146,14.079802090748732,-18.566738443393838,2.972597671340729e-19
1787278783.6398222,resting,fast,1787278739.9715214,-246.9663794292669,-186.1085110849391,1347.7193374105054,13.958138331369074,-18.522478457194865,2.9724428645970333e-19
1787278783.652978,resting,fast,1787278739.9715214,-246.61478977179786,-186.03417969453938,1345.3001729362668,13.952563477089061,-18.49610923288475,2.9706238078819796e-19
1787278783.6619692,resting,fast,1787278739.9715214,-247.39091081873403,-186.25366695555056,1349.8144789012322,13.969025021665349,-18.554318311405012,2.9760855189733255e-19
1787278783.6731474,resting,fast,1787278739.9715214,-247.1735505349684,-186.39090885062717,1349.939030335213,13.979318163795899,-18.53801629012245,2.974359851085997e-19
1787278783.6859555,resting,fast,1787278739.9715214,-248.0392872215957,-185.96183674093606,1351.7417848206305,13.94713775556919,-18.602946541619538,2.9739230077529253e-19
1787278783.6952446,resting,fast,1787278739.9715214,-248.47506978493993,-186.17120971952193,1347.6615651835828,13.962840728962934,-18.635630233870423,2.9740572341813477e-19
1787278783.70636,resting,fast,1787278739.9715214,-247.38470810541958,-185.93257465285762,1343.2404314816022,13.944943098963396,-18.553853107906384,2.9706665233282383e-19
1787278783.719568,resting,fast,1787278739.9715214,-246.78125693623633,-186.7895964083733,1341.7991328729104,14.009219730626814,-18.50859427021753,2.969133585099759e-19
1787278783.7286127,resting,fast,1787278739.9715214,-246.32475264769027,-186.26236153921025,1345.239395563197,13.969677115439584,-18.47435644857653,2.966911470198331e-19
1787278783.739739,resting,fast,1787278739.9715214,-246.99886115107938,-186.38943045154008,1347.9413097769384,13.979207283864444,-18.52491458633073,2.968094456648411e-19
1787278783.7538738,resting,fast,1787278739.9715214,-246.15697168402448,-185.420327931403,1348.8552407816742,13.90652459485425,-18.461772876301737,2.9679374313709116e-19
1787278783.761916,resting,fast,1787278739.9715214,-245.74480930934942,-185.2541913323647,1346.4385606458354,13.894064349926229,-18.430860698200902,2.96473863741505e-19
1787278783.7729175,resting,fast,1787278739.9715214,-245.53969078190812,-185.01588202299502,1346.1162436317181,13.876191151723436,-18.41547680864315,2.9653005866214064e-19
1787278783.785908,resting,fast,1787278739.9715214,-246.6470161791608,-184.45692083362894,1346.6136767393627,13.834269062521148,-18.498526213436904,2.9673763048398696e-19
1787278783.7951362,resting,fast,1787278739.9715214,-247.71143268451624,-185.57386422698698,1346.2060127884424,13.918039817022748,-18.57835745133871,2.970424345236806e-19
1787278783.806192,resting,fast,1787278739.9715214,-248.74807469773032,-186.73425562140062,1350.758923057635,14.005069171603882,-18.656105602329873,2.974686063822096e-19
1787278783.8196838,resting,fast,1787278739.9715214,-248.65452154285458,-188.05550704233622,1352.3945223667606,14.104163028174217,-18.649089115714062,2.9756867087949463e-19
1787278783.8283625,resting,fast,1787278739.9715214,-248.0961475463887,-187.86857294335402,1351.128994750522,14.090142970750353,-18.607211065978966,2.9705701549158415e-19
1787278783.8395355,resting,fast,1787278739.9715214,-247.23051166739742,-188.11478763551543,1344.8317585860614,14.108609072662677,-18.542288375054625,2.966122966400758e-19
1787278783.8533204,resting,fast,1787278739.9715214,-247.0670665288012,-186.61604957888528,1343.3842665849743,13.996203718415035,-18.53002998966003,2.9624260618947266e-19
1787278783.861689,resting,fast,1787278739.9715214,-246.4041896095191,-186.7416686008795,1343.5372580631092,14.00562514506473,-18.480314220713765,2.966735750768177e-19
1787278783.8726428,resting,fast,1787278739.9715214,-247.2557581562246,-185.39151774486493,1352.354045717394,13.904363830863847,-18.54418186171671,2.9714368833750286e-19
1787278783.8865867,resting,fast,1787278739.9715214,-247.0104926442741,-186.73721931406806,1353.883501952182,14.005291448553951,-18.525786948320302,2.9737067997720055e-19
1787278783.895028,resting,fast,1787278739.9715214,-246.88729149400524,-185.9196829284282,1354.468376111853,13.943976219631086,-18.516546862050205,2.9701525609070194e-19
1787278783.906131,resting,fast,1787278739.9715214,-246.51214186432344,-186.58125365303397,1345.885615341439,13.99359402397626,-18.488410639824224,2.965524902016495e-19
1787278783.9195914,resting,fast,1787278739.9715214,-246.5823783217479,-186.72897312490716,1342.8921759857594,14.004672984366852,-18.49367837413105,2.964817789990536e-19
1787278783.9283962,resting,fast,1787278739.9715214,-246.53875573804953,-187.5932104955208,1343.1184841926233,14.069490787162895,-18.490406680353736,2.967603484547153e-19
1787278783.9394724,resting,fast,1787278739.9715214,-245.82760114618623,-187.58913259299072,1342.411879842707,14.069184944473296,-18.43707008596386,2.9646203258059863e-19
1787278783.9537458,resting,fast,1787278739.9715214,-245.63879424773995,-186.52860978104525,1343.7138061234518,13.989645733577252,-18.42290956858057,2.962518680057049e-19
1787278783.9617128,resting,fast,1787278739.9715214,-245.31880853311895,-185.31428476135773,1346.5531753944242,13.898571357100625,-18.398910639983654,2.9656284025691333e-19
1787278783.9727566,resting,fast,1787278739.9715214,-245.50929520821364,-183.56929070667536,1347.924767534757,13.76769680299957,-18.4131971406159,2.9666672480558496e-19
1787278783.9847488,resting,fast,1787278739.9715214,-245.66877727983547,-184.7581077512067,1347.8779070754617,13.856858081339471,-18.425158295987423,2.969852982326293e-19
1787278783.9944248,resting,fast,1787278739.9715214,-245.3564325312841,-186.07314396087656,1341.49850887493,13.955485797064615,-18.401732439846185,2.9630442564743844e-19
1787278784.0058014,resting,fast,1787278739.9715214,-245.05259022143719,-187.44145592853727,1343.309329061639,14.058109194638906,-18.378944266607697,2.963570022568706e-19
1787278784.018785,resting,fast,1787278739.9715214,-245.73892056418526,-186.83925870964742,1343.8741781749477,14.012944403222523,-18.430419042313602,2.9621494809435336e-19
1787278784.0283177,resting,fast,1787278739.9715214,-247.33194749034965,-186.728131598613,1347.3737310121332,14.00460986989464,-18.549896061776032,2.966061801860243e-19
1787278784.0394247,resting,fast,1787278739.9715214,-248.50568127601173,-186.2990851418616,1350.514465257399,13.97243138563849,-18.637926095700763,2.972635244908074e-19
1787278784.052363,resting,fast,1787278739.9715214,-248.20140258685888,-186.2802628986766,1347.5714969826195,13.971019717399646,-18.615105194014262,2.9710247924317974e-19
1787278784.0615337,resting,fast,1787278739.9715214,-247.63138565960662,-184.81815229597908,1348.5234889485155,13.86136142219738,-18.572353924470328,2.971380822834917e-19
1787278784.0724792,resting,fast,1787278739.9715214,-246.99136280673292,-185.2389435892345,1347.95977108653,13.892920769191424,-18.524352210504894,2.9658586736031796e-19
1787278784.0853803,resting,fast,1787278739.9715214,-246.23836192702265,-185.2432587380839,1350.0215805575326,13.893244405355095,-18.467877144526696,2.9662992545355467e-19
1787278784.0946944,resting,fast,1787278739.9715214,-246.24254160876126,-186.09657736034626,1350.814421537002,13.957243302024938,-18.468190620657005,2.9683426328974e-19
1787278784.1058123,resting,fast,1787278739.9715214,-245.71355473272115,-186.43712966476517,1347.2996587158186,13.982784724856035,-18.428516604954012,2.96724663611272e-19
1787278784.1182694,resting,fast,1787278739.9715214,-245.92297038853349,-187.02089986570707,1351.0601310050215,14.02656748992705,-18.444222779139892,2.9741264372472316e-19
1787278784.128029,resting,fast,1787278739.9715214,-245.71036168658293,-186.09427059641519,1349.3702537127729,13.957070294730148,-18.428277126493477,2.9723513659163196e-19
1787278784.139153,resting,fast,1787278739.9715214,-245.77895254122495,-185.08439697568122,1350.605686558164,13.881329773174958,-18.43342144059153,2.9737549550662736e-19
1787278784.151162,resting,fast,1787278739.9715214,-246.50842653262816,-184.1940263901962,1349.2821048619417,13.814551979263658,-18.488131989947064,2.97308492833716e-19
1787278784.1612668,resting,fast,1787278739.9715214,-245.76147784150407,-185.7897195893794,1351.4315983854713,13.934228969202085,-18.43211083811272,2.9750842962572216e-19
1787278784.1723309,resting,fast,1787278739.9715214,-245.83084231945986,-187.03587174133042,1350.7709578771073,14.027690380598944,-18.43731317395944,2.976288512372622e-19
1787278784.183973,resting,fast,1787278739.9715214,-245.00263733145357,-187.2052416695832,1346.9166535779323,14.040393125217609,-18.375197799858803,2.9718058955289505e-19
1787278784.1948354,resting,fast,1787278739.9715214,-246.05633526926204,-187.5922644696028,1348.5228325717226,14.069419835219069,-18.454225145194414,2.9750538006924544e-19
1787278784.2058895,resting,fast,1787278739.9715214,-246.10319772471894,-186.04972091414686,1348.466645803138,13.953729068560069,-18.457739829353784,2.975696831970522e-19
1787278784.2180355,resting,fast,1787278739.9715214,-246.33578629952854,-185.52595006617946,1350.8200892872928,13.914446254962204,-18.47518397246455,2.977765540540363e-19
1787278784.228109,resting,fast,1787278739.9715214,-246.31088065788435,-185.00476369769024,1349.3208426295814,13.875357277325538,-18.473316049340987,2.9775627141767647e-19
1787278784.2391975,resting,fast,1787278739.9715214,-245.7122336548805,-184.18996117856148,1347.891038636527,13.814247088390989,-18.42841752411585,2.975054041314382e-19
1787278784.251593,resting,fast,1787278739.9715214,-246.59442523299958,-185.49211165957593,1350.1209310887907,13.911908374467163,-18.494581892474777,2.978044090720941e-19
1787278784.2611425,resting,fast,1787278739.9715214,-246.28402247100394,-185.1121543876958,1348.6039434362256,13.883411579075801,-18.471301685325066,2.9729843040080483e-19
1787278784.272149,resting,fast,1787278739.9715214,-247.40705364352516,-187.0558373350931,1350.218407566138,14.029187800131101,-18.555529023264256,2.971266672306309e-19
1787278784.284609,resting,fast,1787278739.9715214,-245.899181745423,-186.18593559699673,1347.0742432870657,13.963945169773613,-18.44243863090648,2.966155076404127e-19
1787278784.2945287,resting,fast,1787278739.9715214,-246.08255925506046,-185.16010782717865,1346.7443217584323,13.887008087037064,-18.456191944129387,2.9716691228814905e-19
1787278784.305931,resting,fast,1787278739.9715214,-245.88978368950984,-185.26994557369142,1343.57640476709,13.895245918025754,-18.44173377671312,2.975141356975066e-19
1787278784.3181305,resting,fast,1787278739.9715214,-247.1403595230354,-185.21829594130566,1343.7955342179548,13.891372195596947,-18.53552696422743,2.9752885472149315e-19
1787278784.3277564,resting,fast,1787278739.9715214,-247.59393196045812,-186.89647407735708,1351.3389625713598,14.017235555800642,-18.569544897034255,2.9785398932491207e-19
1787278784.3389611,resting,fast,1787278739.9715214,-249.22687008032653,-187.50467156448315,1355.9008804973846,14.062850367335162,-18.692015256024362,2.97862729586568e-19
1787278784.3502688,resting,fast,1787278739.9715214,-249.74633556909203,-188.62572115835962,1357.9249941148255,14.146929086875705,-18.73097516768189,2.9813905825444197e-19
1787278784.3612435,resting,fast,1787278739.9715214,-249.45939169019448,-187.4465299488287,1348.931386144758,14.05848974616109,-18.70945437676434,2.975224992211113e-19
1787278784.3722014,resting,fast,1787278739.9715214,-246.57661094037076,-186.200472671807,1342.279281811051,13.96503545038448,-18.493245820527562,2.9691103470124816e-19
1787278784.3847833,resting,fast,1787278739.9715214,-246.06796181327945,-185.46181978356424,1342.3822364602356,13.909636483766196,-18.45509713599572,2.9703213650475183e-19
1787278784.394255,resting,fast,1787278739.9715214,-245.7002177612644,-185.57513051582953,1346.060407873626,13.918134788685922,-18.427516332094676,2.9717320735195367e-19
1787278784.4054506,resting,fast,1787278739.9715214,-247.01098652192695,-186.75013576091612,1349.9292841352208,14.006260182067482,-18.5258239891442,2.979394685442588e-19
1787278784.4190223,resting,fast,1787278739.9715214,-246.72820571897364,-185.75353548500163,1351.014371114893,13.931515161373827,-18.504615428922712,2.9755625357254635e-19
1787278784.4277074,resting,fast,1787278739.9715214,-247.37044264661608,-186.47730889634897,1351.832312130443,13.985798167225216,-18.552783198496186,2.972338342330309e-19
1787278784.4387612,resting,fast,1787278739.9715214,-246.30023499130357,-185.2040446533423,1351.338976371485,13.890303348999613,-18.47251762434761,2.9696148178692768e-19
1787278784.451405,resting,fast,1787278739.9715214,-246.2110977309244,-185.75319704289916,1350.139187406,13.931489778216221,-18.465832329819293,2.9723147283384763e-19
1787278784.460977,resting,fast,1787278739.9715214,-246.5357486211683,-186.51632116837493,1352.721668721112,13.988724087627023,-18.49018114658746,2.9795209091090685e-19
1787278784.47211,resting,fast,1787278739.9715214,-248.7228674767407,-187.71150331855654,1357.6924065136873,14.078362748890687,-18.65421506075546,2.9850274991321875e-19
1787278784.484306,resting,fast,1787278739.9715214,-248.9246919557777,-188.28394529151694,1360.0028941840237,14.12129589686268,-18.66935189668326,2.9849668844389997e-19
1787278784.4942625,resting,fast,1787278739.9715214,-248.40844533101017,-187.6450438160465,1356.214143997423,14.07337828620226,-18.63063339982557,2.9809842615761873e-19
1787278784.505529,resting,fast,1787278739.9715214,-247.0000967286146,-186.23855956743898,1351.9426052101253,13.967891967556898,-18.525007254645985,2.977678759153151e-19
1787278784.5172474,resting,fast,1787278739.9715214,-246.74817455013772,-185.62855431192872,1348.4538310529742,13.922141573393592,-18.506113091260474,2.977593038212668e-19
1787278784.5278046,resting,fast,1787278739.9715214,-246.35866108614255,-184.7065749096115,1347.6736607302546,13.852993118219732,-18.47689958146055,2.9776523612542743e-19
1787278784.5389209,resting,fast,1787278739.9715214,-245.08455366700173,-185.6527455504753,1344.171720727215,13.923955916284616,-18.38134152502522,2.9725857308054475e-19
1787278784.5500283,resting,fast,1787278739.9715214,-245.59765419728546,-185.8996734378751,1344.662238607746,13.942475507839621,-18.41982406479616,2.9731993143767804e-19
1787278784.5611546,resting,fast,1787278739.9715214,-244.59842244380025,-185.06423981351134,1343.4783510191,13.879817986012316,-18.344881683284612,2.967313529934081e-19
1787278784.572148,resting,fast,1787278739.9715214,-245.96097034229797,-183.9446419553982,1346.0907683773903,13.795848146653729,-18.44707277567207,2.9697572468320227e-19
1787278784.5833418,resting,fast,1787278739.9715214,-245.75944008604483,-183.91024717144012,1343.515647498035,13.793268537856964,-18.43195800645345,2.9643235837682834e-19
1787278784.5943668,resting,fast,1787278739.9715214,-246.81643230337932,-185.82621247534905,1342.9973323061577,13.936965935650012,-18.511232422753068,2.9695245312849284e-19
1787278784.6054983,resting,fast,1787278739.9715214,-247.1337904968882,-186.77984352791134,1344.8383618506205,14.00848826459232,-18.535034287266683,2.9709848268558502e-19
1787278784.6167424,resting,fast,1787278739.9715214,-247.4696528846548,-186.50747296736483,1349.9580721882949,13.988060472551243,-18.560223966349042,2.97725635180701e-19
1787278784.6277227,resting,fast,1787278739.9715214,-247.35479682553296,-185.13788678909475,1353.3931049200028,13.885341509180964,-18.55160976191496,2.976237608818376e-19
1787278784.6385632,resting,fast,1787278739.9715214,-247.0968118571068,-185.1281133679687,1353.1080145788355,13.884608502596581,-18.53226088928288,2.976953542957228e-19
1787278784.6499066,resting,fast,1787278739.9715214,-245.95926897407344,-184.85581839438112,1348.3392211129058,13.86418637957738,-18.44694517305519,2.9710997588697737e-19
1787278784.661015,resting,fast,1787278739.9715214,-245.15655937916154,-185.60962517079054,1347.3359027587676,13.920721887808202,-18.386741953436662,2.9696820028915057e-19
1787278784.672078,resting,fast,1787278739.9715214,-245.82439799015128,-185.29801933286615,1347.2220907523579,13.89735144996401,-18.436829849261244,2.970563528827338e-19
1787278784.6829414,resting,fast,1787278739.9715214,-246.12849070811853,-185.36654329317173,1349.967631843895,13.902490746986818,-18.4596368031088,2.9731196896544476e-19
1787278784.6939738,resting,fast,1787278739.9715214,-246.72463298468983,-184.92025367861413,1343.816796250726,13.869019025894975,-18.504347473851716,2.9730418681350085e-19
1787278784.7049406,resting,fast,1787278739.9715214,-246.51440240557667,-185.37875622851595,1347.3523222419199,13.903406717137788,-18.488580180417877,2.973346654594698e-19
1787278784.717675,resting,fast,1787278739.9715214,-246.4061964987427,-186.15217483228196,1347.1984625220293,13.961413112420036,-18.48046473740539,2.9746221645056893e-19
1787278784.7271254,resting,fast,1787278739.9715214,-246.17733838247432,-186.28632876170502,1348.8531812652918,13.971474657126794,-18.46330037868544,2.978064810368055e-19
1787278784.738572,resting,fast,1787278739.9715214,-246.84105972600764,-186.47923109452006,1347.0162817187165,13.985942332087792,-18.513079479450518,2.9749426782700236e-19
1787278784.7507105,resting,fast,1787278739.9715214,-247.35223507573073,-186.08191073422734,1345.1194964793622,13.956143305065812,-18.55141763067938,2.974195929948699e-19
1787278784.7608578,resting,fast,1787278739.9715214,-247.77476356594934,-186.81739374232131,1347.3191905593458,14.011304530672835,-18.583107267445953,2.9713132300301193e-19
1787278784.7718728,resting,fast,1787278739.9715214,-246.5476954595647,-185.20799524075153,1343.8167394729617,13.8905996430552,-18.491077159467274,2.9696993766651646e-19
1787278784.7839992,resting,fast,1787278739.9715214,-246.05559221510475,-184.8927896159529,1343.7323936644307,13.866959221195575,-18.454169416132622,2.9702241742563927e-19
1787278784.7940292,resting,fast,1787278739.9715214,-246.92578329373146,-184.38845878988457,1342.7511656097531,13.829134409240229,-18.51943374702971,2.968141943669854e-19
1787278784.805231,resting,fast,1787278739.9715214,-247.63393767978187,-185.36089562373297,1343.7965298796216,13.902067171778757,-18.57254532598364,2.9691350315005746e-19
1787278784.8164198,resting,fast,1787278739.9715214,-247.7341736583835,-185.09344548282695,1344.0373584019862,13.882008411210894,-18.580063024378575,2.969437323747575e-19
1787278784.8274426,resting,fast,1787278739.9715214,-245.60603831558137,-184.49573771297457,1346.8060050694176,13.837180328472105,-18.420452873668303,2.973647485938727e-19
1787278784.8384564,resting,fast,1787278739.9715214,-246.08366642099963,-185.18886240201516,1351.1783764683887,13.889164680150177,-18.456274981574552,2.979883165563926e-19
1787278784.8496094,resting,fast,1787278739.9715214,-246.13848893835666,-185.05960359782023,1351.7683042100352,13.879470269835583,-18.460386670376387,2.9783238995986967e-19
1787278784.860702,resting,fast,1787278739.9715214,-246.69099025424612,-184.96551241610098,1352.0135980557325,13.872413431206557,-18.50182426906826,2.9781324960180604e-19
1787278784.8718219,resting,fast,1787278739.9715214,-245.23332017445364,-183.86695321820673,1347.917939850141,13.790021491364346,-18.39249901308385,2.9752646284923885e-19
1787278784.8830066,resting,fast,1787278739.9715214,-245.51068169516793,-184.58844419164677,1350.6051068126426,13.844133314372261,-18.413301127137466,2.9793649586167755e-19
1787278784.894047,resting,fast,1787278739.9715214,-245.07323739561025,-184.34689883878275,1348.3308885861034,13.826017412907493,-18.38049280467058,2.975194941028099e-19
1787278784.9049876,resting,fast,1787278739.9715214,-245.24873371616786,-184.44840054686426,1350.2183622816838,13.833630041013723,-18.39365502871233,2.9724880627716185e-19
1787278784.9162047,resting,fast,1787278739.9715214,-245.42396034832245,-184.2640577944013,1346.4085461247114,13.819804334578667,-18.406797026123996,2.9648097176448723e-19
1787278784.927194,resting,fast,1787278739.9715214,-247.34448258508155,-185.71416534714297,1350.0328992362784,13.928562401034558,-18.550836193880826,2.9704136862315164e-19
1787278784.938341,resting,fast,1787278739.9715214,-248.82022806771283,-187.41298048542433,1351.633834270283,14.055973536405904,-18.66151710507838,2.9730313389339787e-19
1787278784.949493,resting,fast,1787278739.9715214,-249.38606476401173,-187.18064495699412,1357.6356021547645,14.038548371773476,-18.703954857300943,2.983826353510789e-19
1787278784.960624,resting,fast,1787278739.9715214,-248.28537950667896,-186.52164284510843,1355.297981159637,13.989123213381891,-18.62140346300044,2.9811999152053744e-19
1787278784.9716847,resting,fast,1787278739.9715214,-246.87184834307345,-185.05072035176238,1351.0699745134343,13.878804026381008,-18.51538862573043,2.9790254738018245e-19
1787278784.9827802,resting,fast,1787278739.9715214,-245.5657234894593,-184.6784998640229,1346.9138611558,13.850887489800659,-18.417429261709202,2.969676837017924e-19
1787278784.9940224,resting,fast,1787278739.9715214,-245.8256900105066,-185.51499756703026,1347.497334054805,13.913624817526216,-18.43692675078779,2.974701914259211e-19
1787278785.005055,resting,fast,1787278739.9715214,-246.28266290778583,-185.89422371183684,1351.453941715742,13.942066778386508,-18.471199718083767,2.9786138523146176e-19
1787278785.0161788,resting,fast,1787278739.9715214,-245.87222423991216,-185.9086362186939,1351.090349539717,13.943147716400947,-18.440416817993366,2.9816601749635143e-19
1787278785.0271204,resting,fast,1787278739.9715214,-245.08728696970275,-184.84532337993835,1347.7196848751892,13.86339925349434,-18.381546522727533,2.972390739030585e-19
1787278785.038318,resting,fast,1787278739.9715214,-245.12305145275923,-185.29103670401275,1343.7176385634966,13.896827752799783,-18.384228858956646,2.967965592536129e-19
1787278785.0494468,resting,fast,1787278739.9715214,-245.6726384645558,-185.53530532251614,1343.1069474800324,13.915147899187634,-18.425447884841503,2.968958162072337e-19
1787278785.060801,resting,fast,1787278739.9715214,-245.69137676330638,-186.37569908094258,1342.6375488011554,13.9781774310696,-18.426853257247842,2.9712073725050923e-19
1787278785.0717711,resting,fast,1787278739.9715214,-245.61064372847568,-185.8230338934262,1345.386340251799,13.936727542005887,-18.42079827963562,2.9746003370870733e-19
1787278785.0828736,resting,fast,1787278739.9715214,-246.88994605750986,-185.90608853749188,1349.304706248363,13.942956640310772,-18.51674595431308,2.9764243306646386e-19
1787278785.0935178,resting,fast,1787278739.9715214,-248.04676407314446,-185.631989642426,1353.9611190458263,13.922399223180822,-18.603507305485678,2.9813604132530313e-19
1787278785.1048908,resting,fast,1787278739.9715214,-247.06690755321642,-184.33687218396165,1351.2748951908516,13.82526541379585,-18.530018066491046,2.975950218313916e-19
1787278785.1160572,resting,fast,1787278739.9715214,-245.53022264664605,-184.92048441847362,1346.662098912121,13.869036331384496,-18.414766698498404,2.970976093089674e-19
1787278785.1272519,resting,fast,1787278739.9715214,-245.28003982727978,-184.42571528719498,1341.392832410017,13.831928646538135,-18.396002987045776,2.965147055579097e-19
1787278785.1382272,resting,fast,1787278739.9715214,-245.59418326757668,-185.67870177778434,1340.9861773920302,13.925902633332644,-18.41956374506814,2.967438795252421e-19
1787278785.1493506,resting,fast,1787278739.9715214,-245.0482388649948,-184.95326658974466,1337.568890724834,13.871494994229767,-18.378617914874553,2.9699462653182417e-19
1787278785.1604695,resting,fast,1787278739.9715214,-243.71158544672699,-185.04448157812146,1340.2602313175312,13.878336118357982,-18.278368908504497,2.971813501175058e-19
1787278785.1713212,resting,fast,1787278739.9715214,-244.0547471329296,-185.46216042391927,1342.5307019401089,13.909662031792895,-18.30410603496962,2.9768117950449664e-19
1787278785.1826756,resting,fast,1787278739.9715214,-245.0673528205848,-186.71364759610026,1349.0736889416303,14.003523569706605,-18.380051461543744,2.9774964188466827e-19
1787278785.1942253,resting,fast,1787278739.9715214,-245.90274986509166,-186.1724820092694,1350.5305910785255,13.962936150693952,-18.442706239881616,2.9822640667791635e-19
1787278785.2048447,resting,fast,1787278739.9715214,-245.12674217796257,-185.54805463635182,1347.4849568033578,13.916104097725185,-18.384505663347113,2.975886876410685e-19
1787278785.216037,resting,fast,1787278739.9715214,-245.88005148517595,-185.49111365697456,1349.410348067223,13.91183352427186,-18.441003861387884,2.9794331981865504e-19
1787278785.226835,resting,fast,1787278739.9715214,-246.27139086089437,-185.72460929321676,1347.6257224041155,13.929345696990215,-18.47035431456684,2.9759698697798875e-19
1787278785.2381802,resting,fast,1787278739.9715214,-248.17014198417246,-186.22242600926745,1352.282248422448,13.966681950693772,-18.61276064881298,2.9824529872605257e-19
1787278785.2492797,resting,fast,1787278739.9715214,-248.35042481477058,-186.7703939178283,1349.8881511331883,14.007779543835941,-18.62628186110763,2.98037946503599e-19
1787278785.2603636,resting,fast,1787278739.9715214,-247.80758439312058,-186.93272001571893,1348.9575000167724,14.019954001177641,-18.585568829484032,2.977554787504835e-19
1787278785.2715814,resting,fast,1787278739.9715214,-247.2727048665961,-186.71640148360063,1347.001586959871,14.003730111268826,-18.54545286499468,2.973700370322883e-19
1787278785.2827044,resting,fast,1787278739.9715214,-247.25952701047254,-185.79618411817535,1347.4784003190134,13.934713808861705,-18.544464525785315,2.9737435291346587e-19
1787278785.2935948,resting,fast,1787278739.9715214,-248.52063032948763,-186.36990432215714,1351.3627778681102,13.977742824160575,-18.6390472747114,2.978312490060503e-19
1787278785.3045604,resting,fast,1787278739.9715214,-248.19641660813932,-185.56013689116332,1351.3197536179769,13.91701026683609,-18.614731245610194,2.9790944117835795e-19
1787278785.315654,resting,fast,1787278739.9715214,-247.01097554396665,-185.20197802785572,1352.1565302880472,13.890148352088094,-18.52582316579729,2.9787472421997494e-19
1787278785.3269618,resting,fast,1787278739.9715214,-246.72362306570312,-184.37689278672963,1353.9971742743792,13.828266959003617,-18.504271729927446,2.9780007978980105e-19
1787278785.338145,resting,fast,1787278739.9715214,-246.53776288803647,-185.3320256501787,1351.303936209947,13.899901923762474,-18.49033221660236,2.974301963686923e-19
1787278785.3491197,resting,fast,1787278739.9715214,-247.70269600192796,-186.29526903382805,1355.6740043585041,13.972145177535868,-18.577702200144543,2.976702828005058e-19
1787278785.3601847,resting,fast,1787278739.9715214,-248.30091313446292,-187.8199259545628,1357.1599241709619,14.086494446591121,-18.6225684850845,2.977616614195809e-19
1787278785.371127,resting,fast,1787278739.9715214,-248.8227837578902,-186.1971045977392,1361.204779529041,13.964782844829163,-18.661708781841675,2.981237241627871e-19
1787278785.3823285,resting,fast,1787278739.9715214,-246.8734284712814,-184.56293273838844,1353.6111334065472,13.842219955378003,-18.515507135345956,2.9773095827144293e-19
1787278785.393337,resting,fast,1787278739.9715214,-246.7291570121647,-183.47253686408396,1351.5616855762264,13.760440264805144,-18.504686775912134,2.9795028874368164e-19
1787278785.4046633,resting,fast,1787278739.9715214,-246.9154002689661,-185.8173946830126,1350.324300887568,13.936304601224737,-18.518655020171998,2.9782997392533393e-19
1787278785.4157565,resting,fast,1787278739.9715214,-247.42617047001704,-187.52662279735762,1351.275015872211,14.064496709800597,-18.55696278525111,2.980695487966869e-19
1787278785.426836,resting,fast,1787278739.9715214,-245.86519465542415,-185.7882280544651,1345.777093409154,13.934117104083587,-18.43988959915673,2.97159203828521e-19
1787278785.4380262,resting,fast,1787278739.9715214,-245.35399519882822,-184.7792078561232,1346.0872286421281,13.858440589208247,-18.401549639912083,2.971831511936362e-19
1787278785.4490602,resting,fast,1787278739.9715214,-245.7024513244328,-184.16909824517995,1346.415930721946,13.812682368387375,-18.427683849332347,2.9706908426773877e-19
1787278785.4601605,resting,fast,1787278739.9715214,-246.21140327802414,-185.0254240298235,1350.4755903052655,13.876906802235897,-18.465855245851785,2.9763680464204376e-19
1787278785.4712508,resting,fast,1787278739.9715214,-246.02434488999324,-184.66888648602924,1350.2745503578017,13.850166486450906,-18.451825866749374,2.9761011507594736e-19
1787278785.482303,resting,fast,1787278739.9715214,-246.61023050988433,-183.68982147834333,1352.1805025471685,13.776736610874881,-18.49576728824134,2.976225554865916e-19
1787278785.493386,resting,fast,1787278739.9715214,-247.86887955610518,-185.1977241564549,1352.9224832824048,13.889829311733042,-18.590165966707687,2.9757686021119474e-19
1787278785.5045223,resting,fast,1787278739.9715214,-249.0318904974888,-186.09296789280017,1355.2556640028079,13.956972591958777,-18.677391787311564,2.9774430321812585e-19
1787278785.5156386,resting,fast,1787278739.9715214,-249.80381489918864,-186.83466690980424,1355.2419022161093,14.012600018234284,-18.73528611743896,2.9776982344139085e-19
1787278785.5267816,resting,fast,1787278739.9715214,-249.53658894771024,-187.33280800488762,1356.1461387065801,14.049960600365555,-18.715244171078098,2.9795810793953853e-19
1787278785.5379965,resting,fast,1787278739.9715214,-248.59121222505883,-187.31942504105007,1353.3816044509522,14.048956878077721,-18.644340916879294,2.978567602304298e-19
1787278785.5489028,resting,fast,1787278739.9715214,-248.16518269184644,-186.0357686768881,1349.6663811288608,13.952682650765443,-18.61238870188817,2.9727184346897444e-19
1787278785.560013,resting,fast,1787278739.9715214,-248.03605148156703,-183.89809701111528,1349.6040023439173,13.792357275832462,-18.60270386111732,2.9676536424210487e-19
1787278785.5711815,resting,fast,1787278739.9715214,-247.5925557271671,-182.37915678242405,1351.2464806987473,13.678436758680494,-18.569441679537483,2.966069517306588e-19
1787278785.5822177,resting,fast,1787278739.9715214,-246.69418835871375,-182.9364270225816,1354.044748761361,13.720232026692546,-18.502064126903235,2.9684250430657974e-19
1787278785.5935524,resting,fast,1787278739.9715214,-248.10840385889924,-185.2730184958076,1357.7616045283949,13.895476387184406,-18.60813028941741,2.975787405812901e-19
1787278785.604481,resting,fast,1787278739.9715214,-247.48452161431533,-185.1225780180706,1353.7958109720612,13.88419335135423,-18.5613391210735,2.97356681986569e-19
1787278785.6155467,resting,fast,1787278739.9715214,-247.90995780299227,-185.769707833187,1352.1469406291171,13.93272808748792,-18.593246835224214,2.9733197141691656e-19
1787278785.6265802,resting,fast,1787278739.9715214,-246.0404666573918,-184.9805521339705,1346.7468871645624,13.873541410046716,-18.45303499930418,2.9664524522448904e-19
1787278785.637855,resting,fast,1787278739.9715214,-247.5130497952673,-186.42124350503707,1351.746933725316,13.981593262876732,-18.563478734644953,2.974692442902617e-19
1787278785.6488006,resting,fast,1787278739.9715214,-248.48203012455588,-186.7499027692362,1355.847246927341,14.006242707691516,-18.63615225934133,2.9805993798077604e-19
1787278785.6598847,resting,fast,1787278739.9715214,-248.77348189853865,-185.6015298119811,1356.9729445850653,13.92011473589763,-18.65801114239045,2.983018973005414e-19
1787278785.6711724,resting,fast,1787278739.9715214,-247.88247173924583,-185.26286402717835,1351.573869353867,13.894714802036933,-18.591185380443342,2.977789705972065e-19
1787278785.6821487,resting,fast,1787278739.9715214,-247.95214721931688,-184.5877732442076,1351.9937915483997,13.844082993314561,-18.59641104144859,2.9780169667253113e-19
1787278785.693217,resting,fast,1787278739.9715214,-247.86707107147186,-186.79264511547478,1347.6189689595421,14.00944838365955,-18.59003033036018,2.9763945864664913e-19
1787278785.7044115,resting,fast,1787278739.9715214,-247.82102800788152,-186.30468302629117,1350.0003758808043,13.97285122697065,-18.58657710059103,2.9738672008965774e-19
1787278785.715434,resting,fast,1787278739.9715214,-247.15926893784172,-186.2813160601064,1348.2010106867974,13.971098704506861,-18.536945170338136,2.972439755045519e-19
1787278785.726569,resting,fast,1787278739.9715214,-247.67996094526143,-182.54562126772964,1353.9634867541217,13.690921595078553,-18.575997070894715,2.9753707938084266e-19
1787278785.7377863,resting,fast,1787278739.9715214,-247.2921691407878,-182.11495890107528,1352.435419335462,13.658621917579357,-18.546912685558773,2.9753904995500257e-19
1787278785.7487483,resting,fast,1787278739.9715214,-247.78882352536357,-182.56455308454827,1353.5538396199527,13.692341481340154,-18.58416176440211,2.9741404982543753e-19
1787278785.7599778,resting,fast,1787278739.9715214,-246.97816258897956,-185.28963081005224,1351.9463808828996,13.896722310752896,-18.52336219417336,2.9720206047551685e-19
1787278785.771028,resting,fast,1787278739.9715214,-247.111942061611,-184.77217191597595,1350.9205733766676,13.857912893696994,-18.53339565462054,2.973700558740941e-19
1787278785.7817132,resting,fast,1787278739.9715214,-245.94938908522408,-184.59311234360587,1349.902938186734,13.844483425769415,-18.446204181391593,2.971745441062534e-19
1787278785.7928343,resting,fast,1787278739.9715214,-245.8974328318659,-184.31743404527504,1346.531247917971,13.823807553394577,-18.442307462390097,2.968661580521679e-19
1787278785.8041298,resting,fast,1787278739.9715214,-245.69475856001418,-184.59790033660659,1348.7055950933582,13.844842525244221,-18.427106892000857,2.9693414978722224e-19
1787278785.8150766,resting,fast,1787278739.9715214,-246.82341562877764,-185.809254830206,1349.2367771397885,13.935694112264319,-18.511756172158158,2.9680872592849457e-19
1787278785.8261912,resting,fast,1787278739.9715214,-247.85218919892986,-186.83538168201483,1354.8579362895207,14.012653626149916,-18.588914189919713,2.975380730512376e-19
1787278785.8376656,resting,fast,1787278739.9715214,-248.78380159405833,-188.54086880944521,1355.8137244208237,14.14056516070723,-18.65878511955433,2.9803341343316536e-19
1787278785.8484442,resting,fast,1787278739.9715214,-247.99100121550555,-186.12309155770993,1354.0445992173982,13.959231866827086,-18.599325091162783,2.980271612615944e-19
1787278785.8595788,resting,fast,1787278739.9715214,-247.34495736297822,-185.95866578674384,1351.1630403286135,13.946899934004453,-18.550871802223227,2.977721931930089e-19
1787278785.87067,resting,fast,1787278739.9715214,-248.16535275797332,-185.2157500994466,1353.555355089763,13.891181257457408,-18.61240145684762,2.9727521143996636e-19
1787278785.8819358,resting,fast,1787278739.9715214,-248.52545470938048,-186.7026157623642,1354.805150886331,14.002696182176255,-18.639409103203576,2.9756193862205454e-19
1787278785.8929195,resting,fast,1787278739.9715214,-248.0346396730679,-185.33953386316819,1353.6774603859367,13.900465039736492,-18.602597975479924,2.9739266873560067e-19
1787278785.9039547,resting,fast,1787278739.9715214,-248.3300254093815,-187.179054550077,1352.5169287009548,14.03842909125466,-18.624751905703278,2.977243356323027e-19
1787278785.9150167,resting,fast,1787278739.9715214,-248.53825577239104,-187.5254332748667,1355.2378202425616,14.064407495613825,-18.64036918292905,2.9771222007730616e-19
1787278785.926157,resting,fast,1787278739.9715214,-249.19141292426002,-187.0081732078039,1361.475257873003,14.02561299058397,-18.689355969319138,2.981922840109096e-19
1787278785.9375505,resting,fast,1787278739.9715214,-247.67676319505927,-184.8222752234734,1358.2521677411196,13.86167064175942,-18.575757239629198,2.978809149549962e-19
1787278785.9483159,resting,fast,1787278739.9715214,-248.3927802385938,-185.22644803649075,1357.0783258413567,13.891983602735511,-18.62945851789445,2.9802448850223565e-19
1787278785.959507,resting,fast,1787278739.9715214,-247.89093675899903,-187.20771826387124,1348.5599266734362,14.040578869789218,-18.591820256924883,2.9743400278243607e-19
1787278785.9706037,resting,fast,1787278739.9715214,-248.2322130503021,-186.33639203111363,1351.2003922951217,13.975229402332378,-18.617415978772385,2.9750276973627445e-19
1787278785.9817305,resting,fast,1787278739.9715214,-247.18350087424687,-184.16326740205056,1349.6308835116388,13.812245055152818,-18.53876256556849,2.9706849071170144e-19
1787278785.9924831,resting,fast,1787278739.9715214,-247.91745345875051,-184.0588685093827,1354.1713546850615,13.804415138202362,-18.593809009405888,2.974594714396787e-19
1787278786.0039077,resting,fast,1787278739.9715214,-247.02948362885627,-184.73746234359794,1350.7000826254034,13.85530967576884,-18.527211272163882,2.973085275931579e-19
1787278786.0149565,resting,fast,1787278739.9715214,-247.3971562239526,-184.9123903516553,1348.6208253830946,13.868429276372954,-18.554786716796215,2.9751712934314485e-19
1787278786.026155,resting,fast,1787278739.9715214,-246.50652243509694,-182.68372602313082,1348.026467423625,13.701279451733416,-18.487989182632084,2.9727486406801496e-19
1787278786.0372453,resting,fast,1787278739.9715214,-248.61497982695573,-184.47951342610293,1351.5526523583385,13.835963506956734,-18.646123487021526,2.974736202904697e-19
1787278786.0482917,resting,fast,1787278739.9715214,-247.54155229190883,-185.80940116794466,1350.275223356045,13.935705087594616,-18.565616421892912,2.9733203562259934e-19
1787278786.0593288,resting,fast,1787278739.9715214,-248.34628548545834,-187.04852739753312,1351.5565215069719,14.028639554813711,-18.625971411408997,2.974193544730356e-19
1787278786.0706503,resting,fast,1787278739.9715214,-246.64962732707272,-186.0947572964152,1349.601704259453,13.957106797229745,-18.498722049530286,2.9680932386110293e-19
1787278786.0817375,resting,fast,1787278739.9715214,-247.33427655296828,-186.56722348341452,1349.9845340423935,13.992541761254774,-18.55007074147239,2.9699032743301835e-19
1787278786.0926368,resting,fast,1787278739.9715214,-247.0476366067719,-185.6721910255486,1349.0521543137538,13.925414326914993,-18.528572745507716,2.971947234130443e-19
1787278786.1039677,resting,fast,1787278739.9715214,-247.34497158098702,-185.9801266841058,1351.3627792005927,13.948509501306663,-18.550872868573556,2.9774832740777395e-19
1787278786.1147757,resting,fast,1787278739.9715214,-247.7462637966205,-186.4579646434221,1355.14745833476,13.984347348255529,-18.580969784746323,2.9826646309846482e-19
1787278786.125915,resting,fast,1787278739.9715214,-247.63885335888835,-187.79452543729133,1353.4422215344684,14.084589407795608,-18.572914001916466,2.9838198746264886e-19
1787278786.1389332,resting,fast,1787278739.9715214,-248.23718313036397,-186.1498982849381,1354.2076869932707,13.961242371369057,-18.617788734777157,2.985225249107134e-19
1787278786.148005,resting,fast,1787278739.9715214,-248.08736888776684,-184.63849849584346,1352.5728315579026,13.847887387186947,-18.60655266658229,2.981299888482674e-19
1787278786.159328,resting,fast,1787278739.9715214,-246.73877983652028,-184.13800716949152,1345.6225679223162,13.81035053771048,-18.505408487738833,2.9726050618646425e-19
1787278786.1727443,resting,fast,1787278739.9715214,-246.26924184437894,-184.27567672076896,1343.9785354843198,13.820675754056442,-18.470193138328177,2.9720849373140323e-19
1787278786.181569,resting,fast,1787278739.9715214,-246.08310697137813,-183.80115317092816,1341.1776404033526,13.78508648781835,-18.456233022853198,2.969006892910581e-19
1787278786.1927366,resting,fast,1787278739.9715214,-246.4125172699264,-182.69214730439978,1349.4291304911594,13.701911047828862,-18.480938795244214,2.9769628673270626e-19
1787278786.206905,resting,fast,1787278739.9715214,-246.3701680485633,-182.75349446887583,1346.8649080568002,13.706512085164352,-18.477762603642248,2.9717523136996677e-19
1787278786.2147758,resting,fast,1787278739.9715214,-246.41031162464742,-182.75939127414824,1348.051428532256,13.706954345559868,-18.480773371848358,2.9773482586067447e-19
1787278786.2259712,resting,fast,1787278739.9715214,-246.3666076076538,-183.80645071155107,1342.6523691407592,13.785483803365242,-18.477495570573844,2.973114258108448e-19
1787278786.2395754,resting,fast,1787278739.9715214,-246.73677475300383,-185.23456822362243,1346.3235002438623,13.892592616770518,-18.50525810647526,2.9799400940854788e-19
1787278786.248096,resting,fast,1787278739.9715214,-246.2316294254092,-186.14143539089434,1346.7913139333314,13.960607654315982,-18.46737220690546,2.973891366028283e-19
1787278786.2591279,resting,fast,1787278739.9715214,-248.04820997504294,-186.15863766089421,1352.51871325298,13.961897824566012,-18.603615748128085,2.9772476579708235e-19
1787278786.2727082,resting,fast,1787278739.9715214,-247.6118424022875,-185.43474435947917,1351.911504547098,13.907605826959784,-18.570888180171387,2.9773023146292893e-19
1787278786.2813556,resting,fast,1787278739.9715214,-247.78994840403402,-184.5614237093024,1353.4387745534486,13.84210677819664,-18.58424613030227,2.9785354276212277e-19
1787278786.2924705,resting,fast,1787278739.9715214,-246.22943972819985,-184.35712782099506,1352.719039681585,13.8267845865734,-18.46720797961482,2.98027726974065e-19
1787278786.3054838,resting,fast,1787278739.9715214,-246.19527941063052,-184.02269105558878,1352.2700655473118,13.801701829167957,-18.464645955796932,2.9812674307411885e-19
1787278786.3146832,resting,fast,1787278739.9715214,-245.86750398916547,-184.60595654276005,1349.115129966186,13.845446740705842,-18.440062799187245,2.984664987290871e-19
1787278786.3258786,resting,fast,1787278739.9715214,-246.3889524383244,-184.6716166866612,1350.3247539561244,13.850371251498547,-18.479171432874104,2.985928269407285e-19
1787278786.338734,resting,fast,1787278739.9715214,-245.69214078414416,-183.3087364972074,1349.4230352419117,13.748155237289243,-18.42691055881059,2.981184165344107e-19
1787278786.3479393,resting,fast,1787278739.9715214,-245.45755786621385,-181.77258645016207,1349.615186641403,13.632943983760928,-18.40931683996589,2.978894102654792e-19
1787278786.3590844,resting,fast,1787278739.9715214,-244.47824043836272,-181.64981996702988,1342.9380593369888,13.623736497525972,-18.33586803287693,2.975094384521671e-19
1787278786.371031,resting,fast,1787278739.9715214,-244.92553897437801,-181.60391284666582,1345.6826869416645,13.620293463498658,-18.36941542307806,2.9766549090591042e-19
1787278786.3812683,resting,fast,1787278739.9715214,-244.99183052825492,-185.3825012608428,1345.6504189058187,13.90368759456236,-18.3743872896189,2.9785163671634137e-19
1787278786.3924205,resting,fast,1787278739.9715214,-245.15103409778794,-184.10770433174082,1347.7065644075146,13.808077824879522,-18.3863275573339,2.976349765944668e-19
1787278786.4045079,resting,fast,1787278739.9715214,-246.30060623710915,-186.68375686489492,1348.8315698465403,14.001281764865698,-18.47254546778315,2.9809898195062606e-19
1787278786.414412,resting,fast,1787278739.9715214,-246.56273921685215,-183.30841364563764,1349.3060280574327,13.748131023421625,-18.492205441263877,2.9825630199669206e-19
1787278786.4257348,resting,fast,1787278739.9715214,-246.86248789567935,-184.90098583310998,1350.4104458079082,13.867573937481982,-18.514686592175707,2.9837376935404826e-19
1787278786.4385047,resting,fast,1787278739.9715214,-245.2633547122973,-183.4910404074525,1347.0327675622748,13.76182803055801,-18.394751603421987,2.981596505178004e-19
1787278786.44792,resting,fast,1787278739.9715214,-244.82112235803788,-184.79964105268198,1347.1070875516316,13.859973078949796,-18.36158417685268,2.979135748457974e-19
1787278786.4590862,resting,fast,1787278739.9715214,-245.6388497209441,-183.00204092938077,1348.5655137187032,13.725153069702205,-18.422913729070565,2.9819045878969783e-19
1787278786.4728012,resting,fast,1787278739.9715214,-245.14118533860847,-182.97684765052998,1346.8560059097426,13.723263573788518,-18.385588900395398,2.9802588099516835e-19
1787278786.4811351,resting,fast,1787278739.9715214,-244.9516585462493,-182.5292621147529,1344.6413078436317,13.689694658605209,-18.371374390968576,2.9769658592282314e-19
1787278786.4923625,resting,fast,1787278739.9715214,-243.91820024694653,-184.58686580349797,1344.4191005626262,13.844014935261445,-18.293865018520904,2.9755158595883217e-19
1787278786.5055532,resting,fast,1787278739.9715214,-244.40912074476228,-185.55248391720613,1344.007116901431,13.916436293789207,-18.3306840558569,2.9757015026392204e-19
1787278786.514427,resting,fast,1787278739.9715214,-244.7632868552696,-185.11416821321598,1347.9108001988889,13.883562615989991,-18.35724651414518,2.9778578774324847e-19
1787278786.5255322,resting,fast,1787278739.9715214,-245.89899950275185,-183.59325000698811,1349.3624738535027,13.769493750523043,-18.442424962706305,2.977106709416698e-19
1787278786.5393662,resting,fast,1787278739.9715214,-247.1599178500178,-183.1619718355165,1353.078687623466,13.73714788766252,-18.536993838751314,2.9774142613313475e-19
1787278786.547631,resting,fast,1787278739.9715214,-247.6732845321735,-183.81598251146067,1350.8447457675493,13.786198688358443,-18.57549633991296,2.978730156267803e-19
1787278786.5588577,resting,fast,1787278739.9715214,-246.87292409062547,-183.78853519444294,1350.125432814818,13.78414013958211,-18.51546930679673,2.98018176722501e-19
1787278786.5721898,resting,fast,1787278739.9715214,-246.43676112329604,-182.7193474850584,1345.8476061914744,13.703951061378124,-18.48275708424704,2.974819713367784e-19
1787278786.58104,resting,fast,1787278739.9715214,-246.90620578628977,-182.559730505527,1348.691911549865,13.691979787913386,-18.517965433971632,2.9789728749483516e-19
1787278786.5921116,resting,fast,1787278739.9715214,-248.0730337027021,-182.8805980058495,1351.0446176866562,13.716044850437502,-18.605477527702277,2.980089146501844e-19
1787278786.6050818,resting,fast,1787278739.9715214,-249.33706002283589,-183.8597973861448,1357.8883733920493,13.78948480395957,-18.700279501712494,2.991152057045077e-19
1787278786.6143208,resting,fast,1787278739.9715214,-247.87572863659398,-184.1587121003671,1354.3765071489534,13.811903407526192,-18.590679647744565,2.988836595905857e-19
1787278786.6256921,resting,fast,1787278739.9715214,-246.31045368484365,-184.43312935465644,1351.428169407157,13.832484701598023,-18.473284026363103,2.988977489320379e-19
1787278786.6388528,resting,fast,1787278739.9715214,-243.48389725278093,-184.31170041044686,1345.039667617445,13.823377530782299,-18.26129229395832,2.980907426128429e-19
1787278786.6478043,resting,fast,1787278739.9715214,-245.0979478583472,-185.6727379426169,1349.312925310379,13.92545534569506,-18.382346089375737,2.9815719744637457e-19
1787278786.6589553,resting,fast,1787278739.9715214,-244.7783130056664,-184.24266813417114,1346.0794599055544,13.818200110061643,-18.358373475424642,2.9777474979225077e-19
1787278786.6724164,resting,fast,1787278739.9715214,-244.95608515697268,-183.88426045927997,1346.4231255658515,13.791319534444941,-18.371706386772793,2.9776016922716317e-19
1787278786.680535,resting,fast,1787278739.9715214,-242.91249451550584,-180.61115109014224,1343.887605823772,13.54583633175935,-18.21843708866266,2.975244593436431e-19
1787278786.692001,resting,fast,1787278739.9715214,-243.13356121706465,-182.74996679517187,1346.4965662488003,13.7062475096368,-18.235017091279822,2.979058845281769e-19
1787278786.703242,resting,fast,1787278739.9715214,-244.53017530317584,-182.8207647530163,1349.7750428422141,13.711557356475101,-18.339763147738047,2.980575344028095e-19
1787278786.714221,resting,fast,1787278739.9715214,-245.4451726823304,-183.26047024487468,1351.550797932262,13.744535268364618,-18.408387951174618,2.9824867963209383e-19
1787278786.725356,resting,fast,1787278739.9715214,-245.5624522869989,-181.83017355747972,1353.3677174786853,13.637263016809957,-18.41718392152456,2.9810082397948547e-19
1787278786.7366183,resting,fast,1787278739.9715214,-245.0778137535949,-181.94453232770104,1352.2464859262282,13.645839924576482,-18.380836031519443,2.9826920653658404e-19
1787278786.7475188,resting,fast,1787278739.9715214,-245.222780655738,-182.89632654831064,1351.9637759675197,13.717224491122156,-18.39170854918018,2.97952407411508e-19
1787278786.7586656,resting,fast,1787278739.9715214,-245.51956301142627,-184.27458698775297,1350.1175296091942,13.820594024080481,-18.413967225856915,2.9786638918482573e-19
1787278786.7699194,resting,fast,1787278739.9715214,-245.10207103658695,-184.46788847749656,1351.1311928890782,13.835091635811214,-18.382655327743684,2.984004375223396e-19
1787278786.7808096,resting,fast,1787278739.9715214,-245.19011106060998,-184.54828816191537,1351.2989760110204,13.841121612142391,-18.389258329545704,2.987255606687859e-19
1787278786.7919314,resting,fast,1787278739.9715214,-245.93423733751342,-183.8521153990722,1356.7207741886223,13.78890865492912,-18.445067800313133,2.9895497774482497e-19
1787278786.803089,resting,fast,1787278739.9715214,-247.8179992496739,-184.39298209096967,1358.2078158723698,13.829473656821765,-18.586349943725345,2.9914564065192296e-19
1787278786.8141332,resting,fast,1787278739.9715214,-248.0449255657736,-184.29674473140233,1355.2759024047236,13.82225585485401,-18.60336941743276,2.9893947779163437e-19
1787278786.825339,resting,fast,1787278739.9715214,-245.87105721259059,-184.36537534016736,1348.6888235468878,13.827403150511504,-18.44032929094424,2.986222227943993e-19
1787278786.8364186,resting,fast,1787278739.9715214,-243.69453155139445,-182.54230879868612,1342.6570296272685,13.690673159900403,-18.277089866354295,2.9771245299587745e-19
1787278786.847532,resting,fast,1787278739.9715214,-244.9025475098947,-182.67657213087193,1349.6465891807884,13.700742909814299,-18.367691063241992,2.980607279112276e-19
1787278786.858618,resting,fast,1787278739.9715214,-246.9787634998488,-182.7036780503139,1351.4415035505835,13.702775853772383,-18.52340726248832,2.985677022708028e-19
1787278786.869701,resting,fast,1787278739.9715214,-248.0004822138385,-183.4551134785812,1356.2140959086673,13.759133510892358,-18.600036166037548,2.99025146858828e-19
1787278786.8808556,resting,fast,1787278739.9715214,-246.74098967608143,-184.21075472299583,1354.7565273866885,13.815806604223656,-18.505574225705985,2.9909819874044594e-19
1787278786.8919582,resting,fast,1787278739.9715214,-246.1377611030207,-184.5401460277293,1355.827607620903,13.840510952078478,-18.46033208272633,2.98904432463299e-19
1787278786.9031148,resting,fast,1787278739.9715214,-246.38171053718952,-185.3092531477463,1356.0376873249506,13.898193986079722,-18.478628290289038,2.988654405970618e-19
1787278786.9141006,resting,fast,1787278739.9715214,-246.5119647629458,-184.15982958065536,1353.2580931105394,13.811987218548186,-18.48839735722074,2.9870766677668006e-19
1787278786.9252086,resting,fast,1787278739.9715214,-246.8286240567263,-182.77430152807017,1351.001386503377,13.708072614603939,-18.512146804254364,2.9836701932361493e-19
1787278786.9390562,resting,fast,1787278739.9715214,-246.2822676628116,-181.60603020206906,1347.591695335478,13.620452265153862,-18.471170074710727,2.981771475762214e-19
1787278786.9473145,resting,fast,1787278739.9715214,-244.88750566033514,-181.441694482559,1345.5021793846126,13.608127086190752,-18.366562924524914,2.976177408883652e-19
1787278786.9584408,resting,fast,1787278739.9715214,-244.52145856432662,-182.9795119677898,1347.183733599638,13.72346339758285,-18.33910939232434,2.9807470378165605e-19
1787278786.9720337,resting,fast,1787278739.9715214,-244.8935542143031,-183.17781998946373,1347.333576729593,13.73833649920876,-18.367016566072465,2.978647506918328e-19
1787278786.9806287,resting,fast,1787278739.9715214,-246.1696818122614,-184.7863530235444,1350.5419148564642,13.8589764767645,-18.46272613591954,2.981487788899407e-19
1787278786.9915764,resting,fast,1787278739.9715214,-246.655078779439,-183.56535495583546,1349.901554106228,13.76740162168645,-18.499130908457836,2.980443203850219e-19
1787278787.005665,resting,fast,1787278739.9715214,-246.5695222348636,-183.16342491010016,1351.3211188563992,13.737256868256328,-18.49271416761448,2.981551243277981e-19
1787278787.0138874,resting,fast,1787278739.9715214,-244.61847794535197,-180.9211641082876,1344.7141583980365,13.569087308120235,-18.346385845901267,2.976883603269178e-19
1787278787.0249908,resting,fast,1787278739.9715214,-243.8069139352997,-181.80224868420112,1345.7644858461235,13.635168651314093,-18.285518545147198,2.9758718144883775e-19
1787278787.036262,resting,fast,1787278739.9715214,-244.600096677073,-181.91255644202272,1344.0469631973237,13.643441733150443,-18.34500725078024,2.9732367112461525e-19
1787278787.0471673,resting,fast,1787278739.9715214,-246.14099961667807,-182.4174657061709,1350.3022022612995,13.681309927961568,-18.460574971250537,2.979580233327287e-19
1787278787.0581503,resting,fast,1787278739.9715214,-246.40731375772475,-182.48467968748025,1351.5572863991283,13.68635097655984,-18.480548531829164,2.982236396988904e-19
1787278787.071136,resting,fast,1787278739.9715214,-245.61555759450175,-182.89929319613896,1352.4083775329173,13.71744698970932,-18.42116681958747,2.9840046766235475e-19
1787278787.0805721,resting,fast,1787278739.9715214,-243.99984597899993,-183.124776791729,1349.1819737335654,13.7343582593784,-18.299988448424998,2.986038398331915e-19
1787278787.0916152,resting,fast,1787278739.9715214,-244.13098465159192,-182.13344152281218,1348.022331109848,13.660008114209905,-18.309823848869172,2.9813272500127214e-19
1787278787.1058195,resting,fast,1787278739.9715214,-243.45123174759237,-181.97711941824116,1348.7267000866914,13.648283956366885,-18.25884238106923,2.982920337560958e-19
1787278787.1136222,resting,fast,1787278739.9715214,-245.16230467946434,-183.9941349861839,1348.5314608711114,13.799560123962866,-18.387172850959793,2.978794052541065e-19
1787278787.1250305,resting,fast,1787278739.9715214,-245.39338998209178,-184.8912256386851,1348.1638567900272,13.866841922900225,-18.404504248656636,2.985911028971973e-19
1787278787.1386538,resting,fast,1787278739.9715214,-246.55667384982962,-186.3891898756002,1353.3053786934843,13.979189240668735,-18.491750538737193,2.9884595453479423e-19
1787278787.1468868,resting,fast,1787278739.9715214,-246.32349957264842,-185.08427012685218,1353.9798666037013,13.881320259512638,-18.474262467948563,2.9867513364688793e-19
1787278787.1581988,resting,fast,1787278739.9715214,-245.78341753335053,-183.57963637538262,1354.522494006108,13.768472728152577,-18.433756315001155,2.9799967239401483e-19
1787278787.1718113,resting,fast,1787278739.9715214,-245.09288075229915,-183.00151186406504,1350.1552098764578,13.725113389803798,-18.381966056422243,2.9756480636949324e-19
1787278787.1802447,resting,fast,1787278739.9715214,-244.35775017360675,-181.23828939949078,1348.568936007715,13.592871704960519,-18.326831263020175,2.9772544238805273e-19
1787278787.1914976,resting,fast,1787278739.9715214,-244.94912063399488,-182.48560632498595,1356.0770429923332,13.686420474372856,-18.371184047549555,2.984932983000331e-19
1787278787.2049265,resting,fast,1787278739.9715214,-245.94610835640606,-182.41060017342363,1359.7927982703686,13.68079501300571,-18.445958126730297,2.9901542709612796e-19
1787278787.213819,resting,fast,1787278739.9715214,-246.80535209233813,-183.62571806399058,1359.955283008053,13.771928854798237,-18.51040140692521,2.9901043471713226e-19
1787278787.2249424,resting,fast,1787278739.9715214,-246.0804636275975,-182.9072730710326,1352.9201799389275,13.71804548032603,-18.456034772069714,2.986597075609735e-19
1787278787.2382295,resting,fast,1787278739.9715214,-245.61808782438902,-181.91566436171877,1349.790522693177,13.643674827127871,-18.42135658682897,2.982081598424868e-19
1787278787.2471218,resting,fast,1787278739.9715214,-244.82153580762997,-180.97891288076096,1349.559740548556,13.573418466056058,-18.36161518557202,2.9803527492725966e-19
1787278787.258346,resting,fast,1787278739.9715214,-244.9406880706406,-182.36258072919202,1348.0684227158717,13.677193554688078,-18.3705516052978,2.9789175358908827e-19
1787278787.2715354,resting,fast,1787278739.9715214,-244.3707742939364,-183.8887198168535,1346.6283887876862,13.79165398626279,-18.327808072045137,2.979226214012773e-19
1787278787.280422,resting,fast,1787278739.9715214,-243.9584572654262,-182.94175462859982,1344.264592383567,13.720631597143896,-18.296884294906768,2.9785070290617217e-19
1787278787.2914774,resting,fast,1787278739.9715214,-243.69760634064232,-181.25902307035346,1345.6369987395747,13.594426730275291,-18.277320475548045,2.9789474912459323e-19
1787278787.3041558,resting,fast,1787278739.9715214,-244.05033768961994,-180.44656952335106,1347.5144982854517,13.53349271425029,-18.303775326721272,2.9836035283864516e-19
1787278787.3136961,resting,fast,1787278739.9715214,-245.2594946937993,-182.12497376219346,1349.7640575480827,13.659373032163362,-18.394462102034723,2.9876277656393956e-19
1787278787.3248982,resting,fast,1787278739.9715214,-245.73602304552105,-183.0984143877048,1347.5561944241572,13.73238107907655,-18.43020172841404,2.987028087201877e-19
1787278787.3369257,resting,fast,1787278739.9715214,-245.8414301781636,-183.87243971419468,1349.1583997444004,13.79043297856352,-18.4381072633622,2.985772563061574e-19
1787278787.3470693,resting,fast,1787278739.9715214,-245.0533771179512,-183.2055614512616,1348.5298799174825,13.740417108843562,-18.37900328384618,2.985992879986674e-19
1787278787.3581233,resting,fast,1787278739.9715214,-245.43364962613805,-182.9089798375843,1353.9866718921867,13.71817348781774,-18.407523721960033,2.9842561733598586e-19
1787278787.3712013,resting,fast,1787278739.9715214,-244.93634438542404,-182.3742586997913,1350.606947225343,13.678069402483462,-18.37022582890649,2.9823782924237614e-19
1787278787.3803554,resting,fast,1787278739.9715214,-245.05836888758176,-182.21685605904247,1352.168461923421,13.66626420442704,-18.379377666568274,2.9784089565438565e-19
1787278787.3913813,resting,fast,1787278739.9715214,-246.24301003305345,-183.70231048472726,1353.9822932542838,13.777673286353409,-18.468225752478993,2.983841288464499e-19
1787278787.4032128,resting,fast,1787278739.9715214,-246.5490358906377,-184.25141825420167,1358.6995530994363,13.818856369064012,-18.491177691797517,2.985581244357325e-19
1787278787.4138155,resting,fast,1787278739.9715214,-245.93420549306984,-185.50431077524888,1357.304297934591,13.912823308142496,-18.445065411979996,2.9889905972010326e-19
1787278787.4247565,resting,fast,1787278739.9715214,-244.38111030220216,-183.7178800203818,1352.9181589966129,13.778841001527528,-18.32858327266505,2.9838916305733347e-19
1787278787.4368966,resting,fast,1787278739.9715214,-243.58379812049088,-182.7717824773007,1346.9388954714823,13.70788368579655,-18.268784859036536,2.9777234328489566e-19
1787278787.446822,resting,fast,1787278739.9715214,-245.52995471589702,-182.20995196143883,1350.976131955068,13.665746397106691,-18.41474660369215,2.9800700723604845e-19
1787278787.4581046,resting,fast,1787278739.9715214,-245.37419238565917,-182.8647011809329,1346.9075482767448,13.714852588568949,-18.403064428924317,2.9778724695671053e-19
1787278787.4691246,resting,fast,1787278739.9715214,-246.1538492092509,-182.65965849127826,1349.2602547238066,13.699474386844532,-18.461538690693594,2.980192112034221e-19
1787278787.4803655,resting,fast,1787278739.9715214,-245.5071828305122,-183.0646494533088,1349.217687206149,13.7298487089969,-18.413038712288277,2.979036433526247e-19
1787278787.4914167,resting,fast,1787278739.9715214,-246.05785780445285,-184.4068637287777,1350.8391369783885,13.830514779657353,-18.454339335334005,2.984183195159056e-19
1787278787.5024953,resting,fast,1787278739.9715214,-246.67991648137058,-184.4667452375562,1353.455995893598,13.83500589281562,-18.500993736102878,2.9870381567616255e-19
1787278787.513667,resting,fast,1787278739.9715214,-246.10547828234075,-184.52885949465406,1349.663923708441,13.839664462097748,-18.457910871175223,2.986347237947226e-19
1787278787.5246885,resting,fast,1787278739.9715214,-245.8457831227738,-183.06235066756392,1350.8239874283418,13.729676300066235,-18.438433734207933,2.982647428311064e-19
1787278787.5358307,resting,fast,1787278739.9715214,-245.05387472481698,-183.11437468704014,1347.8719369865785,13.733578101526877,-18.3790406043613,2.9809138249323966e-19
1787278787.5469217,resting,fast,1787278739.9715214,-244.86708066279652,-182.9654692244177,1346.0789512690217,13.722410191830125,-18.365031049709756,2.9765251314020675e-19
1787278787.557965,resting,fast,1787278739.9715214,-243.60354032901478,-181.53706838262394,1341.7516539212984,13.615280128695733,-18.270265524675857,2.9719902967971207e-19
1787278787.5697083,resting,fast,1787278739.9715214,-243.62088498358435,-181.38455503051875,1342.165358823061,13.603841627287768,-18.27156637376889,2.967044013221415e-19
1787278787.5802157,resting,fast,1787278739.9715214,-243.81238072843507,-183.05045595014383,1346.1485755748954,13.728784196259827,-18.285928554632306,2.969961007835025e-19
1787278787.5913162,resting,fast,1787278739.9715214,-245.3730082363677,-185.43311262712416,1350.8257541923385,13.90748344703309,-18.402975617727392,2.9728186689466676e-19
1787278787.6023824,resting,fast,1787278739.9715214,-245.19543813945575,-186.19071458499377,1350.808914422264,13.964303593873314,-18.38965786045899,2.977703218756421e-19
1787278787.6135044,resting,fast,1787278739.9715214,-246.3383559788067,-184.72463424657155,1351.4290282519642,13.854347568491551,-18.47537669841023,2.976882372349711e-19
1787278787.6245868,resting,fast,1787278739.9715214,-246.13134095134183,-184.56389840582244,1349.316013238772,13.842292380435413,-18.459850571350508,2.975297379119445e-19
1787278787.6355996,resting,fast,1787278739.9715214,-245.71600864472066,-185.0979331235725,1349.191820109053,13.88234498426667,-18.42870064835391,2.9725311575286665e-19
1787278787.6467676,resting,fast,1787278739.9715214,-245.93850760134546,-186.39055218885926,1346.386826835428,13.979291414163317,-18.44538807010079,2.9736037720307255e-19
1787278787.657819,resting,fast,1787278739.9715214,-245.30491122908052,-186.77022220835045,1344.6285612587026,14.007766665624931,-18.397868342180864,2.973477252654286e-19
1787278787.6689432,resting,fast,1787278739.9715214,-246.74468240738543,-187.4590315524439,1344.079705552179,14.059427366432363,-18.50585118055365,2.9723814115060673e-19
1787278787.6800263,resting,fast,1787278739.9715214,-245.6355906831718,-186.28364868712595,1344.1764912741883,13.971273651533313,-18.422669301237818,2.9684277257870707e-19
1787278787.691161,resting,fast,1787278739.9715214,-246.3944954269823,-185.39980853819918,1343.9855925469265,13.90498564036395,-18.479587157023623,2.9666437722860003e-19
1787278787.702396,resting,fast,1787278739.9715214,-245.39307263810542,-184.44543471854593,1338.806041223298,13.833407603889928,-18.404480447857573,2.962600123695549e-19
1787278787.7132936,resting,fast,1787278739.9715214,-246.01939958251432,-184.10956756861276,1335.4837081160358,13.808217567644721,-18.451454968688253,2.9614985331194634e-19
1787278787.7244341,resting,fast,1787278739.9715214,-245.27237965164704,-184.66481194795767,1336.330971830118,13.849860896095425,-18.39542847387331,2.965100261703485e-19
1787278787.7356212,resting,fast,1787278739.9715214,-245.64673378731686,-183.84155902647296,1341.0389424436662,13.788116926984234,-18.423505034048482,2.9658547485165127e-19
1787278787.746362,resting,fast,1787278739.9715214,-244.84214668960294,-184.60084903710242,1346.5082062711945,13.845063677781557,-18.363161001720066,2.971199480660996e-19
1787278787.7577395,resting,fast,1787278739.9715214,-244.11334813084932,-183.60046640657913,1344.5902998653646,13.770034980492216,-18.308501109813463,2.970496772343263e-19
1787278787.7687988,resting,fast,1787278739.9715214,-245.2918461709237,-185.4387276636445,1346.441119989774,13.907904574772278,-18.39688846281919,2.978423077235028e-19
1787278787.7798052,resting,fast,1787278739.9715214,-245.94593005234265,-185.66791353567498,1346.2327284394387,13.925093515174499,-18.445944753925644,2.9755476087538955e-19
1787278787.7908516,resting,fast,1787278739.9715214,-247.6938465185899,-186.98085141402169,1348.2644929731514,14.023563856050604,-18.577038488894253,2.976561095745301e-19
1787278787.8020651,resting,fast,1787278739.9715214,-246.0745156973776,-185.41566677231606,1344.9452855922673,13.906175007922702,-18.455588677303282,2.9743622775873977e-19
1787278787.813086,resting,fast,1787278739.9715214,-246.2677467704184,-184.37378324411486,1344.0773372040958,13.828033743307518,-18.470081007781225,2.973081837286984e-19
1787278787.824354,resting,fast,1787278739.9715214,-246.15900149838353,-184.63978461389377,1344.252681378549,13.847983846040837,-18.461925112378765,2.9719300115570452e-19
1787278787.835481,resting,fast,1787278739.9715214,-246.2084160328509,-184.6269264379854,1343.4324652988553,13.847019482847788,-18.465631202463612,2.9687525662071803e-19
1787278787.8464735,resting,fast,1787278739.9715214,-246.13598455081728,-185.07276944954936,1344.0082138817625,13.880457708715145,-18.460198841311048,2.9732751612035797e-19
1787278787.8576312,resting,fast,1787278739.9715214,-246.1093324786575,-183.5743360848552,1346.9055331376685,13.768075206363012,-18.458199935899074,2.9735254428087414e-19
1787278787.8687482,resting,fast,1787278739.9715214,-246.5276664935377,-184.93741214831095,1349.3412044271436,13.870305911122362,-18.489574987015317,2.977157045168076e-19
1787278787.879485,resting,fast,1787278739.9715214,-245.8955760685635,-184.69083875800663,1347.6249905918257,13.851812906849208,-18.442168205142202,2.973123047898191e-19
1787278787.89057,resting,fast,1787278739.9715214,-245.9989590898599,-186.18548747123998,1346.4402867959916,13.963911560341845,-18.449921931739347,2.9770416767871433e-19
1787278787.9018052,resting,fast,1787278739.9715214,-247.97380896967343,-185.59788779663597,1352.1547261886544,13.919841584746624,-18.598035672725423,2.981666093497099e-19
1787278787.9131074,resting,fast,1787278739.9715214,-250.03028552194291,-185.83503865236855,1358.5135181186406,13.937627898926426,-18.752271414145596,2.9872174183574817e-19
1787278787.9243498,resting,fast,1787278739.9715214,-249.8051837509679,-184.92640257810297,1358.3673412045218,13.869480193356782,-18.73538878132247,2.9843258292762794e-19
1787278787.9354713,resting,fast,1787278739.9715214,-248.86400226398337,-184.65878016855493,1355.7898421602558,13.849408512640341,-18.66480016979873,2.9818960022810005e-19
1787278787.9464495,resting,fast,1787278739.9715214,-247.00009820778314,-185.1475023914935,1349.46674122079,13.886062679361022,-18.52500736558349,2.977731145871671e-19
1787278787.9575582,resting,fast,1787278739.9715214,-246.12901685705629,-184.4002437243547,1348.479692567752,13.83001827932539,-18.45967626427891,2.9770312519594756e-19
1787278787.9688363,resting,fast,1787278739.9715214,-244.73944531104053,-184.77377409788403,1344.4898841067834,13.858033057339899,-18.355458398327762,2.971478526397828e-19
1787278787.9799197,resting,fast,1787278739.9715214,-245.44922023803474,-184.0533915641421,1347.7525373437138,13.804004367309393,-18.40869151785236,2.973473669714823e-19
1787278787.9907367,resting,fast,1787278739.9715214,-246.86674082375384,-185.99351588770548,1349.895291406473,13.949513691576872,-18.515005561781443,2.9755357556991903e-19
1787278788.001933,resting,fast,1787278739.9715214,-249.24687222568582,-186.82102125273184,1357.0187132011115,14.011576593953638,-18.693515416926147,2.9860654830643467e-19
1787278788.013123,resting,fast,1787278739.9715214,-250.11754947800227,-188.06531389500367,1356.015947583127,14.104898542124136,-18.7588162108499,2.9815634399866756e-19
1787278788.0241914,resting,fast,1787278739.9715214,-249.26172503273347,-186.9448769640927,1353.7163256882259,14.020865772305857,-18.694629377455,2.979729015408816e-19
1787278788.0352614,resting,fast,1787278739.9715214,-247.27004521903973,-186.09594360559788,1344.4882622898103,13.957195770418924,-18.545253391427835,2.9697364054708836e-19
1787278788.046428,resting,fast,1787278739.9715214,-246.27180616908527,-185.00819468354814,1341.6021295986893,13.875614601264875,-18.470385462681335,2.971272900419884e-19
1787278788.057466,resting,fast,1787278739.9715214,-246.50062431045217,-184.90734929020357,1340.0873997136541,13.868051196764373,-18.487546823283914,2.9709187821217484e-19
1787278788.068595,resting,fast,1787278739.9715214,-246.53942153899652,-183.73327999035394,1338.9868158581494,13.779995999275503,-18.49045661542454,2.967286574239464e-19
1787278788.079647,resting,fast,1787278739.9715214,-246.10199629190765,-183.5800513527323,1341.8995454506612,13.768503851453676,-18.457649721892636,2.970504987268787e-19
1787278788.0907636,resting,fast,1787278739.9715214,-245.8525599678992,-184.23645977424974,1341.144962692685,13.8177344830676,-18.438941997592543,2.968092003064073e-19
1787278788.1019225,resting,fast,1787278739.9715214,-246.69283093616332,-185.58639809192948,1346.7342506018495,13.918979856893689,-18.501962320212,2.9753899550216085e-19
1787278788.112612,resting,fast,1787278739.9715214,-247.31048301799137,-186.08384928140333,1346.0948873086027,13.956288696104,-18.548286226349298,2.972868780905918e-19
1787278788.1239412,resting,fast,1787278739.9715214,-248.89761333484648,-186.71111263604405,1350.8363824698927,14.003333447701994,-18.66732100011329,2.9781113468251055e-19
1787278788.1352215,resting,fast,1787278739.9715214,-248.90645000548784,-185.52608966964124,1350.202300129452,13.914456725221857,-18.66798375041148,2.975151205828012e-19
1787278788.146225,resting,fast,1787278739.9715214,-249.23440174479083,-185.6773880348577,1353.090776299122,13.925804102613231,-18.692580130859234,2.9755627469318294e-19
1787278788.1573822,resting,fast,1787278739.9715214,-248.3340933812101,-184.27138232379127,1355.2599124382841,13.820353674283101,-18.625057003590605,2.9739456639803975e-19
1787278788.1683953,resting,fast,1787278739.9715214,-247.84407999000223,-184.8083845549728,1355.7008137490766,13.860628841621892,-18.588305999250032,2.9740060795247484e-19
1787278788.1796498,resting,fast,1787278739.9715214,-247.99627260031275,-185.29265548522665,1353.7606219780982,13.896949161390825,-18.599720445023216,2.976215366496689e-19
1787278788.1908078,resting,fast,1787278739.9715214,-247.6172382127902,-184.73025157186942,1349.2247726654468,13.854768867888897,-18.571292865959222,2.9729962920676596e-19
1787278788.201478,resting,fast,1787278739.9715214,-248.5871606232554,-184.68364004652688,1351.8213989176284,13.851273003488263,-18.644037046744224,2.9766815542229305e-19
1787278788.2126646,resting,fast,1787278739.9715214,-249.6593153298595,-184.18141430482603,1358.6842187945322,13.813606072860797,-18.724448649739358,2.981926871157969e-19
1787278788.2240314,resting,fast,1787278739.9715214,-249.05235470591242,-185.32874122804662,1358.4032005797553,13.899655592102324,-18.67892660294308,2.983472938255944e-19
1787278788.2349832,resting,fast,1787278739.9715214,-247.6086343403408,-184.81558717903738,1356.705759673695,13.861169038426613,-18.57064757552547,2.981725422096109e-19
1787278788.2461627,resting,fast,1787278739.9715214,-247.1568280393517,-185.9340332760438,1350.4809783745523,13.945052495702175,-18.536762102951243,2.9744255492007243e-19
1787278788.2573004,resting,fast,1787278739.9715214,-246.93534807460082,-184.87925561706595,1349.8553517720584,13.865944171278645,-18.520151105594678,2.972139669784473e-19
1787278788.26837,resting,fast,1787278739.9715214,-248.55474825634656,-186.45001482869714,1352.4828723961937,13.983751112151143,-18.641606119225898,2.972769260684001e-19
1787278788.2794385,resting,fast,1787278739.9715214,-247.44097404028298,-185.3789359471208,1352.3696919574022,13.903420196032958,-18.55807305302094,2.972968136307353e-19
1787278788.2905834,resting,fast,1787278739.9715214,-248.52484422904263,-184.7803521560162,1356.6902640616636,13.858526411700101,-18.639363317178194,2.9768149616541834e-19
1787278788.3016737,resting,fast,1787278739.9715214,-248.08834755711223,-184.60108379647102,1353.9120070253857,13.845081284734153,-18.6066260667833,2.975051504597619e-19
1787278788.3127677,resting,fast,1787278739.9715214,-247.07829100446952,-184.364361075979,1352.632776653788,13.827327080697192,-18.53087182533497,2.973318861920153e-19
1787278788.3239534,resting,fast,1787278739.9715214,-247.53169741042484,-185.98331021429078,1351.1931951053748,13.948748266070414,-18.56487730578187,2.9729925627728817e-19
1787278788.3349822,resting,fast,1787278739.9715214,-248.07873839158265,-186.33459347544442,1355.5270148549544,13.97509451065709,-18.6059053793687,2.9761902262975526e-19
1787278788.346052,resting,fast,1787278739.9715214,-250.01880169891456,-188.10574271038388,1362.8907080730887,14.107930703277479,-18.75141012741843,2.9850517527721143e-19
1787278788.357045,resting,fast,1787278739.9715214,-249.9474568621058,-188.13696900222988,1362.5266201180048,14.110272675166176,-18.746059264657887,2.9850923699495747e-19
1787278788.3682067,resting,fast,1787278739.9715214,-249.52017061907873,-187.37286228649248,1358.5413453081082,14.052964671485828,-18.714012796430545,2.9821157377337115e-19
1787278788.3794458,resting,fast,1787278739.9715214,-248.08764522844422,-186.1559634840063,1354.3266845572734,13.961697261299552,-18.606573392132994,2.978235083085411e-19
1787278788.3904593,resting,fast,1787278739.9715214,-248.0168496903393,-186.8842068927753,1352.2470994553014,14.016315516957139,-18.601263726775237,2.97814897049797e-19
1787278788.401616,resting,fast,1787278739.9715214,-248.09610070362532,-187.64059261245018,1351.9725559446315,14.07304444593267,-18.60720755277191,2.977795667389288e-19
1787278788.4126747,resting,fast,1787278739.9715214,-248.27984164803865,-187.47886763635267,1347.530625042239,14.060915072725582,-18.620988123602572,2.9743208573670714e-19
1787278788.4237823,resting,fast,1787278739.9715214,-247.09520859593022,-186.82144941627973,1347.4764676782206,14.011608706219707,-18.532140644694366,2.973232948581314e-19
1787278788.4348998,resting,fast,1787278739.9715214,-246.04806971700464,-185.49397793534342,1348.4233498533858,13.912048345149689,-18.453605228775004,2.973801702249779e-19
1787278788.4460185,resting,fast,1787278739.9715214,-246.10405154801947,-185.39541384556526,1351.3526164069235,13.904656038416423,-18.457803866101187,2.9738846046228824e-19
1787278788.4571812,resting,fast,1787278739.9715214,-245.79891658810948,-185.23863521127066,1351.291774223625,13.892897640844087,-18.434918744108224,2.9717099092024444e-19
1787278788.4682186,resting,fast,1787278739.9715214,-246.50115986048377,-186.11026357399635,1349.6636429994114,13.958269768048513,-18.48758698953621,2.9712133140891216e-19
1787278788.4792986,resting,fast,1787278739.9715214,-247.9055195613878,-187.921687426718,1351.451812499069,14.094126557002756,-18.59291396710411,2.973083024660071e-19
1787278788.490414,resting,fast,1787278739.9715214,-249.1526343174578,-189.47569310300162,1352.289613846645,14.210676982723914,-18.686447573809247,2.9768240873770785e-19
1787278788.5014522,resting,fast,1787278739.9715214,-249.40194995535558,-188.89716725834603,1353.315391931933,14.167287544374947,-18.70514624665143,2.977931513172204e-19
1787278788.5125291,resting,fast,1787278739.9715214,-247.9051065618828,-186.64635042609882,1349.2882269962456,13.998476281956176,-18.592882992140986,2.973388422150144e-19
1787278788.52374,resting,fast,1787278739.9715214,-246.70167869463558,-184.22249521690298,1347.7804613352737,13.816687141266758,-18.502625902097478,2.969314686483929e-19
1787278788.534761,resting,fast,1787278739.9715214,-246.71011490476621,-185.3192215111677,1347.8545063431493,13.898941613336394,-18.503258617857334,2.967506632824239e-19
1787278788.5458777,resting,fast,1787278739.9715214,-246.71853429921657,-186.08667698812212,1350.938628797362,13.956500774107983,-18.503890072441003,2.971184703897363e-19
1787278788.556966,resting,fast,1787278739.9715214,-249.422432629372,-187.49423316925402,1358.1218147331992,14.062067487692989,-18.706682447202745,2.9788537718920686e-19
1787278788.5680346,resting,fast,1787278739.9715214,-249.24282059474217,-186.83865433490462,1357.8247791584117,14.012899075116724,-18.693211544605326,2.9816166199679466e-19
1787278788.579059,resting,fast,1787278739.9715214,-248.84904474960922,-186.0408329446576,1359.0856359038198,13.95306247084807,-18.663678356220593,2.983212436926553e-19
1787278788.5903914,resting,fast,1787278739.9715214,-248.0665635248456,-186.11389407331683,1355.9574425814963,13.958542055497848,-18.60499226436322,2.9805835988062186e-19
1787278788.601465,resting,fast,1787278739.9715214,-248.87468469836904,-186.38152631864648,1359.0672603918165,13.978614473897427,-18.665601352377344,2.9842624759231773e-19
1787278788.6123831,resting,fast,1787278739.9715214,-249.85353823236846,-187.14560280802777,1359.4831653356405,14.035920210600924,-18.739015367427413,2.983818901698388e-19
1787278788.6234403,resting,fast,1787278739.9715214,-249.22392600965168,-186.981173940933,1360.3313162981312,14.023588045568761,-18.691794450723805,2.9812037286687625e-19
1787278788.634745,resting,fast,1787278739.9715214,-248.80147203854858,-188.13987004553735,1362.8465197796695,14.110490253414131,-18.660110402890936,2.9845371051615125e-19
1787278788.645937,resting,fast,1787278739.9715214,-246.66774353959727,-187.01947279915373,1354.3545667779026,14.02646045993541,-18.50008076546974,2.981998747478362e-19
1787278788.6569865,resting,fast,1787278739.9715214,-247.09331661287206,-187.72467272285314,1353.5586958319209,14.07935045421269,-18.531998745965367,2.984139474604884e-19
1787278788.6679726,resting,fast,1787278739.9715214,-246.52902612832486,-187.25530054513126,1347.0495588698677,14.044147540883447,-18.489676959624262,2.9725936763830896e-19
1787278788.6791499,resting,fast,1787278739.9715214,-248.04906221852116,-188.9073090491387,1353.4042631808434,14.168048178684348,-18.60367966638882,2.973918143580984e-19
1787278788.6903253,resting,fast,1787278739.9715214,-247.27863721440326,-187.53078126508024,1352.311331128897,14.064808594879612,-18.54589779108006,2.975642672042765e-19
1787278788.7012906,resting,fast,1787278739.9715214,-247.8159837413773,-186.93134469943732,1354.3543925898875,14.019850852456589,-18.586198780603304,2.979251708093972e-19
1787278788.712438,resting,fast,1787278739.9715214,-247.87380794074988,-185.95881886644145,1351.8803540604813,13.946911414982214,-18.590535595555878,2.978899314682961e-19
1787278788.7235608,resting,fast,1787278739.9715214,-247.9258743638643,-186.9414223003181,1349.8833830389149,14.020606672522877,-18.594440577289745,2.976270911343014e-19
1787278788.7346914,resting,fast,1787278739.9715214,-246.51559348483488,-187.2133967381368,1345.6411274110387,14.041004755359129,-18.488669511362737,2.9758061909341253e-19
1787278788.7457464,resting,fast,1787278739.9715214,-246.7703706479101,-187.9071546405877,1348.3239791152273,14.093036598043046,-18.507777798593004,2.9776175012967484e-19
1787278788.7595887,resting,fast,1787278739.9715214,-247.1303426277468,-186.418683642995,1350.9242430657114,13.981401273223486,-18.534775697080654,2.9754597507723646e-19
1787278788.7680128,resting,fast,1787278739.9715214,-247.27568197610572,-186.73194617930506,1354.7518551105413,14.004895963446916,-18.545676148207733,2.976302449593409e-19
1787278788.7790496,resting,fast,1787278739.9715214,-246.19186390070308,-186.06604416138828,1350.3378539548657,13.95495331210299,-18.464389792552424,2.972644776158865e-19
1787278788.7901747,resting,fast,1787278739.9715214,-246.1038506546688,-186.60752360634376,1348.7005130290972,13.995564270474635,-18.457788799099895,2.9739314123102434e-19
1787278788.801168,resting,fast,1787278739.9715214,-246.61853854817355,-185.52931651568576,1349.3693326795883,13.914698738675302,-18.496390391112698,2.9773481239240986e-19
1787278788.8122003,resting,fast,1787278739.9715214,-247.30743273326834,-185.59800995275793,1351.0989488520054,13.919850746455484,-18.54805745499481,2.977873704352493e-19
1787278788.8261182,resting,fast,1787278739.9715214,-247.6354708878921,-187.18248837868066,1355.9210561031514,14.038686628400132,-18.572660316591886,2.9830827486714483e-19
1787278788.8344095,resting,fast,1787278739.9715214,-247.03473308213552,-186.7778507232539,1354.9440930251103,14.008338804242872,-18.527604981159904,2.9796715335479956e-19
1787278788.8455884,resting,fast,1787278739.9715214,-245.80934294801273,-185.88879579294496,1352.0750583833005,13.94165968446973,-18.43570072110105,2.9768835864959573e-19
1787278788.857716,resting,fast,1787278739.9715214,-245.71828755043452,-184.9580763435871,1349.8604996263684,13.871855725767777,-18.428871566282304,2.9788230081649952e-19
1787278788.867761,resting,fast,1787278739.9715214,-245.34770791770143,-184.5766090742726,1345.5909040931847,13.8432456805693,-18.40107809382762,2.9767693532997804e-19
1787278788.8788078,resting,fast,1787278739.9715214,-245.8381273943137,-183.44398505878632,1347.4701911217626,13.758298879407736,-18.437859554573294,2.980310076837694e-19
1787278788.8927433,resting,fast,1787278739.9715214,-246.17556137511428,-184.70330269656404,1345.6962784972156,13.852747702241135,-18.463167103133273,2.978429389343654e-19
1787278788.9010081,resting,fast,1787278739.9715214,-246.63687833381164,-185.42759854043686,1345.8049867128984,13.907069890531563,-18.497765875035725,2.9766451653442304e-19
1787278788.912217,resting,fast,1787278739.9715214,-246.7005271140065,-187.69732794790423,1344.704646142617,14.077299596091454,-18.502539533550426,2.9743243494382596e-19
1787278788.926057,resting,fast,1787278739.9715214,-246.25509703467515,-186.22228794018054,1347.1660733058807,13.966671595512398,-18.469132277600494,2.971088471245515e-19
1787278788.93429,resting,fast,1787278739.9715214,-245.60870336253947,-185.39729437676976,1346.34810380591,13.904797078256582,-18.420652752190527,2.9708662326295614e-19
1787278788.9454055,resting,fast,1787278739.9715214,-247.7812017669089,-186.28621480033678,1354.7379445236247,13.971466110024028,-18.58359013251814,2.9767281056817175e-19
1787278788.9580941,resting,fast,1787278739.9715214,-246.934912434534,-186.7018178538616,1352.7135484084529,14.002636339038506,-18.52011843258979,2.974806191032466e-19
1787278788.9675763,resting,fast,1787278739.9715214,-247.14555299812173,-187.88859080673194,1353.4462519824165,14.091644310503785,-18.535916474858865,2.976387356204212e-19
1787278788.9788754,resting,fast,1787278739.9715214,-246.06506211511214,-185.91049985126267,1347.0739648542049,13.943287488843485,-18.45487965863314,2.974201392660877e-19
1787278788.9917881,resting,fast,1787278739.9715214,-245.9103059495642,-184.38405019310778,1346.8825669513726,13.828803764481751,-18.443272946217192,2.973847616369835e-19
1787278789.001029,resting,fast,1787278739.9715214,-246.74178882485694,-183.55863891031493,1349.3736189154943,13.766897918272637,-18.505634161864123,2.9782115996128876e-19
1787278789.012131,resting,fast,1787278739.9715214,-245.7723406028431,-183.45461425199971,1348.9376587584566,13.759096068898845,-18.432925545212996,2.9762662909697257e-19
1787278789.0251217,resting,fast,1787278739.9715214,-248.0151234953214,-184.80609932710502,1351.1634729834668,13.860457449531527,-18.60113426214909,2.979938340018965e-19
1787278789.0343268,resting,fast,1787278739.9715214,-247.14948694704026,-185.5096123710499,1349.6934160596566,13.913220927827556,-18.536211521027724,2.980109645098082e-19
1787278789.0454078,resting,fast,1787278739.9715214,-247.0932259613005,-185.6800140526724,1347.7918181525229,13.926001053949225,-18.531991947097282,2.981591721241346e-19
1787278789.0585222,resting,fast,1787278739.9715214,-245.14227160756082,-183.75554738389508,1347.74817205192,13.781666053790946,-18.3856703705667,2.9820355203770506e-19
1787278789.0676615,resting,fast,1787278739.9715214,-245.45366681928272,-182.52964242264,1350.9575408148294,13.689723181696824,-18.409025011446175,2.980603056030669e-19
1787278789.0787494,resting,fast,1787278739.9715214,-245.28802136194508,-181.95129802233726,1353.6122139984718,13.646347351674269,-18.39660160214555,2.9808147726666147e-19
1787278789.0911744,resting,fast,1787278739.9715214,-245.9238829622377,-183.69639903310997,1352.5467233571408,13.777229927482171,-18.44429122216757,2.9784500421277594e-19
1787278789.100951,resting,fast,1787278739.9715214,-246.94126249537067,-184.4741852097037,1350.4619948768477,13.835563890726451,-18.520594687152318,2.977838928101676e-19
1787278789.1121209,resting,fast,1787278739.9715214,-247.85521404397468,-184.94495410697698,1350.6324770171204,13.870871558022092,-18.589141053297887,2.9761788477459367e-19
1787278789.1244738,resting,fast,1787278739.9715214,-247.49385820980433,-184.77748635212072,1348.0801789508305,13.858311476408137,-18.562039365735245,2.9770360632945785e-19
1787278789.1341898,resting,fast,1787278739.9715214,-247.38800628207855,-185.22398689535464,1350.0582326450467,13.89179901715038,-18.55410047115585,2.980961298685309e-19
1787278789.1453145,resting,fast,1787278739.9715214,-248.12440509106136,-186.4804750995628,1350.3966018053497,13.986035632466102,-18.60933038182938,2.985130899486801e-19
1787278789.1573112,resting,fast,1787278739.9715214,-247.53626630712597,-185.07316275068536,1349.985386625468,13.880487206300192,-18.56521997303407,2.982014241860134e-19
1787278789.167563,resting,fast,1787278739.9715214,-247.06376146658522,-183.6542438308453,1350.356286609428,13.774068287312335,-18.52978210999374,2.982165425742966e-19
1787278789.1787033,resting,fast,1787278739.9715214,-245.41221071386417,-183.16855480280753,1347.8746233239535,13.73764161020944,-18.405915803539735,2.9761190429374694e-19
1787278789.1897914,resting,fast,1787278739.9715214,-245.5026167764413,-183.1978957059083,1347.8070222062333,13.739842177941956,-18.41269625823285,2.97552895427529e-19
1787278789.200909,resting,fast,1787278739.9715214,-245.1598103664105,-185.73045909845644,1344.2783143844053,13.92978443238309,-18.386985777480604,2.9689300587401265e-19
1787278789.2120569,resting,fast,1787278739.9715214,-246.16693762468503,-185.57122840851946,1346.0767043498827,13.91784213063767,-18.462520321851315,2.9726176173165005e-19
1787278789.2231433,resting,fast,1787278739.9715214,-247.82208871910234,-186.69797175053543,1349.370635825343,14.002347881289186,-18.586656653932586,2.974659151623609e-19
1787278789.234149,resting,fast,1787278739.9715214,-248.13866803738847,-185.38484295177216,1346.1659277075387,13.903863221381688,-18.610400102803993,2.9756572336194258e-19
1787278789.2449899,resting,fast,1787278739.9715214,-247.5399623316721,-186.12557232651113,1346.0035373383844,13.959417924487301,-18.565497174875283,2.974014042578007e-19
1787278789.256334,resting,fast,1787278739.9715214,-246.38496759813506,-186.8258142772944,1344.4696594566585,14.011936070795702,-18.478872569860194,2.975567056253688e-19
1787278789.2674751,resting,fast,1787278739.9715214,-245.49482930688418,-186.68296899629252,1345.5473740462994,14.001222674720768,-18.41211219801591,2.974301264196482e-19
1787278789.2786796,resting,fast,1787278739.9715214,-245.9754318719256,-185.96877330454356,1342.737207761712,13.947657997839531,-18.448157390394158,2.973134727438164e-19
1787278789.2897723,resting,fast,1787278739.9715214,-245.8504177497921,-185.70173790597516,1341.0601905090289,13.927630342946774,-18.438781331234118,2.9705895619736437e-19
1787278789.3007848,resting,fast,1787278739.9715214,-245.76761972900158,-185.05487499307935,1341.2322371920409,13.879115624479912,-18.432571479674948,2.971958602491382e-19
1787278789.3118756,resting,fast,1787278739.9715214,-245.97707018894243,-185.3488490855151,1347.0257759197912,13.901163681412559,-18.448280264170336,2.9755558580977807e-19
1787278789.322955,resting,fast,1787278739.9715214,-245.5308137345105,-183.6469623776369,1346.9235414625336,13.773522178321532,-18.41481103008838,2.9753922285170753e-19
1787278789.3340619,resting,fast,1787278739.9715214,-246.2309814481746,-183.25436194559268,1347.2553499664764,13.744077145918443,-18.467323608612844,2.973938498798022e-19
1787278789.345134,resting,fast,1787278739.9715214,-244.86850535857548,-182.18887753230285,1343.5204928637368,13.664165814921564,-18.365137901892986,2.967460059409689e-19
1787278789.3562894,resting,fast,1787278739.9715214,-246.3573509851235,-185.03105978764995,1347.9455612265256,13.877329484072536,-18.476801323884004,2.971531880335828e-19
1787278789.367461,resting,fast,1787278739.9715214,-246.30934732216383,-184.47455461741913,1346.1178271140006,13.835591596305381,-18.473201049162228,2.969196858189471e-19
1787278789.3784232,resting,fast,1787278739.9715214,-246.67351698326775,-184.53477616963335,1345.1478168473413,13.84010821272145,-18.500513773744906,2.96850067207689e-19
1787278789.3894444,resting,fast,1787278739.9715214,-245.99731771339384,-181.99972950663562,1346.890766479727,13.649979712996117,-18.449798828504306,2.970979307885693e-19
1787278789.4002697,resting,fast,1787278739.9715214,-244.66913687401347,-182.9929013008899,1349.9276235016287,13.724467597565596,-18.350185265550756,2.977158015590817e-19
1787278789.4116695,resting,fast,1787278739.9715214,-244.15022065301264,-183.35091640555413,1347.5229047674593,13.751318730415566,-18.311266548975965,2.9788056683334307e-19
1787278789.4226425,resting,fast,1787278739.9715214,-243.0429607845249,-184.10275276347386,1340.726892814354,13.807706457259616,-18.228222058839215,2.9687209073843667e-19
1787278789.4339669,resting,fast,1787278739.9715214,-241.78343086655013,-183.72248453346435,1334.0285705925462,13.77918634000861,-18.133757314991215,2.95851371475142e-19
1787278789.4450762,resting,fast,1787278739.9715214,-242.87577556139377,-184.39721122833055,1339.881132964184,13.829790842123476,-18.215683167104345,2.962518656052347e-19
1787278789.4562244,resting,fast,1787278739.9715214,-243.55160098575425,-184.16022623473884,1342.3055189470042,13.812016967604382,-18.266370073931412,2.9682077907893803e-19
1787278789.467375,resting,fast,1787278739.9715214,-246.0623299261847,-184.8687429693067,1347.7811969163713,13.865155722696816,-18.4546747444638,2.975453089104041e-19
1787278789.478431,resting,fast,1787278739.9715214,-245.8978386714266,-186.36200339457253,1344.150572772559,13.977150254591852,-18.44233790035699,2.976022004009608e-19
1787278789.4895463,resting,fast,1787278739.9715214,-245.46821803824014,-186.62201394087253,1343.022896694435,13.996651045564494,-18.41011635286776,2.9736532714759677e-19
1787278789.5006216,resting,fast,1787278739.9715214,-246.81674437625452,-187.20686269488067,1346.1892072922356,14.04051470211488,-18.511255828219163,2.9734640506232587e-19
1787278789.5117247,resting,fast,1787278739.9715214,-246.86284594318977,-185.38977392774302,1348.9153488846468,13.904233044579644,-18.514713445739183,2.972167821967099e-19
1787278789.522882,resting,fast,1787278739.9715214,-247.6550246232796,-185.95310539157674,1349.0007150736665,13.94648290436712,-18.574126846745862,2.9742290090628116e-19
1787278789.5339622,resting,fast,1787278739.9715214,-246.33649522625774,-185.5391933304187,1344.0743499067112,13.915439499780053,-18.475237141969302,2.973027984037921e-19
1787278789.5450408,resting,fast,1787278739.9715214,-246.63303489203508,-185.6093255055456,1342.9376634545724,13.92069941291469,-18.497477616902366,2.9767135783987876e-19
1787278789.5565248,resting,fast,1787278739.9715214,-245.84643136199566,-184.8600100915222,1343.6812056464305,13.86450075686314,-18.43848235214964,2.975986598836809e-19
1787278789.5672169,resting,fast,1787278739.9715214,-246.86535425809188,-184.79037444362882,1349.0665018381796,13.859278083271168,-18.514901569356795,2.97723213843215e-19
1787278789.5783265,resting,fast,1787278739.9715214,-245.18286510608823,-183.3382267450187,1348.017612564604,13.75036700587518,-18.388714882956577,2.9717745200180295e-19
1787278789.5894911,resting,fast,1787278739.9715214,-245.45942558486922,-185.3266010012136,1345.5729533337972,13.899495075090147,-18.40945691886492,2.974210248522418e-19
1787278789.6004946,resting,fast,1787278739.9715214,-245.27512749835432,-186.25428801594774,1343.2848361940314,13.96907160119493,-18.3956345623764,2.975103386765494e-19
1787278789.6116812,resting,fast,1787278739.9715214,-246.95540937432497,-188.13240515084465,1344.5379640444326,14.10993038631226,-18.52165570307426,2.976611268951192e-19
1787278789.6226861,resting,fast,1787278739.9715214,-248.68217925592444,-187.40720901270345,1349.3453787592198,14.05554067595175,-18.651163444194168,2.9752503654804446e-19
1787278789.633723,resting,fast,1787278739.9715214,-246.09122540973976,-186.48163650881577,1343.9258649904777,13.986122738160166,-18.456841905730343,2.9694461479472633e-19
1787278789.6448755,resting,fast,1787278739.9715214,-245.94721054800493,-185.40167480489424,1343.7119122485465,13.905125610365946,-18.44604079110014,2.971269887976234e-19
1787278789.6561456,resting,fast,1787278739.9715214,-245.20121716988297,-185.60001778703588,1345.2252494797658,13.920001334026498,-18.390091287741036,2.97578389934493e-19
1787278789.6670756,resting,fast,1787278739.9715214,-247.825503172327,-186.93227360459275,1350.9533294503062,14.01992052034321,-18.586912737924365,2.9795165729344596e-19
1787278789.6782975,resting,fast,1787278739.9715214,-247.53942688705,-186.22282592538693,1350.2097942143382,13.966711944402821,-18.565457016528683,2.9803280318242155e-19
1787278789.6892903,resting,fast,1787278739.9715214,-247.7979050535937,-185.62598521693906,1345.7818185267215,13.921948891269313,-18.584842879019234,2.97639461154618e-19
1787278789.700416,resting,fast,1787278739.9715214,-248.06211349008163,-187.094597327295,1343.842891880834,14.032094799545963,-18.60465851175583,2.978042973885381e-19
1787278789.711568,resting,fast,1787278739.9715214,-248.57226090646645,-188.40295196026125,1347.9483927981828,14.130221397018477,-18.642919567984706,2.975265720387982e-19
1787278789.7225518,resting,fast,1787278739.9715214,-248.32542305944435,-189.77261604319017,1349.7880081182402,14.23294620323809,-18.624406729458123,2.976443523611351e-19
1787278789.733687,resting,fast,1787278739.9715214,-247.7164534988283,-187.19003725653045,1354.1888550372396,14.039252794238582,-18.578734012412134,2.9761920246032493e-19
1787278789.7448893,resting,fast,1787278739.9715214,-249.44693039960066,-187.6747523579785,1353.4727812091432,14.075606426847376,-18.708519779969954,2.980538454317957e-19
1787278789.7559583,resting,fast,1787278739.9715214,-248.86757187016747,-185.35104375030835,1351.9094129924442,13.90132828127189,-18.66506789026213,2.9747592317950817e-19
1787278789.767009,resting,fast,1787278739.9715214,-248.2852486835286,-184.9148232970589,1351.0016555552183,13.868611747278297,-18.62139365126461,2.974302530465476e-19
1787278789.7781353,resting,fast,1787278739.9715214,-246.37688318852588,-185.81670912424931,1349.7812894219414,13.936253184317312,-18.4782662391393,2.974948395664918e-19
1787278789.78928,resting,fast,1787278739.9715214,-246.85566653704927,-188.13517781977305,1352.329075123841,14.110138336481743,-18.51417499027859,2.9779652845708715e-19
1787278789.800327,resting,fast,1787278739.9715214,-247.74175606990457,-189.23610783577544,1351.508520560944,14.192708087682025,-18.580631705242787,2.9787291802839816e-19
1787278789.8114889,resting,fast,1787278739.9715214,-248.3310021773973,-188.33505540147178,1351.6699726945926,14.125129155109537,-18.624825163304713,2.9735985396320607e-19
1787278789.8224087,resting,fast,1787278739.9715214,-247.7241511233865,-187.11862135976287,1351.0478772440974,14.033896601980988,-18.57931133425391,2.9749562411629376e-19
1787278789.8335512,resting,fast,1787278739.9715214,-246.8597973888086,-186.98540334083884,1351.2849123529732,14.023905250561672,-18.51448480416051,2.9747736001307283e-19
1787278789.8446631,resting,fast,1787278739.9715214,-249.06487476553184,-187.5174943387907,1358.2927090213643,14.063812075408212,-18.679865607414683,2.982947085153265e-19
1787278789.8557837,resting,fast,1787278739.9715214,-249.3213449433083,-187.31608966026909,1354.775557702843,14.048706724518997,-18.69910087074792,2.980702196980275e-19
1787278789.8666153,resting,fast,1787278739.9715214,-249.16900684950042,-185.86976670632419,1357.5607587489112,13.940232502973263,-18.687675513712676,2.985129368283082e-19
1787278789.8777244,resting,fast,1787278739.9715214,-245.62729062235712,-184.5813534624998,1348.2167014979905,13.84360150968634,-18.422046796676632,2.977873131636776e-19
1787278789.8889167,resting,fast,1787278739.9715214,-244.74173401915277,-184.62725062147558,1348.5477989762558,13.847043796609416,-18.355630051436243,2.979322074206004e-19
1787278789.900209,resting,fast,1787278739.9715214,-245.93395198425287,-185.70239732711605,1346.7477880121614,13.92767979953236,-18.44504639881889,2.973677388570537e-19
1787278789.9113808,resting,fast,1787278739.9715214,-245.94175706621218,-186.69266015687492,1345.9538420755443,14.001949511764568,-18.445631779965808,2.971860338478114e-19
1787278789.922312,resting,fast,1787278739.9715214,-247.35050718498633,-186.78367406141058,1350.443923576665,14.008775554604643,-18.551288038873828,2.9732951812456077e-19
1787278789.933518,resting,fast,1787278739.9715214,-246.4071932586471,-187.05702845147914,1351.8214976793543,14.029277133859825,-18.48053949439832,2.9756919782841734e-19
1787278789.9445336,resting,fast,1787278739.9715214,-246.93226911709598,-188.05401305484259,1355.1048391656232,14.104050979111921,-18.519920183782112,2.979927316709162e-19
1787278789.9556293,resting,fast,1787278739.9715214,-246.111833512045,-187.01270793454944,1351.3399976063347,14.025953095090063,-18.458387513403252,2.975539719983934e-19
1787278789.966848,resting,fast,1787278739.9715214,-246.64038649810345,-185.28589887011015,1351.7716046554424,13.896442415257258,-18.49802898735753,2.9764088632304687e-19
1787278789.9780145,resting,fast,1787278739.9715214,-246.9508798871525,-184.87190035890865,1350.6834145462608,13.865392526916938,-18.521315991536213,2.974072856142031e-19
1787278789.9888668,resting,fast,1787278739.9715214,-246.87910475167837,-186.37678004817292,1350.3123142798677,13.978258503612143,-18.515932856375535,2.9757905281903404e-19
1787278790.0000896,resting,fast,1787278739.9715214,-248.10917087722964,-188.2876439069986,1353.3107256634385,14.12157329302379,-18.608187815792043,2.974758417456527e-19
1787278790.011248,resting,fast,1787278739.9715214,-247.52277482262207,-185.70005384316698,1352.784042015449,13.927504038236652,-18.56420811169648,2.974636645734103e-19
1787278790.022263,resting,fast,1787278739.9715214,-247.6358002967513,-184.86472264413885,1355.7616650920763,13.864854198309448,-18.572685022256216,2.9763555567009e-19
1787278790.0333781,resting,fast,1787278739.9715214,-245.72974403061517,-183.06485530616112,1349.4399783534327,13.729864147960857,-18.429730802295758,2.9735636950296623e-19
1787278790.0445814,resting,fast,1787278739.9715214,-246.055118187302,-185.26533864235364,1346.9610779251789,13.894900398175498,-18.45413386404735,2.973244717682083e-19
1787278790.0554597,resting,fast,1787278739.9715214,-245.57771599991202,-185.49279072586148,1344.421018403079,13.911959304438444,-18.41832869999321,2.972161198231108e-19
1787278790.0667422,resting,fast,1787278739.9715214,-246.63344655944138,-188.3148125987815,1349.1778588081697,14.123610944907671,-18.49750849195793,2.981586261864873e-19
1787278790.0777965,resting,fast,1787278739.9715214,-248.00099785258817,-189.5087954894624,1355.375904897298,14.213159661708435,-18.600074838943996,2.9843369149120025e-19
1787278790.088966,resting,fast,1787278739.9715214,-247.9597722595613,-188.76586897931713,1353.2117091614136,14.157440173447672,-18.596982919466903,2.9829034460813894e-19
1787278790.1000764,resting,fast,1787278739.9715214,-246.5435742866989,-186.43139668575088,1345.6688027688679,13.982354751430083,-18.49076807150218,2.971444634370851e-19
1787278790.1112053,resting,fast,1787278739.9715214,-246.64777813245064,-185.9901701088312,1346.3489670961762,13.9492627581614,-18.498583359933768,2.974133471904164e-19
1787278790.1221378,resting,fast,1787278739.9715214,-247.42930934470905,-186.22535728269497,1348.805042685096,13.966901796200933,-18.557198200853087,2.972567170379396e-19
1787278790.1334195,resting,fast,1787278739.9715214,-247.2593219783971,-185.9186329067653,1352.8571460558096,13.94389746800626,-18.544449148379513,2.9765961791261346e-19
1787278790.144396,resting,fast,1787278739.9715214,-246.9061554242403,-184.85288817267303,1348.8556027973273,13.863966612949344,-18.517961656817768,2.9716948851246662e-19
1787278790.1555088,resting,fast,1787278739.9715214,-246.25306641125235,-184.94634517018983,1348.7550076707057,13.87097588776324,-18.468979980843898,2.976337946397891e-19
1787278790.1665967,resting,fast,1787278739.9715214,-247.73733923558984,-186.07573853868632,1350.6752503289963,13.955680390400406,-18.580300442669177,2.9808178665418895e-19
1787278790.1776216,resting,fast,1787278739.9715214,-247.3124726349056,-186.54164161299957,1352.7028473567798,13.990623120973869,-18.548435447617763,2.982472477119892e-19
1787278790.1887531,resting,fast,1787278739.9715214,-248.46044438489253,-185.21698752344344,1354.6681263996807,13.89127406425705,-18.634533328866794,2.982299592363412e-19
1787278790.1999528,resting,fast,1787278739.9715214,-248.89986746541172,-185.6150704476696,1357.1634642068175,13.921130283574076,-18.66749005990569,2.9798872850113733e-19
1787278790.2110598,resting,fast,1787278739.9715214,-248.99428094571567,-185.00225411628173,1358.9840848304293,13.875169058720264,-18.674571070928415,2.9836917580871874e-19
1787278790.2220895,resting,fast,1787278739.9715214,-248.89669484347496,-186.53030690761705,1361.3669861462795,13.989773018069872,-18.66725211326054,2.982405625356567e-19
1787278790.2333288,resting,fast,1787278739.9715214,-248.4206204934685,-186.77105890989958,1358.50869924768,14.00782941824136,-18.631546537009896,2.9822750760219644e-19
1787278790.2442145,resting,fast,1787278739.9715214,-249.01614267254672,-186.0491740036847,1357.296967394478,13.953688050275307,-18.676210700440848,2.9781464611626766e-19
1787278790.2554233,resting,fast,1787278739.9715214,-248.68070461030447,-186.88007514167418,1353.435342756401,14.016005635624484,-18.65105284577257,2.9792835524767808e-19
1787278790.2664614,resting,fast,1787278739.9715214,-249.50648770656107,-187.2903004976041,1356.9444714589636,14.046772537319189,-18.71298657799197,2.9827557159935037e-19
1787278790.2777412,resting,fast,1787278739.9715214,-248.70635810895283,-187.56799428651755,1354.3236519374977,14.067599571487452,-18.652976858171215,2.981004187331187e-19
1787278790.2886255,resting,fast,1787278739.9715214,-247.60897510308632,-185.8727540267006,1352.0534928056304,13.940456552001496,-18.570673132731287,2.976485594545745e-19
1787278790.2998195,resting,fast,1787278739.9715214,-246.43506190670587,-185.6762330737439,1347.2489175224591,13.925717480529688,-18.482629643002724,2.972132979863279e-19
1787278790.3110652,resting,fast,1787278739.9715214,-246.2681842334482,-185.91324259337387,1347.2252698233888,13.94349319450183,-18.470113817508505,2.970021693866888e-19
1787278790.322023,resting,fast,1787278739.9715214,-246.30323360465036,-187.38472312863644,1348.1797030026473,14.053854234646796,-18.472742520348845,2.972250031715382e-19
1787278790.3330178,resting,fast,1787278739.9715214,-245.63979694451928,-185.44134193719117,1345.9176673947413,13.908100645288133,-18.422984770838696,2.9673245822671245e-19
1787278790.344151,resting,fast,1787278739.9715214,-245.1175344809085,-185.23622812744713,1343.6272436019763,13.892717109557356,-18.383815086067884,2.9651324399514746e-19
1787278790.3553543,resting,fast,1787278739.9715214,-246.2570291162897,-184.41596548205587,1343.5773762814724,13.831197411153088,-18.469277183721594,2.965014480180008e-19
1787278790.3663702,resting,fast,1787278739.9715214,-246.26669051627096,-184.48121214185755,1345.7304071804547,13.836090910638408,-18.470001788720282,2.9712457084530057e-19
1787278790.377551,resting,fast,1787278739.9715214,-246.5063133957833,-185.01896790912758,1350.4973948756515,13.876422593183552,-18.487973504683666,2.9769170013388e-19
1787278790.388581,resting,fast,1787278739.9715214,-245.75340808614555,-185.6487733578457,1352.7925400147587,13.923658001837428,-18.431505606460725,2.979411976257113e-19
1787278790.3995683,resting,fast,1787278739.9715214,-247.2186090227774,-186.70217593133486,1357.6397584894776,14.00266319484891,-18.541395676708177,2.9794308834984446e-19
1787278790.4108696,resting,fast,1787278739.9715214,-247.2358770356982,-185.3126946504707,1356.27174358908,13.898452098784023,-18.542690777677095,2.9774471464608176e-19
1787278790.421927,resting,fast,1787278739.9715214,-248.94529107234712,-185.2487876283593,1358.2008730288044,13.893659072125633,-18.670896830425853,2.9813574037008436e-19
1787278790.4330845,resting,fast,1787278739.9715214,-247.4546853479883,-185.7476382256358,1352.7877817333165,13.931072866921529,-18.55910140109905,2.9782850886301772e-19
1787278790.443946,resting,fast,1787278739.9715214,-248.00588272682535,-187.2482149743215,1351.6590812368004,14.043616123072855,-18.60044120451181,2.9775605522344786e-19
1787278790.4552162,resting,fast,1787278739.9715214,-245.62016944501784,-186.64761269561234,1347.0912123657426,13.998570952169917,-18.421512708376106,2.971839937748709e-19
1787278790.4663322,resting,fast,1787278739.9715214,-246.14976016637365,-185.2385635338768,1349.2237619679936,13.892892265039709,-18.461232012478035,2.972079903855609e-19
1787278790.4774601,resting,fast,1787278739.9715214,-245.10786939847048,-184.98075130991185,1351.218552218871,13.873556348242122,-18.383090204885136,2.975132180174217e-19
1787278790.4885302,resting,fast,1787278739.9715214,-246.0869319290009,-185.6319640900398,1352.6501380191467,13.922397306751567,-18.45651989467452,2.974585248782873e-19
1787278790.49953,resting,fast,1787278739.9715214,-247.0138234669016,-187.7149593443918,1351.4120248434183,14.078621950828168,-18.526036760017398,2.9769764320012037e-19
1787278790.5106685,resting,fast,1787278739.9715214,-247.87184880533505,-187.6528946019722,1352.0675979914604,14.073967095146731,-18.590388660399995,2.979263329686395e-19
1787278790.5217657,resting,fast,1787278739.9715214,-248.2210215056116,-186.9559278569708,1352.802043507013,14.02169458927155,-18.61657661292064,2.9810648371703027e-19
1787278790.5329437,resting,fast,1787278739.9715214,-248.62342830387706,-186.69556340611223,1357.1768144984098,14.002167255457326,-18.646757122790632,2.9809833950961395e-19
1787278790.544127,resting,fast,1787278739.9715214,-248.8623507119496,-185.57587614907982,1356.2114795718744,13.91819071117995,-18.66467630339615,2.9792005682975265e-19
1787278790.555052,resting,fast,1787278739.9715214,-249.42956281906618,-186.24767645847362,1354.643101151879,13.96857573438442,-18.70721721142978,2.9736941114557064e-19
1787278790.5661843,resting,fast,1787278739.9715214,-248.29482460894405,-185.81660912325708,1348.14466152383,13.936245684243122,-18.622111845670794,2.9691866234594973e-19
1787278790.5773728,resting,fast,1787278739.9715214,-247.72115942922073,-186.78593320791686,1348.0264764491994,14.008944990592628,-18.579086957191393,2.9659850463115295e-19
1787278790.5884101,resting,fast,1787278739.9715214,-247.6550516931652,-186.22312456208067,1349.8809620623333,13.96673434215477,-18.57412887698718,2.970971976110325e-19
1787278790.5995035,resting,fast,1787278739.9715214,-248.8203833444818,-186.64802702443296,1355.118174526383,13.998602026831524,-18.661528750835842,2.976601503905515e-19
1787278790.610652,resting,fast,1787278739.9715214,-248.9821220073477,-187.5158319474059,1354.1436733497421,14.063687396054409,-18.67365915055113,2.9773889272454364e-19
1787278790.621682,resting,fast,1787278739.9715214,-247.4773863785099,-186.9169500973702,1354.2394076586852,14.018771257301726,-18.560803978388194,2.9784239980003926e-19
1787278790.6327567,resting,fast,1787278739.9715214,-245.43208269725574,-185.5716535515429,1350.1202513793369,13.91787401636454,-18.40740620229409,2.9762432932186084e-19
1787278790.6439316,resting,fast,1787278739.9715214,-245.03341086006685,-184.25434336009846,1350.3152172349228,13.819075752006132,-18.3775058145049,2.9788585432486426e-19
1787278790.6548772,resting,fast,1787278739.9715214,-247.0595216662682,-186.33762851487688,1353.2453677675867,13.97532213861449,-18.529464124970048,2.9802161790142524e-19
1787278790.666021,resting,fast,1787278739.9715214,-248.9235415753651,-188.04539037580128,1356.9169799888232,14.103404278184119,-18.669265618152032,2.979178383318692e-19
1787278790.6771517,resting,fast,1787278739.9715214,-249.7387290862448,-188.81294209338319,1359.2365703322766,14.16097065700264,-18.73040468146818,2.9797511815655007e-19
1787278790.6882682,resting,fast,1787278739.9715214,-248.99431801291712,-188.13974918534302,1354.177863882217,14.110481188899715,-18.674573850968613,2.9750668743786263e-19
1787278790.6994004,resting,fast,1787278739.9715214,-247.6063753224239,-186.43155970684995,1351.1003061188849,13.982366978012596,-18.570478149181497,2.978355108997875e-19
1787278790.7104583,resting,fast,1787278739.9715214,-248.0350421402195,-186.6375730582605,1350.4578242466405,13.997817979368254,-18.602628160516232,2.9782143201654205e-19
1787278790.7216284,resting,fast,1787278739.9715214,-247.81928324164573,-186.15365501030294,1353.2173818148394,13.96152412577165,-18.586446243123106,2.981693996532079e-19
1787278790.732446,resting,fast,1787278739.9715214,-248.2611770570934,-187.0655442145818,1353.134207778964,14.029915816092572,-18.619588279281814,2.977390544659625e-19
1787278790.7435017,resting,fast,1787278739.9715214,-247.31613806118685,-186.65827188483297,1352.3686744236047,13.99937039136137,-18.548710354588955,2.9742065785271617e-19
1787278790.75481,resting,fast,1787278739.9715214,-246.8732248163319,-185.803985632053,1350.2480842530558,13.93529892240274,-18.515491861224625,2.970418254773142e-19
1787278790.765929,resting,fast,1787278739.9715214,-246.75262082001927,-186.6409208670924,1349.7779066155008,13.998069065030723,-18.506446561501328,2.973390837650604e-19
1787278790.7769551,resting,fast,1787278739.9715214,-246.49937781465405,-185.58019131031654,1348.9081500597995,13.918514348272598,-18.48745333609876,2.970433602563149e-19
1787278790.7881138,resting,fast,1787278739.9715214,-247.56064655214823,-186.44272680127472,1353.0676909520544,13.983204510094485,-18.567048491410915,2.975605177051844e-19
1787278790.7991605,resting,fast,1787278739.9715214,-247.07348006396433,-184.9346886813497,1350.3072782483332,13.87010165110026,-18.530511004797184,2.969633977871016e-19
1787278790.8102443,resting,fast,1787278739.9715214,-247.35990211040598,-186.00368137616,1344.9145763588413,13.950276103210957,-18.55199265828015,2.970959527633233e-19
1787278790.8213527,resting,fast,1787278739.9715214,-247.30184611554932,-186.78129392933567,1342.4753037370547,14.008597044698764,-18.547638458666157,2.970371360129308e-19
1787278790.8325684,resting,fast,1787278739.9715214,-247.20051709679456,-186.49777507675515,1347.0499256924259,13.987333130755633,-18.54003878225948,2.976895935978132e-19
1787278790.8436975,resting,fast,1787278739.9715214,-248.12431574250468,-185.0396398612421,1352.446926143507,13.877972989592013,-18.60932368068763,2.9777559593203625e-19
1787278790.8548193,resting,fast,1787278739.9715214,-247.27620614101716,-184.76645132034298,1350.5235653966402,13.857483849024721,-18.545715460576112,2.97573698849423e-19
1787278790.8657434,resting,fast,1787278739.9715214,-249.15290765762393,-185.7566584535947,1354.196741999479,13.931749384018477,-18.68646807432166,2.9796084935580455e-19
1787278790.8769767,resting,fast,1787278739.9715214,-248.95934680428172,-187.70685698428372,1355.262920105949,14.078014273820134,-18.671951010320768,2.9841706912397945e-19
1787278790.8879726,resting,fast,1787278739.9715214,-249.26164078630836,-187.0597741047808,1358.544705927513,14.029483057857522,-18.69462305897288,2.9901443712061654e-19
1787278790.8991785,resting,fast,1787278739.9715214,-247.2823767771065,-185.22545908243467,1355.658999895365,13.891909431181336,-18.546178258282914,2.9882962726037854e-19
1787278790.9103463,resting,fast,1787278739.9715214,-246.51255120533142,-184.52455512922086,1357.0161389023933,13.83934163469053,-18.488441340399717,2.986429401224119e-19
1787278790.9214163,resting,fast,1787278739.9715214,-246.31942172832123,-184.66295240695638,1356.0082250367514,13.849721430520734,-18.473956629623913,2.98199929869278e-19
1787278790.9324362,resting,fast,1787278739.9715214,-247.1400564979508,-186.9913347292719,1354.6535830863004,14.024350104694125,-18.53550423734609,2.9788058212817216e-19
1787278790.9467702,resting,fast,1787278739.9715214,-247.91600516547305,-187.64908480207134,1351.6097284039215,14.073681360154414,-18.593700387410323,2.97665142806699e-19
1787278790.9545314,resting,fast,1787278739.9715214,-246.75417110361423,-186.8495587238457,1346.467846715349,14.01371690428741,-18.506562832770854,2.9681392267357775e-19
1787278790.9657598,resting,fast,1787278739.9715214,-246.1870695612456,-185.44889055955457,1340.6604982027848,13.908666791965448,-18.464030217092855,2.964481366302241e-19
1787278790.9800227,resting,fast,1787278739.9715214,-245.57705033108095,-186.9427620826449,1340.8139524365351,14.020707156197194,-18.418278774830824,2.965275096434613e-19
1787278790.9878447,resting,fast,1787278739.9715214,-246.33659592142567,-186.85035951136854,1345.5215133255888,14.013776963351521,-18.475244694107033,2.9734199189156844e-19
1787278790.999039,resting,fast,1787278739.9715214,-247.5218692400681,-188.65213220396197,1354.8258534343067,14.148909915296205,-18.56414019300496,2.9799696472496835e-19
1787278791.0123544,resting,fast,1787278739.9715214,-248.36463112423144,-187.41595013931317,1355.5491685000006,14.05619626044751,-18.62734733431723,2.979348140622472e-19
1787278791.0212748,resting,fast,1787278739.9715214,-249.5658738512534,-189.14039902244065,1356.818669949068,14.185529926682197,-18.71744053884406,2.978335362342783e-19
1787278791.0323942,resting,fast,1787278739.9715214,-247.42399834538492,-186.87293975348564,1348.1058983527046,14.015470481510409,-18.556799875903565,2.97040938057949e-19
1787278791.045007,resting,fast,1787278739.9715214,-245.8023323557577,-185.71381087766724,1346.222630291445,13.928535815823953,-18.43517492668156,2.9693514424120083e-19
1787278791.0546575,resting,fast,1787278739.9715214,-244.6003046340279,-184.63192970302487,1342.0475838316243,13.847394727725618,-18.345022847551903,2.969462560919713e-19
1787278791.065547,resting,fast,1787278739.9715214,-245.65696228988645,-185.89409631144633,1342.619114831422,13.942057223357057,-18.424272171741237,2.974140501833427e-19
1787278791.0787237,resting,fast,1787278739.9715214,-246.67443286027765,-186.60781194537606,1345.2444056522318,13.995585895902057,-18.500582464520555,2.978598789900557e-19
1787278791.0878513,resting,fast,1787278739.9715214,-247.851044499585,-187.97117930713364,1347.5745276702573,14.09783844803383,-18.58882833746862,2.9828991245122763e-19
1787278791.0989408,resting,fast,1787278739.9715214,-248.006208614966,-187.56295186438922,1351.2266128862093,14.067221389828038,-18.600465646122373,2.979911139716804e-19
1787278791.1113994,resting,fast,1787278739.9715214,-247.0778543090505,-186.94538417671185,1350.0516191818851,14.02090381325208,-18.530839073178704,2.975268852044631e-19
1787278791.121162,resting,fast,1787278739.9715214,-245.47425725325184,-185.65955955800007,1347.1251230082935,13.924466966848914,-18.410569293993618,2.969698721953024e-19
1787278791.1323764,resting,fast,1787278739.9715214,-244.1019994604717,-184.8652454041993,1342.1070886477837,13.864893405313783,-18.307649959535276,2.9700427283378737e-19
1787278791.1453671,resting,fast,1787278739.9715214,-244.49570149044348,-184.47851912499652,1343.1229122892137,13.835888934373632,-18.337177611782984,2.975314556734379e-19
1787278791.1544015,resting,fast,1787278739.9715214,-244.82547057789043,-183.60699881723906,1343.9545255558778,13.77052491129172,-18.361910293341687,2.9759375146503125e-19
1787278791.1655462,resting,fast,1787278739.9715214,-245.6745991846933,-185.4937955641161,1345.9288791680128,13.91203466730747,-18.425594938852043,2.977425669758472e-19
1787278791.1792765,resting,fast,1787278739.9715214,-244.71081734643167,-185.09684734493624,1345.525213332895,13.882263550868874,-18.353311300982405,2.972489720518915e-19
1787278791.1876624,resting,fast,1787278739.9715214,-245.4392947176143,-186.01461369616493,1345.796849021307,13.951096027211182,-18.407947103820916,2.9710554583388494e-19
1787278791.1988354,resting,fast,1787278739.9715214,-245.75220722005588,-186.03508660616365,1346.5671637907662,13.95263149546108,-18.43141554150401,2.9671168606806136e-19
1787278791.211952,resting,fast,1787278739.9715214,-246.80153895563717,-187.7869824137373,1344.8924917922786,14.084023681029098,-18.5101154216728,2.969146628688904e-19
1787278791.2211394,resting,fast,1787278739.9715214,-246.47361931589649,-185.99063443797525,1346.9516990711172,13.949297582846956,-18.485521448692225,2.9692427840892946e-19
1787278791.2322264,resting,fast,1787278739.9715214,-247.7239989536679,-185.21040121931526,1351.1086228251052,13.89078009144733,-18.579299921525063,2.9773325782556403e-19
1787278791.2463105,resting,fast,1787278739.9715214,-246.6223892435014,-184.22965674801196,1350.1266187999454,13.817224256099681,-18.496679193262544,2.9769110038539587e-19
1787278791.2541742,resting,fast,1787278739.9715214,-246.8560081368364,-186.61011830756263,1349.9662586573186,13.99575887306607,-18.514200610262726,2.9789576947224425e-19
1787278791.2654412,resting,fast,1787278739.9715214,-246.1298432233748,-186.549522490909,1349.5076952986265,13.991214186816922,-18.459738241752994,2.980098649676898e-19
1787278791.279189,resting,fast,1787278739.9715214,-245.86035836299425,-186.6431293895406,1343.7038954993486,13.998234704214145,-18.43952687722441,2.9769206381240386e-19
1787278791.2876036,resting,fast,1787278739.9715214,-246.24100807166678,-187.1343181160488,1343.006882930299,14.035073858702422,-18.468075605375056,2.975953805943841e-19
1787278791.2987463,resting,fast,1787278739.9715214,-245.24279171990975,-186.67220289059458,1339.2400483172487,14.000415216793574,-18.393209378992935,2.9704588836413437e-19
1787278791.3131797,resting,fast,1787278739.9715214,-245.9137465344852,-186.5781225569957,1342.3759229597463,13.993359191773354,-18.443530990086494,2.969280377712789e-19
1787278791.3209379,resting,fast,1787278739.9715214,-245.20892451120972,-184.30355789179828,1343.7927561776278,13.82276684188361,-18.390669338340594,2.968824495007356e-19
1787278791.3320289,resting,fast,1787278739.9715214,-246.35203149298786,-183.60375239774442,1344.9944606551735,13.77028142982994,-18.476402361973783,2.963932174389877e-19
1787278791.3432736,resting,fast,1787278739.9715214,-246.6415226867989,-183.369516888166,1348.7020806461433,13.752713766611127,-18.498114201509694,2.9674462013652144e-19
1787278791.3541317,resting,fast,1787278739.9715214,-247.3647760191675,-185.01241137923228,1351.3265040806173,13.87593085344118,-18.5523582014372,2.9703961647522446e-19
1787278791.3654528,resting,fast,1787278739.9715214,-246.59678175830186,-186.3883903166494,1354.0822960984178,13.979129273747535,-18.49475863187252,2.978971993822766e-19
1787278791.3790362,resting,fast,1787278739.9715214,-246.5074504502195,-187.22059093352493,1353.9026218081917,14.041544320013049,-18.488058783766164,2.979936030791745e-19
1787278791.3875227,resting,fast,1787278739.9715214,-245.86838019642846,-187.14311482226424,1349.3916911031383,14.035733611668707,-18.440128514732024,2.9762357005741017e-19
1787278791.3985577,resting,fast,1787278739.9715214,-245.9601280603415,-185.4908221333609,1348.013392273734,13.91181166000111,-18.447009604525476,2.974418887666347e-19
1787278791.4123874,resting,fast,1787278739.9715214,-245.3874355171797,-185.1091727243071,1344.816547993928,13.883187954322057,-18.404057663788592,2.971457025976821e-19
1787278791.4205868,resting,fast,1787278739.9715214,-245.54228298868065,-186.69614028766216,1347.9614787305372,14.002210521573591,-18.41567122415084,2.973224299250137e-19
1787278791.4320335,resting,fast,1787278739.9715214,-244.17651391060417,-187.68942887807555,1345.5782940978434,14.07670716585466,-18.313238543294972,2.9708593681431807e-19
1787278791.4430916,resting,fast,1787278739.9715214,-244.73456499158465,-187.60124297724894,1349.1064984780069,14.070093223292563,-18.355092374368596,2.9709695689768887e-19
1787278791.4541116,resting,fast,1787278739.9715214,-245.8528987400182,-187.5380891915662,1349.197955682982,14.065356689366357,-18.438967405501145,2.9717146681252917e-19
1787278791.4652011,resting,fast,1787278739.9715214,-247.84965394869005,-187.24322820064674,1355.8237320637372,14.043242115047224,-18.58872404615156,2.978878173540012e-19
1787278791.4764364,resting,fast,1787278739.9715214,-246.97736781533104,-186.74862343962047,1349.3293870184816,14.006146757970246,-18.523302586149647,2.976562688408387e-19
1787278791.487473,resting,fast,1787278739.9715214,-246.95995040381194,-185.27818727017836,1349.8500967231694,13.895864045262133,-18.521996280285585,2.9805344582980656e-19
1787278791.49847,resting,fast,1787278739.9715214,-246.43914980996715,-186.69754251616348,1347.763571878123,14.00231568871121,-18.48293623574756,2.980749141679309e-19
1787278791.5097635,resting,fast,1787278739.9715214,-248.0360512236416,-186.8474036667359,1357.4417801136688,14.01355527500407,-18.602703841772787,2.987902197138465e-19
1787278791.5207705,resting,fast,1787278739.9715214,-246.9855490939167,-187.86078827256426,1356.739516484883,14.089559120441184,-18.52391618204367,2.983012776867767e-19
1787278791.5318782,resting,fast,1787278739.9715214,-248.2046593578957,-187.89478930023245,1358.2078934792926,14.092109197516468,-18.615349451841915,2.979641131583387e-19
1787278791.5431867,resting,fast,1787278739.9715214,-249.00586546414752,-189.09697753067087,1357.8051420284764,14.182273314799108,-18.675439909810805,2.978328962636475e-19
1787278791.5539641,resting,fast,1787278739.9715214,-249.98024460243187,-188.32576140811682,1359.3657051283653,14.124432105607543,-18.748518345182234,2.980416440507676e-19
1787278791.5651019,resting,fast,1787278739.9715214,-249.42937425720493,-189.23905587554066,1355.6111949832639,14.192929190664263,-18.707203069290202,2.978264153777629e-19
1787278791.579168,resting,fast,1787278739.9715214,-248.80540063957096,-188.81237619054093,1355.3909830065504,14.160928214289502,-18.660405047967544,2.9765168791597155e-19
1787278791.587296,resting,fast,1787278739.9715214,-247.72713090091065,-190.25359190953384,1353.4727799207913,14.269019393213885,-18.579534817567904,2.977482134769306e-19
1787278791.59847,resting,fast,1787278739.9715214,-247.6029691799272,-188.19768052894312,1357.0776623593129,14.114826039669598,-18.570222688494354,2.97969786100787e-19
1787278791.6095698,resting,fast,1787278739.9715214,-246.7906302201768,-189.53784132079716,1354.419419904717,14.215338099058702,-18.50929726651313,2.980920398236343e-19
1787278791.6205063,resting,fast,1787278739.9715214,-247.43818555162534,-188.92998990322792,1354.6773596701978,14.169749242740924,-18.557863916371808,2.9806380131460605e-19
1787278791.6317477,resting,fast,1787278739.9715214,-245.4525793114658,-188.96815281234637,1347.2258201773866,14.172611460924717,-18.408943448359885,2.9763688706184017e-19
1787278791.642782,resting,fast,1787278739.9715214,-246.1537228756747,-187.69559298817978,1353.5068951313779,14.077169474112456,-18.46152921567559,2.9807616112842727e-19
1787278791.6538231,resting,fast,1787278739.9715214,-246.1413371634976,-187.31174472436635,1353.2784670262035,14.0483808543264,-18.460600287262025,2.979248174173322e-19
1787278791.6648614,resting,fast,1787278739.9715214,-248.57706235949945,-187.84786879444084,1360.6985079838732,14.08859015958203,-18.643279676962102,2.98459767749318e-19
1787278791.6761303,resting,fast,1787278739.9715214,-248.06627850603445,-186.46754737580284,1353.3621791148644,13.985066053183889,-18.60497088795232,2.979497625328086e-19
1787278791.687168,resting,fast,1787278739.9715214,-248.53077706046815,-187.30385966922915,1354.6702930331348,14.047789475191028,-18.63980827953484,2.9809598467907187e-19
1787278791.6982787,resting,fast,1787278739.9715214,-247.35471855395963,-188.56273362295804,1351.0207747563445,14.142205021720603,-18.551603891546968,2.9779992544916725e-19
1787278791.709464,resting,fast,1787278739.9715214,-247.35648122586417,-190.19348082483532,1352.7521291523562,14.264511061861672,-18.551736091939894,2.978920123851561e-19
1787278791.7205698,resting,fast,1787278739.9715214,-246.48684787740467,-187.6473533184386,1352.4121074988589,14.07355149888173,-18.48651359080518,2.977914457691415e-19
1787278791.7317195,resting,fast,1787278739.9715214,-246.6763935228687,-186.67087896193527,1355.0005462548916,14.000315922144114,-18.500729514215074,2.979532813177594e-19
1787278791.7428048,resting,fast,1787278739.9715214,-246.70579024353492,-186.9852403990459,1353.9911005234871,14.023893029927283,-18.502934268264802,2.978874782115889e-19
1787278791.7537258,resting,fast,1787278739.9715214,-246.63496634252306,-188.76771736940862,1352.167692280208,14.157578802704538,-18.497622475689028,2.97636162560191e-19
1787278791.7649705,resting,fast,1787278739.9715214,-247.052114482462,-190.9139291957805,1348.8953014570661,14.318544689682316,-18.528908586184528,2.972930031722669e-19
1787278791.7760456,resting,fast,1787278739.9715214,-246.6886947924554,-189.43230234967962,1352.0867691416506,14.20742267622477,-18.501652109434026,2.9751940734211626e-19
1787278791.7870471,resting,fast,1787278739.9715214,-247.22201854357672,-189.15330347269185,1355.8446256235557,14.186497760450667,-18.541651390768322,2.978607032556086e-19
1787278791.7981658,resting,fast,1787278739.9715214,-247.6264189910412,-187.3277811308243,1360.7758426432401,14.049583584810723,-18.571981424327966,2.9851864104280168e-19
1787278791.8093286,resting,fast,1787278739.9715214,-247.49690562198657,-187.10601177344245,1356.0229987791836,14.03295088300688,-18.562267921649024,2.979575225732687e-19
1787278791.8204672,resting,fast,1787278739.9715214,-247.73942795939047,-187.21696397946846,1356.454683449695,14.041272298458896,-18.580457096953836,2.9804484634323876e-19
1787278791.831574,resting,fast,1787278739.9715214,-247.2219151812419,-187.6002547759457,1350.9127728972971,14.070019108194888,-18.5416436385929,2.9758511648892558e-19
1787278791.84268,resting,fast,1787278739.9715214,-247.63398769987498,-189.55495435161436,1351.494512047665,14.216621576369779,-18.57254907749042,2.9789945629058756e-19
1787278791.853642,resting,fast,1787278739.9715214,-247.05565652541236,-189.70559439798274,1345.9572080974713,14.227919579847455,-18.529174239405705,2.973375375650245e-19
1787278791.864897,resting,fast,1787278739.9715214,-246.83910859639536,-188.74407802572853,1348.1130239190907,14.155805851928509,-18.512933144729416,2.972076043140716e-19
1787278791.8759453,resting,fast,1787278739.9715214,-248.22373882965303,-188.22998584430354,1353.1407595174287,14.117248938321712,-18.616780412223818,2.972025215941378e-19
1787278791.8870344,resting,fast,1787278739.9715214,-247.55887369959373,-186.96564130842887,1350.8285800132517,14.02242309813116,-18.56691552746939,2.9704275228814553e-19
1787278791.8981469,resting,fast,1787278739.9715214,-247.8350504715122,-188.1988470088478,1351.7262495614768,14.114913525662548,-18.587628785363343,2.9722035499878065e-19
1787278791.9092426,resting,fast,1787278739.9715214,-247.1662120571077,-188.00271195224116,1348.653558313551,14.100203396416877,-18.53746590428294,2.9715021823639496e-19
1787278791.9203796,resting,fast,1787278739.9715214,-248.5608426094036,-189.37211963885477,1352.5578024804227,14.202908972912713,-18.64206319570519,2.973395110571133e-19
1787278791.931471,resting,fast,1787278739.9715214,-249.0402784688481,-187.99948565872603,1355.1490040776653,14.099961424403322,-18.678020885163363,2.975756092142202e-19
1787278791.942619,resting,fast,1787278739.9715214,-248.83638010052755,-186.649820514809,1355.0991204194497,13.998736538609482,-18.66272850753939,2.9750249628603543e-19
1787278791.953685,resting,fast,1787278739.9715214,-248.38536396745485,-185.60729895218753,1359.179304949047,13.920547421412795,-18.628902297558966,2.979462892189388e-19
1787278791.9647331,resting,fast,1787278739.9715214,-247.77353382668798,-186.07670735901445,1354.7443801222826,13.95575305192482,-18.583015037001537,2.9716597006768915e-19
1787278791.9758904,resting,fast,1787278739.9715214,-247.59067831219045,-186.52454586700412,1353.9242419188568,13.989340940024224,-18.56930087341403,2.972019358211185e-19
1787278791.9869864,resting,fast,1787278739.9715214,-248.1344730434098,-186.7091839116905,1352.9760856766907,14.00318879337576,-18.610085478255527,2.97157150830681e-19
1787278791.9980302,resting,fast,1787278739.9715214,-248.1569457766168,-185.26002671762205,1354.9026300557389,13.89450200382078,-18.611770933246063,2.975056968818665e-19
1787278792.0091958,resting,fast,1787278739.9715214,-246.25440884231512,-184.5406883722311,1349.3276103028975,13.840551627916202,-18.46908066317348,2.971216310005292e-19
1787278792.0200028,resting,fast,1787278739.9715214,-245.22457298796826,-183.50072186807859,1347.5303999928137,13.762554140104772,-18.391842974097365,2.970504276484423e-19
1787278792.0312443,resting,fast,1787278739.9715214,-245.6526000023282,-185.24416053909965,1348.078965195008,13.893312040431187,-18.42394500017449,2.9748004305197556e-19
1787278792.0422277,resting,fast,1787278739.9715214,-248.7468003699346,-186.41514863527289,1357.6353389296373,13.981136147644168,-18.656010027744927,2.980205636537539e-19
1787278792.053223,resting,fast,1787278739.9715214,-249.2306369984667,-188.86435390784152,1358.6283372897624,14.164826543086907,-18.692297774884487,2.9815126468495505e-19
1787278792.064529,resting,fast,1787278739.9715214,-248.09620094927004,-189.15445185948363,1354.7403282618316,14.186583889460199,-18.60721507119515,2.981803472415203e-19
1787278792.0756567,resting,fast,1787278739.9715214,-245.880809313589,-187.85085764346093,1351.0251688750786,14.088814323258394,-18.44106069851903,2.980713345574467e-19
1787278792.0867774,resting,fast,1787278739.9715214,-246.04411536126236,-186.03289037388424,1351.767871629635,13.95246677803991,-18.453308652094663,2.982274379649918e-19
1787278792.0979974,resting,fast,1787278739.9715214,-247.14480462936126,-185.36662474873276,1353.5061484130174,13.90249685615392,-18.53586034720209,2.9775975301289714e-19
1787278792.109171,resting,fast,1787278739.9715214,-248.21337678870213,-187.46943767863638,1352.5771205856045,14.060207825896587,-18.6160032591524,2.977240868364108e-19
1787278792.1200912,resting,fast,1787278739.9715214,-248.9368025748804,-188.8841893216353,1351.8180165692183,14.16631419912169,-18.670260193115922,2.973709087613946e-19
1787278792.130971,resting,fast,1787278739.9715214,-248.16084333650315,-187.83136086056982,1348.1954554251906,14.087352064541552,-18.612063250237433,2.9684846585818423e-19
1787278792.1421757,resting,fast,1787278739.9715214,-249.10546838206346,-187.19997639501673,1352.1199369395208,14.039998229625088,-18.682910128654278,2.9728226706787692e-19
1787278792.153438,resting,fast,1787278739.9715214,-248.41211877621163,-186.647264622335,1349.119796612259,13.998544846673884,-18.630908908215538,2.974600915883223e-19
1787278792.1645367,resting,fast,1787278739.9715214,-248.36863983466128,-186.93149515695166,1353.3637976853051,14.019862136770346,-18.62764798759948,2.9797376563104174e-19
1787278792.1757596,resting,fast,1787278739.9715214,-248.04488594610893,-188.49541519056572,1352.2880854571913,14.137156139291452,-18.603366445958073,2.9785808681527493e-19
1787278792.1867628,resting,fast,1787278739.9715214,-247.44213587551394,-188.70925942473366,1352.7375203756865,14.153194456853985,-18.558160190663493,2.9763389897588963e-19
1787278792.1979191,resting,fast,1787278739.9715214,-248.98060827788095,-189.37242063578867,1354.5662828983068,14.202931547682997,-18.67354562084082,2.980651785804818e-19
1787278792.211996,resting,fast,1787278739.9715214,-249.12517699407226,-188.22659484058374,1355.3217552605975,14.116994613042753,-18.68438827455521,2.979716052649726e-19
1787278792.2201219,resting,fast,1787278739.9715214,-249.51549028278214,-189.1045448892777,1353.6910362866138,14.182840866694708,-18.713661771208344,2.9804406931209437e-19
1787278792.2311985,resting,fast,1787278739.9715214,-247.92471892045296,-188.68118677504037,1351.911252283905,14.15108900812685,-18.594353919033786,2.9740606219685254e-19
1787278792.2422845,resting,fast,1787278739.9715214,-247.36789607359106,-188.64909170925182,1349.5508140444572,14.148681878192807,-18.552592205519247,2.971279176707367e-19
1787278792.2532682,resting,fast,1787278739.9715214,-247.022848920074,-186.15603404079764,1353.5503125681635,13.961702553058576,-18.526713669005375,2.9704752275144084e-19
1787278792.2641618,resting,fast,1787278739.9715214,-246.97898767188008,-185.70404463922307,1352.8117051911331,13.9278033479407,-18.523424075390793,2.976457251198912e-19
1787278792.2782326,resting,fast,1787278739.9715214,-246.4460825361234,-185.036598764858,1350.5021650101526,13.877744907362942,-18.483456190208997,2.9787052165924054e-19
1787278792.2866762,resting,fast,1787278739.9715214,-245.05157621658736,-186.4222361463718,1344.2376348848456,13.981667710976698,-18.37886821624413,2.976282350450713e-19
1787278792.2977493,resting,fast,1787278739.9715214,-245.54171718568114,-187.1619657759237,1345.6426884802777,14.037147433193045,-18.415628788926142,2.9725264997401735e-19
1787278792.3118951,resting,fast,1787278739.9715214,-246.00330293912657,-187.12637802432948,1348.909523617186,14.03447835182347,-18.45024772043442,2.9734385606623906e-19
1787278792.3197248,resting,fast,1787278739.9715214,-247.1298124113623,-187.02970545947835,1348.988793147103,14.02722790945987,-18.534735930852065,2.973314271323119e-19
1787278792.3310714,resting,fast,1787278739.9715214,-246.20274341560753,-186.83220524990486,1341.6670954073224,14.012415393741666,-18.46520575617054,2.9713646495306706e-19
1787278792.3446615,resting,fast,1787278739.9715214,-245.31087761059143,-187.00272734419343,1339.6430947032086,14.025204550813203,-18.39831582079421,2.9685366930983137e-19
1787278792.3532422,resting,fast,1787278739.9715214,-245.82337928936477,-187.08790761755438,1342.4556939990298,14.031593071315474,-18.436753446702006,2.9703724693277433e-19
1787278792.364296,resting,fast,1787278739.9715214,-247.21444646820555,-187.6022843696852,1349.132318375775,14.07017132772518,-18.541083485115237,2.974690553300353e-19
1787278792.377849,resting,fast,1787278739.9715214,-248.64003448871745,-188.95515202081413,1354.170546581724,14.171636401559898,-18.648002586653597,2.9799752467769124e-19
1787278792.3862705,resting,fast,1787278739.9715214,-247.81971822583864,-188.54385529414424,1352.4139434325452,14.140789147059667,-18.586478866937654,2.979888793941233e-19
1787278792.39763,resting,fast,1787278739.9715214,-246.44101467267183,-187.75491249633535,1347.6307297385492,14.081618437224154,-18.483076100450134,2.976545135099947e-19
1787278792.4109457,resting,fast,1787278739.9715214,-246.39240846612074,-186.82904977134365,1345.1975346684621,14.012178732849438,-18.479430634958746,2.973392239658158e-19
1787278792.4197435,resting,fast,1787278739.9715214,-246.76260417776984,-187.1114770260641,1346.7280327816961,14.033360776953348,-18.50719531333243,2.974540563914297e-19
1787278792.4308777,resting,fast,1787278739.9715214,-248.614566092087,-188.02233214933324,1352.2583827261797,14.101674911198774,-18.646092456906388,2.976908552765422e-19
1787278792.4445705,resting,fast,1787278739.9715214,-247.87412684767924,-185.96425274887235,1353.415083106428,13.947318956164498,-18.5905595135757,2.97749082114745e-19
1787278792.4529836,resting,fast,1787278739.9715214,-248.27062745978265,-187.0687315013057,1355.4535218383853,14.030154862596834,-18.620297059483512,2.9772020761384364e-19
1787278792.464306,resting,fast,1787278739.9715214,-246.94459384105585,-185.58220069136144,1349.975230242203,13.918665051850727,-18.520844538079146,2.97570897974115e-19
1787278792.4768739,resting,fast,1787278739.9715214,-245.91875028962158,-187.49414923853567,1347.613113172686,14.062061192889093,-18.443906271721403,2.975600542882952e-19
1787278792.4863875,resting,fast,1787278739.9715214,-245.4121206434661,-185.7237182377977,1343.986820935207,13.929278867833663,-18.40590904825985,2.977125300085175e-19
1787278792.4974456,resting,fast,1787278739.9715214,-246.73486362758422,-187.45136336043777,1351.2434402414501,14.05885225203166,-18.50511477206885,2.9796381555417352e-19
1787278792.510424,resting,fast,1787278739.9715214,-248.15064324216155,-187.84624154299684,1353.5070785576836,14.08846811572366,-18.61129824316206,2.981738913895609e-19
1787278792.5196598,resting,fast,1787278739.9715214,-247.36675042144861,-188.9612013327427,1353.121572208468,14.17209009995462,-18.552506281608693,2.982896753439989e-19
1787278792.530855,resting,fast,1787278739.9715214,-245.5429512551832,-188.01723825761235,1347.327838111375,14.101292869319654,-18.415721344138547,2.979433329775373e-19
1787278792.5432928,resting,fast,1787278739.9715214,-245.91199900688525,-188.77974580708235,1343.653712501723,14.158480935530012,-18.443399925516168,2.9762576092864017e-19
1787278792.553081,resting,fast,1787278739.9715214,-246.2451127664558,-188.11762217564922,1342.5730503575496,14.108821663172481,-18.46838345748406,2.9734593274344796e-19
1787278792.5640953,resting,fast,1787278739.9715214,-247.64747618375486,-189.91858900656882,1347.8611589042293,14.243894175491423,-18.573560713781475,2.980093822231216e-19
1787278792.5766847,resting,fast,1787278739.9715214,-247.0130202702817,-188.72020663099272,1352.6688642308663,14.154015497323318,-18.525976520271115,2.9833390001578966e-19
1787278792.5863125,resting,fast,1787278739.9715214,-247.58236039199937,-188.76544692880464,1354.8273432537962,14.157408519659217,-18.568677029399566,2.985112970771672e-19
1787278792.5974407,resting,fast,1787278739.9715214,-246.20932042312188,-186.50761852572475,1349.9855129989855,13.988071389428033,-18.465699031734005,2.979078017610236e-19
1787278792.6092606,resting,fast,1787278739.9715214,-246.57550315135586,-187.04723974429714,1345.7637456305138,14.028542980820934,-18.49316273635162,2.9734473552440765e-19
1787278792.6195338,resting,fast,1787278739.9715214,-246.53978961979328,-186.10203868842552,1346.0144658455965,13.95765290163067,-18.490484221484294,2.9733654492251976e-19
1787278792.6307118,resting,fast,1787278739.9715214,-246.51007557677121,-187.12072309248617,1347.0368344840308,14.03405423193546,-18.488255668257636,2.979958159659953e-19
1787278792.6426516,resting,fast,1787278739.9715214,-247.217592427603,-186.99132053086134,1351.776555002144,14.024349039813632,-18.541319432070118,2.9821888895353685e-19
1787278792.6528814,resting,fast,1787278739.9715214,-246.2341576971653,-187.1415416369715,1349.4772308203655,14.035615622771775,-18.467561827287426,2.9761183608066925e-19
1787278792.6639588,resting,fast,1787278739.9715214,-247.0332482977842,-188.5910831471332,1349.5542241652083,14.144331236033882,-18.527493622333516,2.975172634986949e-19
1787278792.675126,resting,fast,1787278739.9715214,-245.15174641459498,-188.54078272355775,1343.5693060726417,14.14055870426569,-18.38638098109442,2.9737414661433426e-19
1787278792.6861796,resting,fast,1787278739.9715214,-246.02990794724292,-188.5540756401714,1344.284709712555,14.141555673011784,-18.45224309604299,2.9817521068957873e-19
1787278792.6973622,resting,fast,1787278739.9715214,-246.40575221527024,-187.03240786198637,1348.8614460030922,14.027430589647938,-18.48043141614506,2.9815656680206585e-19
1787278792.708828,resting,fast,1787278739.9715214,-247.03851575831277,-186.8572469261161,1349.5759659651312,14.01429351945757,-18.527888681873428,2.9827837671594113e-19
1787278792.7195978,resting,fast,1787278739.9715214,-247.14437531007525,-187.61958180785552,1353.4600780219598,14.071468635588037,-18.53582814825564,2.9829041754728655e-19
1787278792.7307088,resting,fast,1787278739.9715214,-246.89194819108388,-187.56325215600907,1348.7688593153007,14.06724391169961,-18.51689611433101,2.978814186802479e-19
1787278792.7417645,resting,fast,1787278739.9715214,-247.03309242857222,-186.92792685958068,1350.5327938522323,14.019594514467489,-18.527481932142784,2.980381692689515e-19
1787278792.7527394,resting,fast,1787278739.9715214,-245.79265358080875,-186.49842730721537,1344.357578239632,13.98738204804005,-18.43444901856057,2.9762779715025327e-19
1787278792.7639253,resting,fast,1787278739.9715214,-245.35147275237568,-185.19858960237627,1345.4655349256109,13.88989422017693,-18.40136045642786,2.9810193467018365e-19
1787278792.7753046,resting,fast,1787278739.9715214,-245.40351951722687,-185.92440380112555,1343.129246115398,13.944330285083044,-18.40526396379191,2.9793663012894365e-19
1787278792.786096,resting,fast,1787278739.9715214,-245.5865815172815,-185.5117469740568,1345.8336434173643,13.913381023052995,-18.418993613795863,2.9763442854385135e-19
1787278792.7973394,resting,fast,1787278739.9715214,-245.74938920025443,-186.37075035492092,1346.3601977479366,13.977806276617972,-18.43120419001894,2.9707032551442874e-19
1787278792.808409,resting,fast,1787278739.9715214,-245.3260969021453,-185.68205823712776,1347.136385060613,13.926154367783585,-18.39945726766075,2.968493948953848e-19
1787278792.8194451,resting,fast,1787278739.9715214,-245.0892249303247,-186.25424536619118,1346.7204777750349,13.969068402463211,-18.38169186977411,2.970000363073444e-19
1787278792.8303301,resting,fast,1787278739.9715214,-244.18722110477347,-184.36955317987906,1345.70723445951,13.827716488489674,-18.31404158285762,2.970667537426067e-19
1787278792.8414865,resting,fast,1787278739.9715214,-244.91356697227138,-184.46783543109098,1347.6710214045897,13.835087657330522,-18.36851752291998,2.9755630806903427e-19
1787278792.8527322,resting,fast,1787278739.9715214,-245.79521124051325,-185.36281019389514,1348.645812396694,13.902210764541085,-18.434640843038302,2.9808403979554195e-19
1787278792.8637428,resting,fast,1787278739.9715214,-246.41352110279104,-187.7662036801902,1346.5145962741017,14.082465276013114,-18.481014082709045,2.981280256330725e-19
1787278792.8748538,resting,fast,1787278739.9715214,-245.55345893051935,-187.01120613536216,1345.528763996118,14.025840460151034,-18.416509419788675,2.9795716561678016e-19
1787278792.8859172,resting,fast,1787278739.9715214,-244.4342990759228,-185.84388222758173,1340.6209762275075,13.938291167067451,-18.33257243069373,2.9703303233772127e-19
1787278792.8972678,resting,fast,1787278739.9715214,-243.8465201967615,-185.2877622356183,1338.635817033818,13.896582167670235,-18.288489014756912,2.9684473880296527e-19
1787278792.9083877,resting,fast,1787278739.9715214,-243.80329038877198,-186.6072890364677,1334.1991408584627,13.99554667773383,-18.28524677915756,2.9648960110542416e-19
1787278792.919318,resting,fast,1787278739.9715214,-244.62437514553176,-185.8216127198176,1339.4540585892673,13.936620953985017,-18.34682813591484,2.973043223592524e-19
1787278792.9305365,resting,fast,1787278739.9715214,-245.91362101501772,-186.77144650466437,1343.5264184090584,14.007858487848512,-18.443521576126244,2.9751840680327217e-19
1787278792.9415722,resting,fast,1787278739.9715214,-246.701984457673,-186.93239098028732,1348.8917018551901,14.019929323520277,-18.502648834325207,2.980689851696333e-19
1787278792.952617,resting,fast,1787278739.9715214,-247.3029104038983,-188.88703588797887,1344.75790137053,14.166527691597114,-18.54771828029235,2.9808247572176376e-19
1787278792.963958,resting,fast,1787278739.9715214,-245.74755677639178,-187.64880102266818,1339.2265795731773,14.07366007669886,-18.43106675822915,2.9749454574766663e-19
1787278792.9749506,resting,fast,1787278739.9715214,-244.5924121865669,-185.90015502122253,1338.8578855530695,13.942511626590562,-18.34443091399251,2.9696964576878386e-19
1787278792.9860191,resting,fast,1787278739.9715214,-244.08918667717398,-184.26414884871235,1338.712770680787,13.819811163652364,-18.306689000787877,2.966273099248455e-19
1787278792.9972734,resting,fast,1787278739.9715214,-245.00476862901314,-183.87241879653436,1342.9862119170402,13.790431409739003,-18.375357647175825,2.973425185211373e-19
1787278793.0080829,resting,fast,1787278739.9715214,-245.74685560148146,-184.87525371769846,1340.6715046165273,13.865644028826143,-18.431014170111006,2.975179648197896e-19
1787278793.0192244,resting,fast,1787278739.9715214,-244.60933050308222,-185.34103587873426,1338.8590723771786,13.900577690903848,-18.34569978773078,2.9746782919755356e-19
1787278793.0305061,resting,fast,1787278739.9715214,-243.6481905369542,-184.88125943551756,1338.5939493000542,13.866094457662715,-18.273614290271354,2.972549977458513e-19
1787278793.041489,resting,fast,1787278739.9715214,-243.76303505845908,-184.91880677424194,1342.2355495384809,13.868910508066978,-18.282227629384153,2.9770870130282257e-19
1787278793.052208,resting,fast,1787278739.9715214,-244.65699515920778,-185.27399706768654,1345.75357621475,13.895549780075417,-18.349274636940095,2.9754521675386007e-19
1787278793.0635867,resting,fast,1787278739.9715214,-244.43045154076526,-185.307975528278,1345.3259279079803,13.898098164619757,-18.332283865557095,2.9723277664497947e-19
1787278793.074831,resting,fast,1787278739.9715214,-243.24956930027793,-185.06453580700406,1337.826936812232,13.879840185524149,-18.2437176975207,2.9625838736757313e-19
1787278793.085683,resting,fast,1787278739.9715214,-243.25158704474097,-183.349307381137,1337.4691766195274,13.75119805358425,-18.24386902835525,2.961513889992401e-19
1787278793.0970154,resting,fast,1787278739.9715214,-245.02463641726763,-186.02645127590642,1340.4401708152154,13.951983845691746,-18.37684773129483,2.9695239364246316e-19
1787278793.1079824,resting,fast,1787278739.9715214,-244.76785085382608,-185.97591142432486,1343.5891283873416,13.948193356823271,-18.35758881403695,2.9709774916635013e-19
1787278793.118866,resting,fast,1787278739.9715214,-243.95922276309602,-186.36139598799843,1343.5025890167808,13.977104699098792,-18.29694170723196,2.970487670172802e-19
1787278793.1301715,resting,fast,1787278739.9715214,-242.70685344277308,-183.44138157578197,1341.2772619277866,13.758103618182464,-18.20301400820771,2.9625229838834844e-19
1787278793.14129,resting,fast,1787278739.9715214,-244.37304334464216,-184.19541017767108,1344.3555909475535,13.814655763324073,-18.32797825084782,2.9674675932206044e-19
1787278793.1522691,resting,fast,1787278739.9715214,-245.53757028454447,-185.3188946619183,1345.2467546291055,13.898917099642649,-18.415317771340447,2.969707949120849e-19
1787278793.1634529,resting,fast,1787278739.9715214,-244.99775658393764,-187.356052457258,1346.059278801994,14.051703934293162,-18.37483174379514,2.975216338930393e-19
1787278793.1745312,resting,fast,1787278739.9715214,-244.55863798375367,-187.23543298983498,1345.831692884546,14.042657474236453,-18.341897848781457,2.9743745490910416e-19
1787278793.1856585,resting,fast,1787278739.9715214,-244.97392375989193,-187.3729880096547,1349.5888865457573,14.052974100723024,-18.373044281992037,2.9812287158902243e-19
1787278793.1967247,resting,fast,1787278739.9715214,-245.6315956111589,-186.89751340506143,1349.3689150356304,14.017313505378613,-18.42236967083688,2.9792132996988583e-19
1787278793.207978,resting,fast,1787278739.9715214,-245.50247886697116,-187.0565039289928,1348.1486023812677,14.029237794673538,-18.412685915022514,2.9787119791609693e-19
1787278793.2190754,resting,fast,1787278739.9715214,-245.3433266960933,-187.3306192534559,1343.3333427190855,14.049796444008084,-18.40074950220695,2.969241063464091e-19
1787278793.230171,resting,fast,1787278739.9715214,-245.87432645582203,-187.674439071474,1342.834433582194,14.07558293035942,-18.440574484186314,2.9681422563750467e-19
1787278793.2412436,resting,fast,1787278739.9715214,-246.23152824993622,-186.65734902261863,1344.9213338689033,13.999301176695543,-18.467364618744988,2.968720419709981e-19
1787278793.252117,resting,fast,1787278739.9715214,-245.60797272230457,-185.8922549801997,1348.9543264083977,13.941919123513888,-18.420597954172635,2.9754892595118097e-19
1787278793.2633867,resting,fast,1787278739.9715214,-245.56263915049067,-184.65026142303384,1349.770268414325,13.84876960672631,-18.417197936286534,2.978601265546407e-19
1787278793.2743096,resting,fast,1787278739.9715214,-245.75878458269426,-184.1510084179671,1348.8070665630103,13.811325631346254,-18.43190884370167,2.97850840050689e-19
1787278793.2853174,resting,fast,1787278739.9715214,-247.3600516181209,-184.67755923712195,1348.7740022678254,13.850816942782917,-18.55200387135875,2.975512802821191e-19
1787278793.2966616,resting,fast,1787278739.9715214,-248.18527399295317,-184.46142907996716,1349.5492821077814,13.834607180996375,-18.613895549471174,2.97391262873895e-19
1787278793.3077793,resting,fast,1787278739.9715214,-248.11056048946784,-186.51917995283623,1349.4118257428336,13.98893849646159,-18.608292036709905,2.9746377862622895e-19
1787278793.3189232,resting,fast,1787278739.9715214,-247.4652521987814,-185.19653548272765,1348.7104647242404,13.889740161203793,-18.5598939149087,2.9763698831649862e-19
1787278793.3300173,resting,fast,1787278739.9715214,-245.93452502150603,-185.4211399423458,1348.3303732390023,13.906585495674737,-18.445089376612756,2.976632694426181e-19
1787278793.3409982,resting,fast,1787278739.9715214,-246.93509769373168,-184.9518477948685,1350.930438741697,13.87138858461417,-18.520132327029643,2.9795774380112744e-19
1787278793.3520963,resting,fast,1787278739.9715214,-247.35454188399626,-186.44674859303598,1353.7036689127444,13.983506144476326,-18.551590641299562,2.9825997605744874e-19
1787278793.363295,resting,fast,1787278739.9715214,-248.4534354143011,-187.3932119694208,1351.6472432045912,14.054490897705353,-18.63400765607242,2.980277826693875e-19
1787278793.374434,resting,fast,1787278739.9715214,-247.86335625690617,-187.09283050482952,1351.4100872205645,14.031962287861194,-18.589751719267817,2.980944599669919e-19
1787278793.3854668,resting,fast,1787278739.9715214,-248.49259616312565,-187.2652766472421,1348.883108335559,14.04489574854205,-18.63694471223444,2.9775004388579684e-19
1787278793.3966737,resting,fast,1787278739.9715214,-248.85208515751538,-187.12636911479228,1349.8535618283158,14.03447768360839,-18.663906386813494,2.976871748475483e-19
1787278793.4075735,resting,fast,1787278739.9715214,-248.457063072055,-187.7256698992752,1348.8514508805174,14.079425242444461,-18.63427973040399,2.9747269396307375e-19
1787278793.4187534,resting,fast,1787278739.9715214,-246.49012925845773,-186.21004449095165,1350.0899414934001,13.965753336820175,-18.486759694384126,2.976940173566074e-19
1787278793.4299374,resting,fast,1787278739.9715214,-246.1592093493241,-186.07711427886363,1351.1739771070943,13.955783570913528,-18.461940701199254,2.9815187471870684e-19
1787278793.4408898,resting,fast,1787278739.9715214,-246.47543157362225,-186.40576219577554,1350.590653468079,13.980432164681776,-18.485657368021663,2.979579856751289e-19
1787278793.4519913,resting,fast,1787278739.9715214,-247.0268724046914,-185.5145404188321,1352.6150954754403,13.91359053141132,-18.527015430351724,2.978153731046905e-19
1787278793.4632304,resting,fast,1787278739.9715214,-246.98981064052305,-185.33965194092946,1351.858551435308,13.900473895568684,-18.52423579803898,2.9735536404814186e-19
1787278793.474084,resting,fast,1787278739.9715214,-246.47762580530843,-184.0381270959855,1349.616503426635,13.802859532197719,-18.485821935397936,2.9707588269614526e-19
1787278793.4853277,resting,fast,1787278739.9715214,-247.24455881242875,-187.30075567735923,1348.0512169069052,14.04755667580115,-18.543341910931872,2.9691041087872293e-19
1787278793.496406,resting,fast,1787278739.9715214,-247.58957439979304,-187.49332203562915,1346.683347554389,14.061999152670996,-18.56921807998443,2.9687730210197543e-19
1787278793.5075321,resting,fast,1787278739.9715214,-246.27494853251528,-187.26421229630898,1340.6582270320914,14.044815922221833,-18.470621139938565,2.9674200163585604e-19
1787278793.5185752,resting,fast,1787278739.9715214,-246.79649257232586,-187.0091323742505,1341.4124260565177,14.025684928067665,-18.509736942924306,2.9698564932438727e-19
1787278793.5294855,resting,fast,1787278739.9715214,-246.28774401002602,-187.2319503840555,1342.3862851568274,14.042396278803029,-18.471580800751703,2.9729731500648555e-19
1787278793.5405426,resting,fast,1787278739.9715214,-247.5768579160963,-187.21714937230502,1348.3027296069895,14.041286202921572,-18.56826434370715,2.974455021248236e-19
1787278793.5519435,resting,fast,1787278739.9715214,-247.7719802557308,-187.11907640803122,1350.9981803944602,14.033930730601146,-18.58289851917978,2.974827032987687e-19
1787278793.5631342,resting,fast,1787278739.9715214,-249.14566617513037,-187.08438084864417,1352.224305243085,14.031328563647111,-18.68592496313466,2.9753917123059585e-19
1787278793.5741596,resting,fast,1787278739.9715214,-249.41890690734408,-186.8577261512943,1356.2656774171855,14.014329461345813,-18.706418018050563,2.9800367354814893e-19
1787278793.5851955,resting,fast,1787278739.9715214,-248.25137895170747,-185.79453529914133,1351.584527281163,13.934590147434395,-18.618853421377807,2.9759426512402007e-19
1787278793.5964563,resting,fast,1787278739.9715214,-247.60112438224542,-186.6293700915238,1349.8137027137427,13.997202756863249,-18.570084328668095,2.975040868401297e-19
1787278793.607312,resting,fast,1787278739.9715214,-247.4104759891211,-187.54073717446943,1348.2912466227544,14.065555288084202,-18.55578569918363,2.973202389581216e-19
1787278793.6185272,resting,fast,1787278739.9715214,-247.00721188986654,-188.20040797671538,1345.9845700663072,14.115030598252435,-18.525540891739794,2.9717137766362174e-19
1787278793.6296778,resting,fast,1787278739.9715214,-246.39255650794212,-187.48035263234908,1344.631762420423,14.061026447424997,-18.479441738095474,2.966780265084827e-19
1787278793.6406622,resting,fast,1787278739.9715214,-247.00813622681972,-187.6284281638658,1344.1281175897411,14.07213211228876,-18.52561021701144,2.968175125175329e-19
1787278793.6517894,resting,fast,1787278739.9715214,-248.2741553906758,-187.5124303946526,1348.5376511944187,14.063432279597908,-18.620561654300708,2.9758032757732644e-19
1787278793.6629858,resting,fast,1787278739.9715214,-250.20646643130158,-188.37495947049763,1355.3522269080413,14.128121960286197,-18.765484982347466,2.9852778141683017e-19
1787278793.6739967,resting,fast,1787278739.9715214,-249.2811871130084,-187.99014607582137,1357.1902870034783,14.09926095568547,-18.696089033475694,2.9868459070672057e-19
1787278793.6851017,resting,fast,1787278739.9715214,-249.2484148879198,-188.99192457136962,1356.9832346865542,14.17439434285146,-18.693631116593856,2.9823775246212265e-19
1787278793.6963918,resting,fast,1787278739.9715214,-246.83687836230138,-187.17871612937722,1352.1041050953327,14.038403709702013,-18.51276587717249,2.974361430908839e-19
1787278793.7072644,resting,fast,1787278739.9715214,-248.15336459767104,-188.1611918034822,1350.0279430916935,14.112089385259782,-18.611502344825276,2.9684192730048116e-19
1787278793.718344,resting,fast,1787278739.9715214,-247.39848219666374,-186.64398799835828,1348.4873970159488,13.998299099875627,-18.55488616474954,2.9694682553494106e-19
1787278793.7295308,resting,fast,1787278739.9715214,-247.59205817763132,-187.14399474716936,1347.7285048614476,14.035799606036452,-18.569404363322278,2.971167869483276e-19
1787278793.7406046,resting,fast,1787278739.9715214,-247.3351673633083,-185.0692242314177,1349.4068224652174,13.880191817355144,-18.55013755224803,2.9738891084862952e-19
1787278793.75175,resting,fast,1787278739.9715214,-248.596024521034,-187.2641129789355,1353.6624503746525,14.044808473418758,-18.644701839077527,2.9767621395144864e-19
1787278793.7628176,resting,fast,1787278739.9715214,-248.15223218386063,-185.81784884802948,1356.593923415211,13.93633866360111,-18.61141741378954,2.97980346795432e-19
1787278793.7738721,resting,fast,1787278739.9715214,-248.17449557013833,-186.36208634799084,1355.496162664279,13.977156476098049,-18.61308716776017,2.979132835567534e-19
1787278793.7850826,resting,fast,1787278739.9715214,-245.45436809779721,-183.68202056201642,1349.3367467904018,13.776151542150178,-18.40907760733436,2.972867719180793e-19
1787278793.7965066,resting,fast,1787278739.9715214,-245.90807790589088,-185.91189837322656,1346.4702110379922,13.943392377990794,-18.443105842941733,2.968731709247509e-19
1787278793.807129,resting,fast,1787278739.9715214,-245.86565782501975,-186.7004475140269,1348.89687576318,14.002533563551058,-18.439924336876366,2.970357213477506e-19
1787278793.8182235,resting,fast,1787278739.9715214,-247.6749460181968,-186.80029025208626,1352.2827989935877,14.010021768905407,-18.57562095136479,2.9718590966962366e-19
1787278793.829429,resting,fast,1787278739.9715214,-248.2674879102119,-186.82609473463424,1354.4087321032302,14.011957105096489,-18.62006159326576,2.9733620127689633e-19
1787278793.8404398,resting,fast,1787278739.9715214,-247.9641032207096,-185.72246636515513,1352.9336169522076,13.929184977385408,-18.597307741552896,2.9703003468869694e-19
1787278793.8515682,resting,fast,1787278739.9715214,-247.93828972086385,-187.25405276532285,1351.8819055866543,14.044053957398123,-18.595371729064773,2.9730126943337127e-19
1787278793.862664,resting,fast,1787278739.9715214,-247.36673018768533,-186.5276521357099,1351.3601774589997,13.98957391017716,-18.552504764076005,2.97465396958484e-19
1787278793.8737621,resting,fast,1787278739.9715214,-248.2526040591697,-187.1889527601469,1354.5326495163072,14.039171457009903,-18.618945304437545,2.9784320233352714e-19
1787278793.8848283,resting,fast,1787278739.9715214,-248.56466501269415,-186.74021622497924,1355.2508452010088,14.00551621687234,-18.642349875951894,2.974758685972168e-19
1787278793.8958328,resting,fast,1787278739.9715214,-248.76849288553194,-186.73058001378593,1352.0117420604502,14.004793501032683,-18.657636966414714,2.971001484388749e-19
1787278793.9069955,resting,fast,1787278739.9715214,-248.03728177087896,-186.41626958008112,1344.5026345376982,13.981220218504763,-18.60279613281562,2.9677616974337697e-19
1787278793.91813,resting,fast,1787278739.9715214,-246.90938385216623,-186.31116806338662,1341.6608098005536,13.973337604752647,-18.518203788912395,2.9686357963177404e-19
1787278793.929241,resting,fast,1787278739.9715214,-247.13428840768802,-187.39618887022164,1342.9677707079527,14.054714165265569,-18.535071630576482,2.9731997492594925e-19
1787278793.9401646,resting,fast,1787278739.9715214,-246.51776029002986,-186.8804656080291,1347.6600937689736,14.016034920601019,-18.488832021752145,2.9745989005986784e-19
1787278793.9514472,resting,fast,1787278739.9715214,-246.6526771406011,-185.47270168135503,1350.9133819535828,13.910452626100312,-18.49895078554499,2.974742704613014e-19
1787278793.9625804,resting,fast,1787278739.9715214,-247.00974245553562,-184.55024946941137,1352.5962928299896,13.841268710204691,-18.525730684164763,2.972645898441702e-19
1787278793.9735897,resting,fast,1787278739.9715214,-246.51301522957556,-186.63347307062975,1352.4838930327087,13.997510480296047,-18.488476142217863,2.975495268624497e-19
1787278793.9847844,resting,fast,1787278739.9715214,-246.06718642926035,-186.8959745184544,1348.9996778447812,14.017198088883038,-18.455038982194395,2.976436253530753e-19
1787278793.9958334,resting,fast,1787278739.9715214,-245.96160569567974,-187.00642503766414,1346.5377661314951,14.02548187782384,-18.447120427175875,2.975755053768481e-19
1787278794.006905,resting,fast,1787278739.9715214,-247.48518518692572,-187.2852839485953,1348.6511949822752,14.046396296143389,-18.561388889019277,2.977819761762435e-19
1787278794.0180798,resting,fast,1787278739.9715214,-248.85819171425874,-188.93736883108602,1351.7633472541374,14.17030266233029,-18.66436437856941,2.979001867602451e-19
1787278794.032023,resting,fast,1787278739.9715214,-248.68034984266387,-188.39098652383097,1356.4374686145102,14.129323989286195,-18.651026238199492,2.979704293657027e-19
1787278794.0401618,resting,fast,1787278739.9715214,-248.06877313049745,-188.2868963086445,1354.5776755339148,14.121517223147169,-18.605157984787198,2.978888629493645e-19
1787278794.0513432,resting,fast,1787278739.9715214,-245.88941548007506,-185.83801673362848,1350.5063046965433,13.937851255021062,-18.441706161005655,2.9785266150970006e-19
1787278794.0624328,resting,fast,1787278739.9715214,-245.54768599656427,-185.6487131665673,1346.8247899018888,13.923653487491453,-18.41607644974212,2.9748176163874056e-19
1787278794.0734034,resting,fast,1787278739.9715214,-245.46465310375834,-184.864179013539,1347.9193823610885,13.864813426014468,-18.409848982781497,2.9752286604823136e-19
1787278794.0846713,resting,fast,1787278739.9715214,-247.21931087738403,-186.12760220864163,1350.308748759594,13.959570165646998,-18.54144831580348,2.973229968659657e-19
1787278794.098363,resting,fast,1787278739.9715214,-247.4790253722408,-186.28268841579745,1352.0756065455525,13.971201631183622,-18.560926902917885,2.978771319776268e-19
1787278794.106823,resting,fast,1787278739.9715214,-246.7706779145151,-185.74282140214484,1348.8734006446493,13.930711605159662,-18.507800843588527,2.9750037468447005e-19
1787278794.117943,resting,fast,1787278739.9715214,-246.01628628622666,-185.45235099989316,1351.6617052087868,13.908926324990762,-18.451221471466702,2.9764381751604366e-19
1787278794.1311269,resting,fast,1787278739.9715214,-245.85983911095673,-186.29967021541177,1351.2907247644898,13.972475266154934,-18.43948793332165,2.9772201547206106e-19
1787278794.1401563,resting,fast,1787278739.9715214,-245.91604696762306,-185.58816398439637,1348.5228918838648,13.91911229882847,-18.443703522571504,2.973870764930365e-19
1787278794.1512423,resting,fast,1787278739.9715214,-245.40619519392976,-185.66856362229612,1342.4265405316064,13.925142271670925,-18.40546463954454,2.972156919227922e-19
1787278794.1653051,resting,fast,1787278739.9715214,-244.96207281922443,-185.1513885685696,1340.9034513062352,13.886354142641597,-18.372155461441658,2.968710230760751e-19
1787278794.173196,resting,fast,1787278739.9715214,-245.0382715635419,-186.10451475517436,1342.2047337033355,13.957838606637015,-18.377870367265423,2.9699988287960427e-19
1787278794.1846128,resting,fast,1787278739.9715214,-246.65971012306045,-186.17773681387155,1346.8043885021534,13.96333026103932,-18.49947825922962,2.9742385460366344e-19
1787278794.198637,resting,fast,1787278739.9715214,-247.20674923601246,-187.88070168863067,1346.191607033169,14.09105262664615,-18.540506192700718,2.9754479888731563e-19
1787278794.2065177,resting,fast,1787278739.9715214,-247.78690587535448,-186.90587904553,1348.3735516120187,14.017940928413527,-18.584017940651464,2.980738991092188e-19
1787278794.2177575,resting,fast,1787278739.9715214,-247.0009944458784,-186.45621678523605,1348.907050923538,13.984216258891639,-18.52507458344065,2.979335292827325e-19
1787278794.230897,resting,fast,1787278739.9715214,-246.81076157249254,-184.52505391228135,1353.0480168970635,13.839379043419928,-18.510807117936487,2.978521791567231e-19
1787278794.2400577,resting,fast,1787278739.9715214,-247.19215152528113,-185.46103422501403,1351.306504540892,13.909577566874919,-18.539411364396038,2.974480421242322e-19
1787278794.2511482,resting,fast,1787278739.9715214,-247.1768831761924,-186.77660516418484,1347.6845495615753,14.008245387312858,-18.538266238214582,2.9734817813152778e-19
1787278794.2640927,resting,fast,1787278739.9715214,-247.30896560623341,-186.54649921955468,1346.9528934268774,13.99098744146551,-18.548172420467395,2.973921136665275e-19
1787278794.2731974,resting,fast,1787278739.9715214,-247.5501659104034,-186.75820743743077,1348.9738188939182,14.006865557806098,-18.56626244328009,2.976878461940512e-19
1787278794.2844977,resting,fast,1787278739.9715214,-248.24266758375916,-186.63221700377596,1348.2537388881492,13.997416275281896,-18.618200068781867,2.9793919873808164e-19
1787278794.2972047,resting,fast,1787278739.9715214,-248.631341859857,-187.67088859166995,1347.1689397861073,14.075316644373888,-18.647350639489055,2.9798497440247867e-19
1787278794.3064353,resting,fast,1787278739.9715214,-246.779491024075,-186.30652640459914,1343.4676141360333,13.972989480343887,-18.50846182680545,2.975539479812013e-19
1787278794.3175633,resting,fast,1787278739.9715214,-246.3198596835714,-184.71369907051383,1350.4381494118634,13.853527430287333,-18.47398947626752,2.9731353646498336e-19
1787278794.3302093,resting,fast,1787278739.9715214,-246.24268324677314,-184.60011332579268,1353.007815410755,13.845008499433295,-18.468201243507878,2.975951724444471e-19
1787278794.3398895,resting,fast,1787278739.9715214,-248.39927860134094,-186.02529093784676,1360.0553882239265,13.9518968203374,-18.629945895100548,2.9824480302920913e-19
1787278794.3507435,resting,fast,1787278739.9715214,-248.37103141384569,-187.1621331808418,1356.2982658682058,14.037159988561957,-18.62782735603824,2.9822140285590716e-19
1787278794.3620913,resting,fast,1787278739.9715214,-249.07488126031376,-185.9433411073943,1357.621501447983,13.945750583053371,-18.680616094523216,2.9802971581987473e-19
1787278794.3730814,resting,fast,1787278739.9715214,-247.71545164382542,-185.1982510971594,1351.023772910422,13.88986883228569,-18.57865887328635,2.972989539030729e-19
1787278794.384053,resting,fast,1787278739.9715214,-249.01936751260246,-186.92862630337697,1356.1720918608798,14.01964697275223,-18.676452563445103,2.978449177887803e-19
1787278794.3955727,resting,fast,1787278739.9715214,-247.28979426032538,-186.9413201849519,1349.056480341077,14.0205990138702,-18.546734569524247,2.9719449609337113e-19
1787278794.406321,resting,fast,1787278739.9715214,-246.2524662677538,-187.77999011593909,1347.5934355293166,14.083499258694278,-18.468934970081293,2.973592957152738e-19
1787278794.4175453,resting,fast,1787278739.9715214,-244.6996552019623,-185.51757692963986,1337.1072958526756,13.913818269721975,-18.35247414014703,2.9645550230618736e-19
1787278794.4287684,resting,fast,1787278739.9715214,-244.99761690259538,-185.94351867033095,1343.249453952666,13.945763900273636,-18.37482126769453,2.9707240123145025e-19
1787278794.4398212,resting,fast,1787278739.9715214,-245.22675747967287,-185.3822926670124,1340.4299888068517,13.903671950024904,-18.39200681097529,2.967173207358269e-19
1787278794.450869,resting,fast,1787278739.9715214,-243.8695238751111,-185.6098611211454,1340.8137444693648,13.920739584084917,-18.290214290633145,2.970135819536757e-19
1787278794.4620411,resting,fast,1787278739.9715214,-244.68572538986473,-186.14071967219013,1339.9451942077912,13.960553975413251,-18.351429404239795,2.97205302932653e-19
1787278794.4730225,resting,fast,1787278739.9715214,-245.3292947186369,-186.43395777769376,1343.4057777868338,13.98254683332583,-18.399697103897793,2.976514438742015e-19
1787278794.4842467,resting,fast,1787278739.9715214,-247.2835526512422,-186.56454833177588,1346.4044124627953,13.99234112488205,-18.546266448843184,2.9780791082964985e-19
1787278794.4953701,resting,fast,1787278739.9715214,-246.700343161629,-185.90128573992217,1346.3407684668919,13.942596430492888,-18.502525737122028,2.977927740273804e-19
1787278794.506432,resting,fast,1787278739.9715214,-246.77272670597404,-186.2981639851581,1347.417871079023,13.972362298885674,-18.507954502947825,2.9736967936906343e-19
1787278794.5175562,resting,fast,1787278739.9715214,-247.7079281754809,-186.0085113155718,1352.9814534226653,13.950638348666462,-18.578094613160836,2.9778811245397994e-19
1787278794.5286782,resting,fast,1787278739.9715214,-248.48266284545252,-187.05117930152016,1352.7008008202638,14.028838447613087,-18.636199713408736,2.978515447600671e-19
1787278794.539754,resting,fast,1787278739.9715214,-248.75039382832665,-186.41925874043034,1355.9491593803914,13.98144440553111,-18.656279537124334,2.9870203360105954e-19
1787278794.5508735,resting,fast,1787278739.9715214,-247.07183502232192,-187.34292319916892,1348.8514180043048,14.050719239936488,-18.53038762667385,2.9814759469105694e-19
1787278794.561935,resting,fast,1787278739.9715214,-246.48779101257742,-187.04878836316823,1348.3664085172722,14.028659127236484,-18.486584325943404,2.981132117808694e-19
1787278794.5729446,resting,fast,1787278739.9715214,-246.38019715964992,-188.76677519698853,1347.1255716457463,14.157508139773245,-18.47851478697367,2.9804005588326994e-19
1787278794.5841331,resting,fast,1787278739.9715214,-246.507239369927,-188.36911316419662,1349.8493820961967,14.12768348731365,-18.48804295274418,2.9803467108390297e-19
1787278794.5952137,resting,fast,1787278739.9715214,-247.0063858579001,-189.30081017009536,1350.5519735893786,14.197560762756101,-18.525478939342413,2.98087346975647e-19
1787278794.6063468,resting,fast,1787278739.9715214,-246.95724921777173,-189.00797124997268,1348.618211166543,14.175597843747045,-18.521793691332704,2.9811471759826834e-19
1787278794.6174543,resting,fast,1787278739.9715214,-247.32014000320532,-189.47579252160438,1351.4074346987281,14.210684439119152,-18.549010500240115,2.986400763658269e-19
1787278794.6286776,resting,fast,1787278739.9715214,-246.42486950126795,-188.69327122153993,1347.5407357262893,14.151995341614242,-18.4818652125947,2.984066422566213e-19
1787278794.6397157,resting,fast,1787278739.9715214,-246.2251467167839,-186.32724446816076,1344.236210663009,13.974543335110827,-18.466886003758738,2.9776310035762425e-19
1787278794.6506693,resting,fast,1787278739.9715214,-245.86280203833712,-185.62331162281964,1343.3288730167178,13.92174837171017,-18.439710152875158,2.9734404065266085e-19
1787278794.661798,resting,fast,1787278739.9715214,-246.0936909540028,-185.76314621456697,1347.0542811664554,13.932235966091444,-18.45702682155003,2.9749002590631907e-19
1787278794.6728942,resting,fast,1787278739.9715214,-246.76303072103246,-186.72617106695395,1354.5004242313162,14.004462830020461,-18.507227304077283,2.9799983070256024e-19
1787278794.683993,resting,fast,1787278739.9715214,-246.7935968413508,-187.15241963726282,1353.7090646979677,14.0364314727934,-18.50951976310143,2.9800478201982164e-19
1787278794.6952126,resting,fast,1787278739.9715214,-246.8725985914466,-186.5236284698916,1353.885710121699,13.989272135240615,-18.515444894358332,2.9810518212530234e-19
1787278794.7062,resting,fast,1787278739.9715214,-245.87961949205464,-186.07010542155842,1349.3127842229796,13.95525790661566,-18.44097146190372,2.978735022960174e-19
1787278794.717328,resting,fast,1787278739.9715214,-244.98614487705026,-183.8792472873405,1344.6513817755103,13.790943546549347,-18.3739608657784,2.975108773928844e-19
1787278794.728411,resting,fast,1787278739.9715214,-244.5572940704801,-183.1381317461611,1342.6490615912398,13.735359880960633,-18.34179705528574,2.973822443776811e-19
1787278794.7394052,resting,fast,1787278739.9715214,-243.8621018255294,-182.97173512607276,1341.176052443282,13.722880134454048,-18.28965763691461,2.9676883772417695e-19
1787278794.7505615,resting,fast,1787278739.9715214,-244.62785763494912,-183.89896439658526,1341.853211939645,13.792422329742752,-18.347089322621038,2.971819866263228e-19
1787278794.7616694,resting,fast,1787278739.9715214,-245.11722331908868,-185.64956159900692,1341.4023409166502,13.923717119924465,-18.3837917489314,2.9705753119181893e-19
1787278794.7727516,resting,fast,1787278739.9715214,-246.36423896280712,-187.3051522579932,1345.8043186977184,14.047886419348092,-18.477317922210524,2.979649963987431e-19
1787278794.7838638,resting,fast,1787278739.9715214,-246.53252672252665,-188.93231194534098,1347.3242508335852,14.16992339589952,-18.489939504189323,2.976703001256125e-19
1787278794.7950377,resting,fast,1787278739.9715214,-246.60918177756184,-188.3639062413548,1345.1473108882356,14.127292968100324,-18.49568863331701,2.9757416220895707e-19
1787278794.8062158,resting,fast,1787278739.9715214,-245.95359326887183,-186.45274916056985,1342.2550055725997,13.983956187041745,-18.446519495165326,2.9735747983219067e-19
1787278794.817177,resting,fast,1787278739.9715214,-245.49309331131144,-187.70459106314468,1339.264138094425,14.077844329734877,-18.411981998348324,2.975939291686969e-19
1787278794.8282177,resting,fast,1787278739.9715214,-246.16441317954968,-186.99197052211605,1346.0886898299714,14.024397789157621,-18.462330988466164,2.982397887895912e-19
1787278794.8393705,resting,fast,1787278739.9715214,-246.54469235171518,-187.26552395105648,1346.591701879478,14.04491429632802,-18.49085192637847,2.977919510145985e-19
1787278794.8504899,resting,fast,1787278739.9715214,-246.89559156877522,-185.76443492770784,1348.604421748235,13.932332619576801,-18.5171693676578,2.9769744949159207e-19
1787278794.8616025,resting,fast,1787278739.9715214,-245.69202063685543,-185.40873760647685,1344.9451396849136,13.90565532048446,-18.426901547763947,2.973459171020052e-19
1787278794.8723755,resting,fast,1787278739.9715214,-245.6707712423381,-185.21512598721904,1344.357992509359,13.891134449040099,-18.42530784317519,2.9744920370042967e-19
1787278794.883587,resting,fast,1787278739.9715214,-245.26087655323636,-185.25415214427892,1343.910693547533,13.894061410819763,-18.394565741492833,2.9752621208245366e-19
1787278794.8949246,resting,fast,1787278739.9715214,-246.08704213987448,-186.7109944082448,1344.9605778757932,14.003324580617093,-18.45652816049042,2.9752024477624483e-19
1787278794.9059722,resting,fast,1787278739.9715214,-246.6145756883211,-187.55282636119443,1346.729171657843,14.066461977088498,-18.496093176623816,2.977678952495681e-19
1787278794.9171324,resting,fast,1787278739.9715214,-246.7788980693117,-186.40423095171639,1346.2765062064109,13.980317321377473,-18.508417355198397,2.972843520429521e-19
1787278794.9281824,resting,fast,1787278739.9715214,-245.837881525576,-185.56058955864603,1344.2997106562552,13.917044216897285,-18.437841114418205,2.9691289894398133e-19
1787278794.9392104,resting,fast,1787278739.9715214,-246.31057600353824,-186.2619442582942,1346.2775359669095,13.969645819371141,-18.473293200265154,2.971184015513831e-19
1787278794.9504342,resting,fast,1787278739.9715214,-245.2889461994905,-186.99971228491552,1347.7719406576243,14.024978421367482,-18.396670964961473,2.9739738009877394e-19
1787278794.9615977,resting,fast,1787278739.9715214,-246.1104972151702,-187.6489147345261,1348.2663279397666,14.073668605088432,-18.45828729113748,2.9761714643670324e-19
1787278794.9725118,resting,fast,1787278739.9715214,-244.97682987581948,-186.8529376307464,1342.8460961957471,14.013970322304989,-18.3732622406863,2.969943621141943e-19
1787278794.983456,resting,fast,1787278739.9715214,-246.8942647212566,-186.48834564841343,1343.0596576278485,13.98662592362982,-18.517069854094018,2.970084790469936e-19
1787278794.9946961,resting,fast,1787278739.9715214,-246.79358047326923,-186.65637488219534,1345.635466507615,13.999228116163582,-18.509518535495175,2.9734956600434347e-19
1787278795.0058193,resting,fast,1787278739.9715214,-246.85257428369414,-186.52617556945836,1344.746420521512,13.98946316770807,-18.513943071276913,2.9738263316173756e-19
1787278795.0169828,resting,fast,1787278739.9715214,-246.07564370571208,-186.01719773757407,1343.7909406176013,13.951289830317098,-18.45567327792829,2.9716021858497935e-19
1787278795.0279565,resting,fast,1787278739.9715214,-245.96667190667404,-184.6692688196432,1345.0994313227338,13.850195161472246,-18.447500393000304,2.969366232347134e-19
1787278795.039045,resting,fast,1787278739.9715214,-247.05299182914814,-184.89452868744627,1350.7947046297531,13.867089651557297,-18.52897438718587,2.973231193632861e-19
1787278795.050178,resting,fast,1787278739.9715214,-247.96278542278878,-187.0583271473198,1356.3385107751756,14.029374536047829,-18.59720890670907,2.9809835231560864e-19
1787278795.0614212,resting,fast,1787278739.9715214,-248.3266718719301,-188.22643807716292,1353.5345924280418,14.11698285578591,-18.624500390394672,2.9779422775784066e-19
1787278795.0724397,resting,fast,1787278739.9715214,-247.7122696458896,-187.50586355219355,1350.6799562481456,14.062939766413525,-18.578420223441675,2.9759064934611994e-19
1787278795.083665,resting,fast,1787278739.9715214,-246.4558905570998,-186.35655545199654,1345.4059564714198,13.976741658898536,-18.484191791782393,2.9693924539543126e-19
1787278795.0945585,resting,fast,1787278739.9715214,-244.60004047339999,-186.3392632119411,1339.982241402865,13.97544474089445,-18.34500303550498,2.9674859778578335e-19
1787278795.1056197,resting,fast,1787278739.9715214,-245.2228160495447,-187.05427994335116,1344.8651874773086,14.029070995750164,-18.39171120371583,2.9716644030146305e-19
1787278795.1169295,resting,fast,1787278739.9715214,-245.3662236782052,-188.54564072751543,1349.138596195583,14.140923054562482,-18.402466775865136,2.977020304033292e-19
1787278795.1279337,resting,fast,1787278739.9715214,-246.14341729458147,-188.06840898493203,1352.224168195561,14.105130673868747,-18.46075629709329,2.9798943563864854e-19
1787278795.1389813,resting,fast,1787278739.9715214,-245.5016156604238,-188.6433257364289,1348.263825628529,14.148249430230909,-18.412621174531502,2.977994669485401e-19
1787278795.1501327,resting,fast,1787278739.9715214,-245.17675671809366,-186.76214087730534,1344.2489341466253,14.00716056579677,-18.388256753856666,2.9742053665659196e-19
1787278795.1613088,resting,fast,1787278739.9715214,-246.50796410025532,-187.64239756879908,1345.6409820560903,14.073179817658957,-18.488097307519062,2.974794861776718e-19
1787278795.1723077,resting,fast,1787278739.9715214,-246.93264868304277,-187.42664931686647,1346.756149271584,14.056998698763639,-18.519948651228127,2.974852297887552e-19
1787278795.183426,resting,fast,1787278739.9715214,-247.97450061464997,-186.9549247619908,1348.8546320516007,14.021619357148072,-18.598087546098704,2.9773703773762467e-19
1787278795.194656,resting,fast,1787278739.9715214,-247.50283263514712,-187.5127133243176,1347.8077232970127,14.063453499322524,-18.562712447635754,2.974093000703261e-19
1787278795.2056327,resting,fast,1787278739.9715214,-247.02974534266968,-186.02264368964063,1350.863958360279,13.95169827672196,-18.52723090070011,2.9768617881155153e-19
1787278795.2167573,resting,fast,1787278739.9715214,-245.5082381573352,-185.93828954685057,1346.6523655183455,13.945371716012676,-18.413117861800096,2.972192627664273e-19
1787278795.2277868,resting,fast,1787278739.9715214,-245.46127487589683,-184.32783045111512,1348.7071410193703,13.824587283832376,-18.40959561569221,2.9737951089978227e-19
1787278795.23889,resting,fast,1787278739.9715214,-246.68332948707894,-187.18743510453567,1349.7214070220443,14.03905763283905,-18.501249711530612,2.975876896245775e-19
1787278795.2501254,resting,fast,1787278739.9715214,-247.8413542152989,-187.9032106964586,1354.007130777608,14.092740802233227,-18.588101566147117,2.978420958259407e-19
1787278795.2610323,resting,fast,1787278739.9715214,-247.3974025323555,-187.5829250385426,1351.9196903841412,14.068719377889582,-18.55480518992644,2.9748276325848394e-19
1787278795.2722127,resting,fast,1787278739.9715214,-247.00157564119445,-186.33748756926036,1353.9200962543482,13.975311567693229,-18.525118173089453,2.969866905852526e-19
1787278795.2833438,resting,fast,1787278739.9715214,-246.50690694716968,-186.50467615067885,1355.5581374182484,13.98785071129949,-18.488018021037547,2.973132457721784e-19
1787278795.2944107,resting,fast,1787278739.9715214,-247.75115292269447,-186.2547498457485,1360.915536672751,13.96910623842965,-18.58133646920183,2.975552336801792e-19
1787278795.3054254,resting,fast,1787278739.9715214,-246.79998583993938,-185.90214498367538,1356.6969728018148,13.942660873774518,-18.509998937995313,2.9758050255158114e-19
1787278795.3165636,resting,fast,1787278739.9715214,-248.66293773024745,-187.46682430964063,1360.216580569414,14.060011823221831,-18.6497203297684,2.9774763505577e-19
1787278795.3275986,resting,fast,1787278739.9715214,-246.90706491065112,-186.98452127399275,1355.7384150893477,14.023839095548215,-18.51802986829874,2.9760353709473065e-19
1787278795.3385904,resting,fast,1787278739.9715214,-249.8802529967238,-188.19673655425652,1362.6538144858323,14.114755241568208,-18.74101897475404,2.9850445873782465e-19
1787278795.3498015,resting,fast,1787278739.9715214,-247.56904347049704,-186.55864159170403,1356.6228063624467,13.991898119376632,-18.56767826028716,2.9826541229933726e-19
1787278795.3607686,resting,fast,1787278739.9715214,-248.8958248008862,-187.94261020252418,1359.9655422625701,14.095695765188115,-18.66718686006641,2.988358896537237e-19
1787278795.3719707,resting,fast,1787278739.9715214,-245.9875450022605,-187.93518179710702,1351.6686210058842,14.095138634781666,-18.449065875169218,2.981052357665618e-19
1787278795.383175,resting,fast,1787278739.9715214,-246.52712199559528,-187.47989014416214,1349.9080963235801,14.060991760811039,-18.489534149669367,2.9773716375294483e-19
1787278795.3941321,resting,fast,1787278739.9715214,-246.03143977130867,-187.17032121790987,1348.7357076073376,14.037774091341934,-18.452357982847758,2.9752251081373394e-19
1787278795.4052687,resting,fast,1787278739.9715214,-247.03356827496327,-187.87523080740527,1351.3325824257508,14.090642310554163,-18.527517620622064,2.977114319945583e-19
1787278795.4164484,resting,fast,1787278739.9715214,-246.00560105134673,-188.28397298547122,1354.5719009372651,14.121297973909055,-18.450420078850833,2.97930258291977e-19
1787278795.427413,resting,fast,1787278739.9715214,-246.3591961424013,-188.1150169474878,1357.714752451394,14.108626271060505,-18.47693971067983,2.982499161593587e-19
1787278795.4385178,resting,fast,1787278739.9715214,-245.6187676212371,-186.07219632143017,1354.4795438801275,13.955414724106095,-18.421407571592475,2.9780018687836516e-19
1787278795.4497898,resting,fast,1787278739.9715214,-246.4050615701849,-186.99044120064798,1352.9058927075048,14.024283090047565,-18.480379617763553,2.978916496132085e-19
1787278795.4607964,resting,fast,1787278739.9715214,-245.4968240492285,-188.21826985558062,1349.081390670669,14.116370239167342,-18.412261803691948,2.9749102773891026e-19
1787278795.4718087,resting,fast,1787278739.9715214,-245.18351081827723,-188.69598203983253,1350.544529997419,14.152198652986261,-18.388763311370603,2.973806495511549e-19
1787278795.4831197,resting,fast,1787278739.9715214,-245.69488035065342,-188.29765468939524,1354.6655081701037,14.122324101703686,-18.427116026298897,2.977280014424092e-19
1787278795.4940658,resting,fast,1787278739.9715214,-245.44361180469377,-187.72398898426843,1353.3338631322486,14.07929917381917,-18.408270885352003,2.97643102628553e-19
1787278795.5052788,resting,fast,1787278739.9715214,-244.42063011287473,-188.38013162840969,1349.2082569339664,14.128509872129616,-18.33154725846559,2.9780356157885463e-19
1787278795.5162268,resting,fast,1787278739.9715214,-243.87350479530733,-187.96202444373205,1343.896144090667,14.09715183327872,-18.290512859647727,2.973230302562278e-19
1787278795.5273464,resting,fast,1787278739.9715214,-244.80881589605588,-189.67731294705447,1345.9717621124882,14.225798471028074,-18.360661192204162,2.976225532939943e-19
1787278795.5384412,resting,fast,1787278739.9715214,-245.98750561623865,-188.8442456744898,1349.610696300785,14.16331842558549,-18.449062921218065,2.977929174093867e-19
1787278795.5496457,resting,fast,1787278739.9715214,-246.66783409793743,-188.62097142354685,1351.8569463545873,14.14657285676498,-18.500087557345317,2.9773100425384234e-19
1787278795.560628,resting,fast,1787278739.9715214,-246.36215546087305,-186.37357856604797,1354.3158871251553,13.97801839245233,-18.47716165956524,2.9806632758018877e-19
1787278795.5717802,resting,fast,1787278739.9715214,-245.48073359393538,-186.04000805187945,1350.7250508540192,13.953000603889667,-18.41105501954482,2.9789204853287437e-19
1787278795.5829527,resting,fast,1787278739.9715214,-246.09291905329474,-187.86907638387004,1348.8624344560676,14.090180728789054,-18.456968928996908,2.979385100891131e-19
1787278795.5939171,resting,fast,1787278739.9715214,-246.99536920980563,-189.42721320914973,1348.2413802277433,14.207040990685162,-18.52465269073513,2.978422136140381e-19
1787278795.6051283,resting,fast,1787278739.9715214,-248.7518482106202,-191.5059434718563,1353.2711316564519,14.362945760387962,-18.656388615796345,2.9784648138200643e-19
1787278795.6163225,resting,fast,1787278739.9715214,-248.6135795023015,-190.13980493776137,1356.1350287621945,14.260485370330972,-18.64601846267238,2.981284046081721e-19
1787278795.627241,resting,fast,1787278739.9715214,-248.93482346797236,-188.8450215555721,1355.3544246240572,14.1633766166667,-18.67011176009791,2.9805507116085675e-19
1787278795.638538,resting,fast,1787278739.9715214,-246.60608249470397,-185.6212206082604,1350.616164804841,13.921591545618359,-18.49545618710271,2.9811359202620164e-19
1787278795.649533,resting,fast,1787278739.9715214,-247.22209333114506,-185.5867094124884,1352.5273255385755,13.919003205935613,-18.541656999835617,2.9826334401996176e-19
1787278795.6605148,resting,fast,1787278739.9715214,-246.44540301517236,-186.85408659208258,1350.0720584569617,14.014056494405015,-18.483405226137677,2.9784800818756397e-19
1787278795.6716418,resting,fast,1787278739.9715214,-248.79107408429581,-188.05244341025661,1357.0755792767022,14.10393325576786,-18.659330556321926,2.9797650242928944e-19
1787278795.6827915,resting,fast,1787278739.9715214,-247.70555591536458,-188.78964337774607,1354.2559693093363,14.159223253329646,-18.57791669365197,2.97677678836634e-19
1787278795.693902,resting,fast,1787278739.9715214,-248.31474864029542,-189.78803536237717,1356.1124714190255,14.234102652177189,-18.623606148022184,2.984407519721592e-19
1787278795.7049665,resting,fast,1787278739.9715214,-248.07197898028744,-190.68757383131936,1351.741577642878,14.301568037347923,-18.605398423521443,2.9807569965060285e-19
1787278795.716139,resting,fast,1787278739.9715214,-248.50080162525,-189.21053257904225,1352.985623976684,14.190789943427024,-18.6375601218938,2.981938127591498e-19
1787278795.7271044,resting,fast,1787278739.9715214,-247.35284638192798,-186.4868866494702,1353.188111839735,13.98651649870921,-18.55146347864425,2.9761782002705936e-19
1787278795.7383504,resting,fast,1787278739.9715214,-247.60207981409758,-185.80624329673367,1357.1008738519786,13.93546824725387,-18.570155986057166,2.9819650520089433e-19
1787278795.7495203,resting,fast,1787278739.9715214,-247.53088454459203,-186.7150303386387,1354.3315801814633,14.003627275396457,-18.56481634084438,2.9805317839992286e-19
1787278795.7604103,resting,fast,1787278739.9715214,-248.49717665584694,-187.71556884484073,1355.138745485402,14.078667663361944,-18.637288249188437,2.9831983308837757e-19
1787278795.7716465,resting,fast,1787278739.9715214,-247.45725001412984,-187.5407567605015,1349.1925306057028,14.065556757036564,-18.559293751059357,2.9775871353947583e-19
1787278795.7825432,resting,fast,1787278739.9715214,-246.91119699524143,-187.20003918583132,1346.8897310733419,14.040002938936315,-18.51833977464301,2.9748025052034946e-19
1787278795.793726,resting,fast,1787278739.9715214,-246.5646487607287,-186.2814228113342,1345.8061197611287,13.971106710849032,-18.49234865705452,2.970273033189218e-19
1787278795.8047645,resting,fast,1787278739.9715214,-248.16711169427936,-187.93774984249455,1352.5126123518576,14.095331238186052,-18.612533377070818,2.979034098002765e-19
1787278795.81593,resting,fast,1787278739.9715214,-248.37533348843544,-187.87676146488445,1354.8537360968503,14.090757109865326,-18.628150011632812,2.9768016645251303e-19
1787278795.8269846,resting,fast,1787278739.9715214,-248.1918209835835,-188.06655909931453,1352.2917999701067,14.10499193244738,-18.6143865737685,2.9770789034544153e-19
1787278795.8381505,resting,fast,1787278739.9715214,-247.03272088644962,-187.1555540042183,1346.7264258988262,14.036666550315292,-18.52745406648365,2.9703307984733266e-19
1787278795.8492858,resting,fast,1787278739.9715214,-246.17290559140338,-186.50441484102464,1345.0753393372606,13.987831113075604,-18.46296791935513,2.972371798767809e-19
1787278795.8602924,resting,fast,1787278739.9715214,-245.8889829346149,-187.6231598384096,1346.6830865934544,14.071736987879579,-18.441673720095977,2.9731964046575806e-19
1787278795.8713908,resting,fast,1787278739.9715214,-246.14965307501961,-187.0418071939779,1351.484730626923,14.028135539547439,-18.461223980626308,2.977697274225384e-19
1787278795.8826046,resting,fast,1787278739.9715214,-248.62373385864294,-187.92313530406966,1355.0243228693134,14.094235147804003,-18.646780039398017,2.979593288487723e-19
1787278795.8938544,resting,fast,1787278739.9715214,-247.72177776956914,-186.08568464746702,1355.2521127197551,13.956426348558868,-18.579133332717646,2.97940751055215e-19
1787278795.9044113,resting,fast,1787278739.9715214,-248.1060916303545,-187.2263102359235,1354.126624726011,14.041973267693098,-18.607956872276475,2.9821285183072877e-19
1787278795.9155803,resting,fast,1787278739.9715214,-246.37635180033658,-186.59818433038083,1353.7617005287984,13.9948638247774,-18.47822638502494,2.9816777417699037e-19
1787278795.9269128,resting,fast,1787278739.9715214,-246.45218016718673,-188.58811800097817,1350.942296588274,14.144108850072204,-18.483913512538706,2.97776791925819e-19
1787278795.9380994,resting,fast,1787278739.9715214,-245.3625843700852,-187.88397936974582,1349.4698728265512,14.091298452729749,-18.402193827756193,2.970175716086468e-19
1787278795.9493246,resting,fast,1787278739.9715214,-245.96495805562927,-188.53615040455372,1352.9697015671236,14.14021128034027,-18.447371854171998,2.9737158490282577e-19
1787278795.9601939,resting,fast,1787278739.9715214,-247.02107916748128,-186.76944036322982,1354.9583919780134,14.00770802724114,-18.52658093756098,2.9789862403476692e-19
1787278795.9713745,resting,fast,1787278739.9715214,-247.5077340537605,-185.57121660778682,1353.0192165872386,13.917841245582725,-18.56308005403187,2.9798650701543162e-19
1787278795.984046,resting,fast,1787278739.9715214,-247.4481153551419,-184.8559342401362,1348.0489885156449,13.86419506800907,-18.558608651635424,2.977976913650172e-19
1787278795.9934976,resting,fast,1787278739.9715214,-246.16522952759033,-186.73299021106448,1346.3792177268142,14.00497426582881,-18.462392214569185,2.976984968979329e-19
1787278796.0047128,resting,fast,1787278739.9715214,-245.58197573974257,-187.6008485248832,1347.2672716270981,14.070063639364893,-18.418648180480467,2.978243831268001e-19
1787278796.019105,resting,fast,1787278739.9715214,-245.24458926492434,-186.46663013174827,1350.0479290174344,13.98499725987988,-18.393344194869094,2.9758061481333367e-19
1787278796.0266886,resting,fast,1787278739.9715214,-245.4723586070054,-184.539870319716,1349.4869780465497,13.84049027397754,-18.410426895525006,2.9749610604764345e-19
1787278796.037888,resting,fast,1787278739.9715214,-246.51639880531775,-183.83194299898162,1353.6164220444161,13.78739572492255,-18.488729910398547,2.9755782615881895e-19
1787278796.0512612,resting,fast,1787278739.9715214,-245.48242365931446,-185.48718997338563,1345.5710780309937,13.911539248002942,-18.41118177444858,2.968565675476585e-19
1787278796.060098,resting,fast,1787278739.9715214,-246.59151524326217,-186.8228997596167,1344.933196037552,14.011717481970184,-18.494363643244668,2.9691448612421785e-19
1787278796.0714283,resting,fast,1787278739.9715214,-244.7869209249925,-185.92329225825563,1337.4875979204926,13.944246919368187,-18.359019069374234,2.9663437134121767e-19
1787278796.085101,resting,fast,1787278739.9715214,-246.27537277695274,-186.19983847950778,1344.0284954268182,13.964987885961936,-18.470652958271508,2.976402778114667e-19
1787278796.093471,resting,fast,1787278739.9715214,-245.7006441449953,-186.5969844968721,1345.9744758458046,13.99477383726428,-18.427548310874528,2.977412253729328e-19
1787278796.1046326,resting,fast,1787278739.9715214,-246.88696144582218,-187.9887981239325,1346.3202200988771,14.09915985929381,-18.516522108436526,2.978200278703315e-19
1787278796.1187742,resting,fast,1787278739.9715214,-246.25929440940718,-188.09876481073468,1345.6189298237123,14.107407360803808,-18.469447080705493,2.978453141312045e-19
1787278796.1267269,resting,fast,1787278739.9715214,-246.0129840945442,-186.03864400110785,1345.8256579138697,13.952898300081888,-18.450973807090463,2.9787892894406214e-19
1787278796.1380694,resting,fast,1787278739.9715214,-246.72585391474377,-187.1016380969187,1350.9244618819112,14.032622857267828,-18.504439043605664,2.97914249672172e-19
1787278796.1515298,resting,fast,1787278739.9715214,-247.74425861263762,-187.9373556314423,1352.0250723431773,14.095301672357213,-18.58081939594775,2.9755931558464026e-19
1787278796.1602137,resting,fast,1787278739.9715214,-248.20433040510534,-188.56586441232582,1350.2556384076152,14.142439830923227,-18.61532478038272,2.96963503179889e-19
1787278796.1712434,resting,fast,1787278739.9715214,-247.2434913992206,-188.17403800048726,1350.2463578635807,14.113052850035206,-18.543261854941377,2.972409384139562e-19
1787278796.1844869,resting,fast,1787278739.9715214,-246.41197942217104,-185.7267595960367,1351.1916006528727,13.929506969701666,-18.4808984566627,2.9767547398982883e-19
1787278796.1933367,resting,fast,1787278739.9715214,-246.8735206191036,-187.45805404589203,1351.7626743191495,14.059354053440817,-18.51551404643248,2.979483435885358e-19
1787278796.204567,resting,fast,1787278739.9715214,-246.18974708677843,-187.44908311271286,1346.0832760553503,14.058681233452322,-18.464231031508263,2.974751805142163e-19
1787278796.2180078,resting,fast,1787278739.9715214,-246.26405535979438,-187.67897198923117,1345.5601197943442,14.07592289919106,-18.469804151984597,2.9735649772979227e-19
1787278796.226698,resting,fast,1787278739.9715214,-245.4386919033136,-186.10071485562446,1348.5414468043064,13.957553614170738,-18.407901892748086,2.9772984229130084e-19
1787278796.2378507,resting,fast,1787278739.9715214,-247.12189001413526,-185.4236735830208,1354.473621864253,13.9067755187255,-18.53414175106012,2.9799769082923833e-19
1787278796.250312,resting,fast,1787278739.9715214,-247.40208800880964,-185.9357646376758,1355.842721158605,13.945182347824417,-18.555156600660453,2.98304566088623e-19
1787278796.2599661,resting,fast,1787278739.9715214,-248.16095381424793,-186.27520182990168,1351.7387084764587,13.97064013724152,-18.612071536068306,2.9826967945820677e-19
1787278796.2711685,resting,fast,1787278739.9715214,-247.27444698276167,-187.5543575342241,1347.5278956105822,14.066576815065506,-18.545583523707045,2.981387870392745e-19
1787278796.283882,resting,fast,1787278739.9715214,-246.66722426121714,-187.7564816325081,1342.8248219739353,14.08173612243711,-18.500041819591047,2.9741218752006894e-19
1787278796.2933276,resting,fast,1787278739.9715214,-247.94126335451665,-187.4709018884431,1346.7244242277256,14.060317641632086,-18.595594751588372,2.977450002629127e-19
1787278796.3043685,resting,fast,1787278739.9715214,-248.34174094755372,-187.87255059324468,1349.0859608491928,14.090441294492184,-18.62563057106629,2.9792022692146987e-19
1787278796.317487,resting,fast,1787278739.9715214,-248.59667551141638,-188.2081510345473,1351.0329335500564,14.11561132758968,-18.644750663355993,2.981256723810546e-19
1787278796.3266292,resting,fast,1787278739.9715214,-247.48533831786926,-188.02130007571816,1349.5242475466011,14.101597505677763,-18.561400373839923,2.9747336682003227e-19
1787278796.337677,resting,fast,1787278739.9715214,-247.26471727109447,-186.1123948619387,1353.9299218700025,13.958429614644292,-18.544853795331782,2.972930300145596e-19
1787278796.3502245,resting,fast,1787278739.9715214,-247.4848730056142,-186.62994049210204,1357.5299289812947,13.99724553690638,-18.561365475420885,2.979965030828496e-19
1787278796.3598976,resting,fast,1787278739.9715214,-247.55405014774124,-186.63406675490944,1357.4474955855194,13.997555006617066,-18.5665537610804,2.9855905890565692e-19
1787278796.3710046,resting,fast,1787278739.9715214,-246.5702495264245,-187.61732206021782,1351.300668956751,14.071299154515007,-18.49276871448152,2.9857884903218216e-19
1787278796.3838484,resting,fast,1787278739.9715214,-246.41660732620812,-186.88355393800464,1347.8732203984282,14.016266545349229,-18.481245549465406,2.9793199576028666e-19
1787278796.3928998,resting,fast,1787278739.9715214,-246.7772082328761,-188.53133134325196,1346.6324283874737,14.139849850742795,-18.508290617465505,2.979249456262573e-19
1787278796.4041893,resting,fast,1787278739.9715214,-247.90538545947265,-186.90260264295136,1348.4273512438167,14.017695198220128,-18.59290390945999,2.981260506940776e-19
1787278796.416415,resting,fast,1787278739.9715214,-248.85237509608896,-186.82932525373792,1348.9391067228416,14.012199394029327,-18.663928132206394,2.9812768795643966e-19
1787278796.4264104,resting,fast,1787278739.9715214,-248.25289380517142,-185.65647381596852,1350.8095921879603,13.924235536196608,-18.618967035387755,2.9798802850182507e-19
1787278796.4375174,resting,fast,1787278739.9715214,-248.16453109615168,-187.45998391863748,1349.9452548433574,14.059498793896783,-18.61233983221115,2.9779122346608404e-19
1787278796.4500384,resting,fast,1787278739.9715214,-247.26856146408545,-187.01032055329745,1351.1545915671131,14.025774041496067,-18.54514210980625,2.9773560722956025e-19
1787278796.4597173,resting,fast,1787278739.9715214,-247.59111858006554,-187.68876728241514,1349.373455424039,14.076657546180162,-18.56933389350465,2.974968649729754e-19
1787278796.4709115,resting,fast,1787278739.9715214,-246.30795284182068,-187.02822099864545,1346.770091733958,14.02711657489711,-18.47309646313625,2.9751835315682194e-19
1787278796.482032,resting,fast,1787278739.9715214,-246.6131977432483,-186.70127034309724,1345.642090546452,14.002595275731128,-18.495989830743476,2.9789272132650948e-19
1787278796.4930577,resting,fast,1787278739.9715214,-245.22730615982937,-185.21773628523727,1340.0808242978665,13.891330221391502,-18.39204796198701,2.976918193155953e-19
1787278796.504338,resting,fast,1787278739.9715214,-247.00252106202652,-184.28326257114156,1340.7204895926689,13.821244692834416,-18.525189079651852,2.973586052363939e-19
1787278796.5162117,resting,fast,1787278739.9715214,-246.79658770926972,-184.41627472427183,1344.1744666319091,13.831220604319288,-18.509744078194935,2.9737825676739434e-19
1787278796.5263774,resting,fast,1787278739.9715214,-246.3504594663941,-183.80417301293016,1346.419828079811,13.785312975968669,-18.476284459979368,2.971273802329909e-19
1787278796.5374486,resting,fast,1787278739.9715214,-245.3455722139047,-184.30682079527162,1344.4290616780554,13.82301155964453,-18.400917916042665,2.973474433414782e-19
1787278796.5494711,resting,fast,1787278739.9715214,-245.2405067195209,-184.6741535920911,1340.4671241685328,13.85056151940569,-18.393038003963866,2.972435049748964e-19
1787278796.5597706,resting,fast,1787278739.9715214,-245.74651024375407,-183.88944525213503,1343.9256638914112,13.791708393908994,-18.430988268281688,2.9765453296405383e-19
1787278796.5708215,resting,fast,1787278739.9715214,-247.26176467473078,-185.7168968660825,1350.7595511869213,13.928767264955315,-18.54463235060485,2.9794292001264826e-19
1787278796.5832458,resting,fast,1787278739.9715214,-247.63049076124616,-185.12047150533647,1351.9113774018615,13.884035362899002,-18.57228680709327,2.9807971436519274e-19
1787278796.593018,resting,fast,1787278739.9715214,-248.28079329310685,-186.53046973558105,1351.6811864240417,13.989785230167545,-18.62105949698296,2.981968124226735e-19
1787278796.6043072,resting,fast,1787278739.9715214,-247.32917962521378,-185.80560239561885,1348.9545377960776,13.935420179670235,-18.54968847189099,2.982545632568413e-19
1787278796.616242,resting,fast,1787278739.9715214,-248.43081913148626,-186.42720135549905,1351.993515272913,13.982040101661415,-18.63231143486155,2.985153447421162e-19
1787278796.6262987,resting,fast,1787278739.9715214,-247.8421506435393,-186.4295115419278,1347.8235056333206,13.982213365643378,-18.588161298265362,2.9808533673268797e-19
1787278796.6373916,resting,fast,1787278739.9715214,-247.64758810933427,-185.84679175743656,1348.9083984867311,13.938509381806856,-18.573569108199962,2.9802993499914356e-19
1787278796.6498325,resting,fast,1787278739.9715214,-246.59241833143506,-187.17822705781498,1342.7857013244638,14.03836702933464,-18.49443137485744,2.9724623258322907e-19
1787278796.6594517,resting,fast,1787278739.9715214,-246.4186651001569,-187.59555555935037,1346.6618915915524,14.069666666950017,-18.481399882511568,2.97903814104512e-19
1787278796.6705227,resting,fast,1787278739.9715214,-245.48260371684546,-186.74777616608924,1345.3120088347086,14.006083212455525,-18.41119527876316,2.9784981650708417e-19
1787278796.682539,resting,fast,1787278739.9715214,-244.1834340222772,-185.77284146302543,1345.288136620603,13.93296310972578,-18.313757551670307,2.979695005600051e-19
1787278796.6924565,resting,fast,1787278739.9715214,-244.34226860667377,-185.99606575649648,1345.0824955597955,13.949704931736054,-18.325670145500233,2.977023369885198e-19
1787278796.70356,resting,fast,1787278739.9715214,-245.8076499146905,-187.0357190714368,1348.3327141158416,14.027678930356817,-18.435573743601587,2.9752962896721745e-19
1787278796.7153685,resting,fast,1787278739.9715214,-246.62726902681288,-186.66859811965367,1352.1271106229842,14.000144858973275,-18.49704517701089,2.975090184480604e-19
1787278796.7262762,resting,fast,1787278739.9715214,-246.08704861064916,-186.28559611853882,1347.975153322931,13.971419708889432,-18.456528645798507,2.9728689849159637e-19
1787278796.7372737,resting,fast,1787278739.9715214,-244.97832881073873,-185.29164502165747,1342.351743522745,13.896873376623251,-18.37337466080507,2.969822599495132e-19
1787278796.7484243,resting,fast,1787278739.9715214,-244.12870479851836,-184.56661613505196,1336.7734310328024,13.842496210127596,-18.30965285988868,2.966104784301099e-19
1787278796.7594335,resting,fast,1787278739.9715214,-243.34157065998215,-183.33450671392063,1336.2068797234178,13.750088003542803,-18.250617799498528,2.963711437741092e-19
1787278796.7706268,resting,fast,1787278739.9715214,-242.4058242873084,-182.9981229887286,1336.0079490187118,13.724859224153537,-18.18043682154775,2.9641735382032577e-19
1787278796.7829592,resting,fast,1787278739.9715214,-242.94450397344053,-184.34017174305302,1337.6871720632835,13.825512880727818,-18.22083779800817,2.967208497192451e-19
1787278796.792805,resting,fast,1787278739.9715214,-246.4357339736821,-186.7599897457152,1348.0298861217698,14.006999230927224,-18.482680048025912,2.977740490493957e-19
1787278796.8039908,resting,fast,1787278739.9715214,-247.84677870174664,-187.13558466622396,1351.1332064974076,14.035168849965846,-18.588508402631,2.983534283390806e-19
1787278796.8158555,resting,fast,1787278739.9715214,-247.6631823983148,-186.5579914312749,1353.777114633761,13.991849357344453,-18.574738679873597,2.9835441904785865e-19
1787278796.8259785,resting,fast,1787278739.9715214,-245.57843839305542,-183.29882933100487,1346.7845518022214,13.747412199823987,-18.418382879479104,2.9762343014227457e-19
1787278796.837134,resting,fast,1787278739.9715214,-246.72892790726064,-184.00405843963097,1349.9435772018105,13.800304382971266,-18.504669593044312,2.974387587679176e-19
1787278796.8490174,resting,fast,1787278739.9715214,-247.3515912769867,-185.97553122651868,1349.124861977626,13.948164841987936,-18.55136934577392,2.9752207446550776e-19
1787278796.859429,resting,fast,1787278739.9715214,-247.32711865364718,-188.3170233506354,1347.80538222005,14.123776751296322,-18.549533899023245,2.9760277249763284e-19
1787278796.8704371,resting,fast,1787278739.9715214,-245.88802746541796,-187.77544446508102,1343.2978433313792,14.083158334880014,-18.44160205990626,2.9739850236810595e-19
1787278796.881672,resting,fast,1787278739.9715214,-246.15298292662965,-185.80158629764776,1345.0304743427287,13.935118972322218,-18.46147371949715,2.976307497615368e-19
1787278796.8927474,resting,fast,1787278739.9715214,-246.49250620224439,-186.12043859772155,1346.7973087543824,13.959032894827704,-18.486937965168323,2.972840096233443e-19
1787278796.9038103,resting,fast,1787278739.9715214,-247.6807799825151,-186.35389129162866,1348.5086475166727,13.976541846870862,-18.57605849868866,2.974510617928402e-19
1787278796.9149106,resting,fast,1787278739.9715214,-246.79531576687577,-186.25640901365466,1346.6600183500896,13.96923067602292,-18.509648682515362,2.969509522749403e-19
1787278796.9259543,resting,fast,1787278739.9715214,-246.79325558909977,-186.6448071755923,1347.937620325226,13.998360538168544,-18.50949416918222,2.9767936573440363e-19
1787278796.937041,resting,fast,1787278739.9715214,-245.97597187364272,-186.77723021322765,1344.2680654367387,14.008292265990608,-18.44819789052272,2.9744336004502963e-19
1787278796.9482121,resting,fast,1787278739.9715214,-246.41926019401626,-186.46919295568057,1345.1089070972475,13.985189471674989,-18.48144451455105,2.97903473644671e-19
1787278796.9593692,resting,fast,1787278739.9715214,-247.3900496119163,-184.39179937485903,1346.776974146157,13.829384953113152,-18.55425372089357,2.971399598173453e-19
1787278796.9704258,resting,fast,1787278739.9715214,-247.17345477054414,-183.56650435563267,1349.556113208867,13.767487826671289,-18.53800910779057,2.9732111628160657e-19
1787278796.981792,resting,fast,1787278739.9715214,-247.54413344784962,-183.7984143451598,1352.318133860258,13.784881075885782,-18.565810008588308,2.9749253585715876e-19
1787278796.9926095,resting,fast,1787278739.9715214,-246.29539481806887,-184.68507744074407,1350.3659439585163,13.85138080805466,-18.472154611354945,2.979315159454951e-19
1787278797.0035832,resting,fast,1787278739.9715214,-247.0156647791241,-185.68210825043082,1351.7124401228693,13.926158118781377,-18.52617485843418,2.981991329145476e-19
1787278797.014709,resting,fast,1787278739.9715214,-246.52695280037324,-185.28551649579015,1348.5951492573176,13.896413737183142,-18.489521460027966,2.979645141376116e-19
1787278797.0257394,resting,fast,1787278739.9715214,-246.9863651273604,-186.38170277006486,1345.4904404950366,13.97862770775355,-18.523977384551912,2.9807148439858755e-19
1787278797.0369244,resting,fast,1787278739.9715214,-246.08179094244088,-185.04003779180687,1342.3436326636247,13.878002834384564,-18.45613432068283,2.977203547696388e-19
1787278797.048032,resting,fast,1787278739.9715214,-246.03529029404444,-184.8017013782743,1343.593270566983,13.860127603369481,-18.452646772053072,2.976500127296704e-19
1787278797.0591228,resting,fast,1787278739.9715214,-246.24736390060707,-185.16186991048437,1347.7799952261894,13.887140243284978,-18.468552292545326,2.976825009847777e-19
1787278797.0701542,resting,fast,1787278739.9715214,-246.64346360863374,-186.81435265511425,1352.0695384516466,14.011076449132478,-18.498259770647095,2.981765126309604e-19
1787278797.0812626,resting,fast,1787278739.9715214,-246.89418330934723,-187.31229387023802,1351.582950051611,14.048422040267003,-18.517063748200712,2.9826923133715737e-19
1787278797.0923624,resting,fast,1787278739.9715214,-245.94008115305814,-185.66511549923746,1347.6896564135486,13.924883662441818,-18.4455060864791,2.981343758076229e-19
1787278797.1032555,resting,fast,1787278739.9715214,-246.026430010696,-184.37124022554178,1343.6875923113594,13.827843016914318,-18.45198225080214,2.9751094627817116e-19
1787278797.1144848,resting,fast,1787278739.9715214,-245.9361479810318,-184.88876732042456,1343.8894969970434,13.866657549030723,-18.44521109857721,2.973414060970515e-19
1787278797.1255574,resting,fast,1787278739.9715214,-245.50542814347273,-185.4174335741178,1344.3257771427589,13.906307518057776,-18.412907110760088,2.9716620550158504e-19
1787278797.1368032,resting,fast,1787278739.9715214,-245.839188401907,-186.16951545896188,1345.7240112706613,13.962713659420817,-18.437939130143157,2.976061780366844e-19
1787278797.1479084,resting,fast,1787278739.9715214,-246.23581483470343,-186.83933113709338,1344.8207301123211,14.012949835280825,-18.46768611260289,2.9767252023172006e-19
1787278797.159021,resting,fast,1787278739.9715214,-246.82368217764497,-184.75246097100342,1340.5989442509372,13.856434572824075,-18.51177616332322,2.9747965573764497e-19
1787278797.1702564,resting,fast,1787278739.9715214,-246.15492073267114,-184.72279503077823,1339.4376906771167,13.85420962730706,-18.4616190549501,2.974536716957416e-19
1787278797.181277,resting,fast,1787278739.9715214,-245.4490010007089,-183.95301863380053,1341.5073268624192,13.796476397533713,-18.408675075052898,2.977215842958325e-19
1787278797.1923876,resting,fast,1787278739.9715214,-245.76549316530827,-186.06499792227612,1347.0138668585068,13.95487484416957,-18.432411987398304,2.975854878670535e-19
1787278797.2034757,resting,fast,1787278739.9715214,-246.31891179753393,-185.99125688922493,1349.603571313518,13.949344266690705,-18.4739183848148,2.974750546828392e-19
1787278797.2145998,resting,fast,1787278739.9715214,-247.45530762205226,-186.61809725492947,1348.7208132065125,13.996357294118528,-18.55914807165385,2.9748520977385317e-19
1787278797.2256346,resting,fast,1787278739.9715214,-246.00758848011128,-186.4896984891626,1343.943641768,13.986727386685946,-18.4505691360082,2.9762460257877346e-19
1787278797.236782,resting,fast,1787278739.9715214,-245.87144255009616,-186.30500894132103,1344.0102066449354,13.972875670597848,-18.44035819125697,2.97775199252156e-19
1787278797.2478178,resting,fast,1787278739.9715214,-245.05727044522655,-186.69828933936526,1340.5986372318994,14.002371700451196,-18.379295283391656,2.973659625547368e-19
1787278797.2588944,resting,fast,1787278739.9715214,-246.35199660396165,-185.49381143730636,1345.0209513996133,13.91203585779677,-18.476399745296938,2.97396496058283e-19
1787278797.270117,resting,fast,1787278739.9715214,-245.73651931022187,-184.6405829292056,1344.7098975014915,13.84804371968912,-18.43023894826628,2.9714189159624515e-19
1787278797.281236,resting,fast,1787278739.9715214,-247.45760757839116,-183.85084324606794,1348.162787919703,13.788813243454005,-18.559320568379057,2.9751145796130936e-19
1787278797.292408,resting,fast,1787278739.9715214,-247.31996864190978,-183.53633026201544,1348.7661243157263,13.765224769649993,-18.548997648142873,2.977568921964703e-19
1787278797.3034954,resting,fast,1787278739.9715214,-247.30985166381242,-184.49029578553257,1345.5993310145886,13.836772183913656,-18.54823887478581,2.9765654327103037e-19
1787278797.314582,resting,fast,1787278739.9715214,-245.9642416033107,-184.79459943337486,1342.5354963258533,13.859594957501987,-18.447318120248283,2.9706068190622004e-19
1787278797.3256228,resting,fast,1787278739.9715214,-245.65249324563638,-186.55063819267878,1343.7337939803992,13.991297864449823,-18.423936993422473,2.970357266376845e-19
1787278797.3367631,resting,fast,1787278739.9715214,-247.07169835359082,-187.50441505613492,1349.3768246329664,14.06283112920892,-18.530377376519127,2.9747944726436783e-19
1787278797.3477535,resting,fast,1787278739.9715214,-246.51619657951187,-186.57854580767923,1353.6982470191606,13.993390935575054,-18.488714743463262,2.979028258838475e-19
1787278797.3588207,resting,fast,1787278739.9715214,-246.44206154328322,-185.29115548767015,1348.2686000773965,13.896836661574046,-18.48315461574598,2.9757748148965337e-19
1787278797.3700278,resting,fast,1787278739.9715214,-244.45048764146986,-183.8037714148644,1342.5463673804707,13.785282856113572,-18.333786573110075,2.9696349769000895e-19
1787278797.3812015,resting,fast,1787278739.9715214,-243.88014436387812,-183.20283453431773,1338.8933321288923,13.740212590072577,-18.291010827290698,2.966951028436971e-19
1787278797.3922918,resting,fast,1787278739.9715214,-242.86827410917385,-182.83891349650423,1338.5840774998296,13.71291851223663,-18.21512055818799,2.9647266722352765e-19
1787278797.4033048,resting,fast,1787278739.9715214,-243.7083452058091,-183.0447885704915,1338.1007257329175,13.728359142785568,-18.278125890435447,2.9646705036592155e-19
1787278797.4144852,resting,fast,1787278739.9715214,-244.07419532242375,-183.72144913296313,1337.7897411178956,13.779108684971138,-18.305564649181633,2.964154439533809e-19
1787278797.4254227,resting,fast,1787278739.9715214,-245.67247573111717,-183.68610035572726,1341.8304149723053,13.776457526678602,-18.425435679833683,2.9687097205970907e-19
1787278797.4367127,resting,fast,1787278739.9715214,-245.3234812655096,-183.72293843083014,1342.4733064796137,13.779220382311326,-18.39926109491291,2.971242208029435e-19
1787278797.447703,resting,fast,1787278739.9715214,-245.62084859717152,-184.1093772052958,1344.9313405229268,13.808203290395898,-18.421563644787803,2.9745056022980114e-19
1787278797.4586027,resting,fast,1787278739.9715214,-244.31283447791566,-184.78135579381012,1343.0328235938223,13.858601684534495,-18.323462585843586,2.9736902852780395e-19
1787278797.4697168,resting,fast,1787278739.9715214,-244.72850266072373,-184.5343747047001,1345.4678827812668,13.840078102851312,-18.354637699554004,2.9759638176804186e-19
1787278797.4809792,resting,fast,1787278739.9715214,-245.61720224967803,-185.8597539112667,1343.8285874891108,13.939481543343778,-18.421290168725676,2.975797342344522e-19
1787278797.491964,resting,fast,1787278739.9715214,-248.1927821043505,-186.62477516922388,1350.2828601459778,13.99685813769064,-18.61445865782622,2.981944302694949e-19
1787278797.5031605,resting,fast,1787278739.9715214,-248.64486654751136,-187.48531741647946,1349.7227586421932,14.061398806234838,-18.648364991063033,2.9796077411341826e-19
1787278797.5142856,resting,fast,1787278739.9715214,-246.79714938824372,-186.65396803176816,1346.28099459826,13.99904760238137,-18.509786204118143,2.976704212512263e-19
1787278797.52533,resting,fast,1787278739.9715214,-245.3919039878433,-185.9264814743898,1343.0410356164966,13.944486110578243,-18.404392799088242,2.9722134400087084e-19
1787278797.5363903,resting,fast,1787278739.9715214,-244.60608684067256,-185.3880604030902,1343.832770073138,13.904104530230772,-18.345456513050095,2.9710810706470847e-19
1787278797.5474703,resting,fast,1787278739.9715214,-246.17312330620143,-185.2027824804726,1350.4720410393793,13.890208686034146,-18.462984247964847,2.9769904878594276e-19
1787278797.5582564,resting,fast,1787278739.9715214,-247.72418997960767,-186.07716453556202,1355.2637067428832,13.955787340166271,-18.579314248470396,2.975389326410832e-19
1787278797.569693,resting,fast,1787278739.9715214,-248.00309718876497,-185.5531757908608,1354.0896284056207,13.916488184313241,-18.60023228915714,2.977477302754336e-19
1787278797.5807703,resting,fast,1787278739.9715214,-247.08170119307078,-186.00979891508143,1352.8862425746584,13.95073491863008,-18.531127589480086,2.9738877452331025e-19
1787278797.5915127,resting,fast,1787278739.9715214,-247.7578020481119,-187.86225556857573,1355.550255305635,14.089669167642246,-18.581835153608125,2.9799102729369565e-19
1787278797.6027606,resting,fast,1787278739.9715214,-248.72319744486094,-189.09705364348986,1358.1725846918825,14.182279023260396,-18.654239808364423,2.979980703360548e-19
1787278797.613962,resting,fast,1787278739.9715214,-250.05920427252977,-189.24655230139354,1358.134751986071,14.193491422603206,-18.754440320439464,2.9818906688198686e-19
1787278797.625288,resting,fast,1787278739.9715214,-249.68440590316231,-188.7570663422665,1353.5421055177821,14.156779975668886,-18.726330442737115,2.9761750645554325e-19
1787278797.6364422,resting,fast,1787278739.9715214,-247.8565356377053,-187.38733923209236,1347.265449488753,14.054050442405629,-18.589240172827694,2.973311828162632e-19
1787278797.6475675,resting,fast,1787278739.9715214,-246.7724955613362,-186.8872954840291,1348.1066392787206,14.016547161300966,-18.507937167100096,2.971052021914857e-19
1787278797.6585755,resting,fast,1787278739.9715214,-246.78672468024024,-185.35797789380797,1350.8499139413934,13.901848342034544,-18.50900435101795,2.9730625342707927e-19
1787278797.6696827,resting,fast,1787278739.9715214,-247.37664426243782,-186.69344781896336,1356.1097728111718,14.002008586421045,-18.553248319682645,2.9751325570821103e-19
1787278797.6808865,resting,fast,1787278739.9715214,-247.64395120385552,-186.9371881804417,1353.1190911022995,14.020289113532005,-18.57329634028907,2.975558826767458e-19
1787278797.691826,resting,fast,1787278739.9715214,-246.25611318655547,-188.14921358175468,1349.210567968118,14.111191018630297,-18.46920848899149,2.973728813128873e-19
1787278797.7030933,resting,fast,1787278739.9715214,-247.03543368387773,-187.66504214219242,1347.3751550146526,14.074878160663335,-18.527657526290596,2.974843145622802e-19
1787278797.7139857,resting,fast,1787278739.9715214,-247.048833363227,-187.30240406656128,1348.4996667429905,14.047680304990852,-18.528662502241993,2.9755448068382777e-19
1787278797.7251458,resting,fast,1787278739.9715214,-248.24574096444985,-187.2575744223294,1352.6098712936882,14.044318081673655,-18.618430572333672,2.9807995809882787e-19
1787278797.7363908,resting,fast,1787278739.9715214,-249.14973831246016,-188.95370427084583,1355.5011869086748,14.17152782031241,-18.686230373434263,2.982131912936859e-19
1787278797.7473137,resting,fast,1787278739.9715214,-249.3135720982732,-189.18579466681206,1355.511820890507,14.188934600009663,-18.698517907370345,2.981186243173581e-19
1787278797.758443,resting,fast,1787278739.9715214,-248.0466450077106,-188.58055806642994,1352.6989196463537,14.143541854981084,-18.603498375577907,2.9764088610489293e-19
1787278797.7695365,resting,fast,1787278739.9715214,-246.46478710237398,-187.5535565994827,1352.4381734327608,14.06651674496003,-18.48485903267811,2.9790252166366053e-19
1787278797.7806342,resting,fast,1787278739.9715214,-246.5371501581053,-187.36946634531557,1353.187401590406,14.052709975897518,-18.490286261857797,2.97924361806119e-19
1787278797.791887,resting,fast,1787278739.9715214,-247.9674790585209,-187.4999562071897,1356.1823068279346,14.062496715538177,-18.597560929388997,2.98323063725439e-19
1787278797.80291,resting,fast,1787278739.9715214,-248.6723842522756,-187.15945615449493,1357.5086902482917,14.036959211585671,-18.650428818920737,2.983030740678075e-19
1787278797.814021,resting,fast,1787278739.9715214,-249.10200746903183,-186.67311321994123,1356.7150759124952,14.000483491494354,-18.682650560177123,2.983980828058432e-19
1787278797.8250654,resting,fast,1787278739.9715214,-248.53144477195883,-186.97583345861165,1353.4453805709372,14.023187509394607,-18.639858357896628,2.9841067800185467e-19
1787278797.8362565,resting,fast,1787278739.9715214,-248.141660572996,-187.49487489368528,1350.713182451881,14.062115617025558,-18.610624542974683,2.983844413727584e-19
1787278797.847317,resting,fast,1787278739.9715214,-247.37775109334734,-187.65543638061024,1353.1434568962422,14.07415772854478,-18.553331332000994,2.983012390689462e-19
1787278797.8583922,resting,fast,1787278739.9715214,-247.09778401921676,-187.5001915168035,1351.8868945989352,14.062514363759295,-18.53233380144122,2.979477293949244e-19
1787278797.8695316,resting,fast,1787278739.9715214,-246.98479101378098,-186.17850709483798,1352.9973704049435,13.963388032111556,-18.52385932603339,2.97495924748287e-19
1787278797.8803408,resting,fast,1787278739.9715214,-246.8245974044371,-186.37389020487524,1351.1517921618497,13.978041765364498,-18.511844805332835,2.9723965418072905e-19
1787278797.891348,resting,fast,1787278739.9715214,-247.20876978274055,-187.17017985262157,1354.3328053773957,14.037763488945476,-18.54065773370526,2.976008057033714e-19
1787278797.9028351,resting,fast,1787278739.9715214,-246.89175100575312,-187.65638368380257,1351.474477839717,14.074228776284375,-18.51688132543122,2.975902662154658e-19
1787278797.9138904,resting,fast,1787278739.9715214,-246.78980324040958,-186.68296988078953,1351.2119246077664,14.00122274105799,-18.509235243030552,2.9755978631528964e-19
1787278797.924991,resting,fast,1787278739.9715214,-246.39016292806673,-185.25712042437033,1349.1775825823306,13.894284031826789,-18.47926221960475,2.97394260538169e-19
1787278797.9360726,resting,fast,1787278739.9715214,-247.49047657784604,-185.42146483084468,1352.0803117271125,13.90660986231224,-18.56178574333825,2.9762347648022665e-19
1787278797.9471097,resting,fast,1787278739.9715214,-248.28309701616536,-186.6141916775017,1355.1712126474276,13.996064375811532,-18.621232276212325,2.9814445398186633e-19
1787278797.958243,resting,fast,1787278739.9715214,-248.62934381195691,-187.36657545233095,1355.20153402294,14.0524931589235,-18.64720078589663,2.9828165715003823e-19
1787278797.9693608,resting,fast,1787278739.9715214,-248.23968804447713,-187.6131536652391,1356.732945659679,14.07098652489194,-18.617976603335535,2.986817906571941e-19
1787278797.9805675,resting,fast,1787278739.9715214,-246.21850376967677,-185.83517213611037,1347.886683422822,13.937637910207176,-18.466387782725512,2.981900891553059e-19
1787278797.9915648,resting,fast,1787278739.9715214,-245.5824896351619,-183.54445999577968,1349.3978521741747,13.765834499682231,-18.418686722637005,2.9796523273833854e-19
1787278798.0027094,resting,fast,1787278739.9715214,-245.84415270724776,-184.34164675518298,1346.0352377525514,13.825623506637744,-18.438311453043397,2.972781690499687e-19
1787278798.0138483,resting,fast,1787278739.9715214,-248.00074730415736,-186.69412773280771,1352.7521272876756,14.002059579959468,-18.600056047811393,2.9777278014860546e-19
1787278798.0249135,resting,fast,1787278739.9715214,-247.96548211994968,-187.57910394700514,1351.5583028830215,14.068432796024101,-18.597411158995932,2.9793019077582654e-19
1787278798.0359457,resting,fast,1787278739.9715214,-246.32349368011137,-185.01166793841105,1349.2878105108748,13.875875095379786,-18.474262026007878,2.9801151238528824e-19
1787278798.0470903,resting,fast,1787278739.9715214,-245.5345266988047,-184.1891292197978,1350.1795101295947,13.814184691483678,-18.41508950241024,2.977566885525817e-19
1787278798.0582168,resting,fast,1787278739.9715214,-246.4129610845498,-185.02765617490343,1351.2389932803317,13.877074213116519,-18.48097208134108,2.9780269118950824e-19
1787278798.0693028,resting,fast,1787278739.9715214,-247.27955231690112,-185.53957363184838,1354.6838278972164,13.915468022387547,-18.545966423767467,2.978121542778739e-19
1787278798.080389,resting,fast,1787278739.9715214,-247.39174957769364,-185.24920912519008,1352.9261594580757,13.893690684388094,-18.55438121832688,2.978204398374116e-19
1787278798.0914247,resting,fast,1787278739.9715214,-246.6016546733522,-184.76701707175823,1350.4025354059095,13.857526280380458,-18.495124100501194,2.97338624458332e-19
1787278798.1025841,resting,fast,1787278739.9715214,-246.26264119588677,-184.83380658010572,1349.8114784671625,13.862535493506815,-18.46969808969113,2.975881778144118e-19
1787278798.1136217,resting,fast,1787278739.9715214,-245.971341172723,-184.56201753483845,1349.9467950347034,13.842151315111696,-18.447850587954115,2.9762994224036473e-19
1787278798.1246157,resting,fast,1787278739.9715214,-246.091984311131,-185.3886110595446,1350.7039630983554,13.904145829464856,-18.45689882333472,2.976115526508298e-19
1787278798.1359122,resting,fast,1787278739.9715214,-246.92815714656763,-187.34167092322593,1350.553938182883,14.050625319240698,-18.51961178599263,2.975747091692483e-19
1787278798.1471882,resting,fast,1787278739.9715214,-246.99002893913575,-189.20631932575532,1347.3087576367152,14.190473949430501,-18.524252170435247,2.9727620029274865e-19
1787278798.1580167,resting,fast,1787278739.9715214,-246.79647640962548,-188.9232108266989,1347.779820987912,14.16924081200131,-18.509735730721538,2.97536526257175e-19
1787278798.1691651,resting,fast,1787278739.9715214,-246.06411624913517,-188.55560893840664,1344.7893729691323,14.14167067037933,-18.454808718685058,2.9699692240541707e-19
1787278798.1802511,resting,fast,1787278739.9715214,-246.26411088707255,-187.77024480423086,1346.1330529886209,14.082768360316113,-18.469808316530163,2.974927812267595e-19
1787278798.1913073,resting,fast,1787278739.9715214,-245.8894487554503,-188.1221076666635,1345.6242097470576,14.109158074998692,-18.441708656658697,2.9773858997027114e-19
1787278798.202519,resting,fast,1787278739.9715214,-246.05781779977997,-188.84917239866206,1349.933816374053,14.163687929898462,-18.45433633498343,2.982485164867179e-19
1787278798.213547,resting,fast,1787278739.9715214,-246.34183398764753,-188.63707838060157,1352.2921070205275,14.147780878544086,-18.475637549073298,2.9801197291436914e-19
1787278798.2246723,resting,fast,1787278739.9715214,-248.38344013740198,-189.05633395650614,1355.8289483917733,14.17922504673692,-18.628758010304892,2.982213076844758e-19
1787278798.235779,resting,fast,1787278739.9715214,-246.94963569250694,-187.45545179564,1350.7208098045567,14.05915888467192,-18.521222676937988,2.975768285803931e-19
1787278798.2468543,resting,fast,1787278739.9715214,-247.3875831963901,-188.41564546922734,1350.8159065746631,14.13117341019073,-18.554068739729168,2.9770256746525844e-19
1787278798.2579696,resting,fast,1787278739.9715214,-245.34093169573998,-186.60591344933175,1347.146072544977,13.995443508698717,-18.400569877180146,2.970117131019844e-19
1787278798.2691088,resting,fast,1787278739.9715214,-246.92687606641857,-185.94837887573965,1350.492941937645,13.946128415679471,-18.5195157049814,2.9737300841356954e-19
1787278798.2801747,resting,fast,1787278739.9715214,-246.4308394233608,-184.32604230891127,1351.797382920403,13.824453173167118,-18.48231295675202,2.976134816438972e-19
1787278798.2912252,resting,fast,1787278739.9715214,-246.48231917864132,-186.19313278964376,1351.3230967529717,13.964484959222194,-18.486173938397975,2.977010464686775e-19
1787278798.302404,resting,fast,1787278739.9715214,-247.0427761961805,-188.1437424705656,1351.269619669537,14.110780685291349,-18.52820821471321,2.976763856531832e-19
1787278798.3135178,resting,fast,1787278739.9715214,-246.65875840711806,-187.0833087459306,1349.150629730143,14.031248155943832,-18.4994068805336,2.9707199932566523e-19
1787278798.3245287,resting,fast,1787278739.9715214,-246.3423528395001,-184.9258568015963,1349.0623494311358,13.869439260118643,-18.475676462962277,2.972118504939118e-19
1787278798.3356242,resting,fast,1787278739.9715214,-245.67475896440783,-183.2793372019429,1350.3162289035163,13.745950290144595,-18.425606922330452,2.9760023824057503e-19
1787278798.3466115,resting,fast,1787278739.9715214,-245.3829604235084,-183.86398386556073,1350.5030769886498,13.789798789916023,-18.40372203176289,2.9765224996527584e-19
1787278798.3577218,resting,fast,1787278739.9715214,-245.02434717777896,-184.57489110101085,1351.0513853550829,13.843116832574697,-18.37682603833335,2.97722889097063e-19
1787278798.3688293,resting,fast,1787278739.9715214,-245.6248077132127,-184.399374013292,1352.8780804433127,13.82995305099563,-18.421860578490765,2.9750853035171573e-19
1787278798.3799574,resting,fast,1787278739.9715214,-246.006720452448,-184.6914625637263,1351.8860696860402,13.851859692278158,-18.45050403393327,2.9752414947708155e-19
1787278798.3911917,resting,fast,1787278739.9715214,-245.97979696062657,-185.81005868343425,1350.8112959037035,13.935754401256506,-18.448484772046932,2.975426409656083e-19
1787278798.4023156,resting,fast,1787278739.9715214,-244.79821385786954,-185.71239587542243,1346.1097505790285,13.928429690655594,-18.35986603934007,2.9728392596283356e-19
1787278798.4133635,resting,fast,1787278739.9715214,-245.47221768175086,-186.82349894294032,1346.100714021014,14.011762420719496,-18.410416326131276,2.972136609704375e-19
1787278798.4244413,resting,fast,1787278739.9715214,-247.67431765140782,-186.68508401848578,1350.740694871246,14.001381301385255,-18.575573823855528,2.9722603377248395e-19
1787278798.4357364,resting,fast,1787278739.9715214,-248.32957418286014,-185.9890615566727,1352.758465336853,13.949179616749479,-18.624718063714546,2.973871262241041e-19
1787278798.4466214,resting,fast,1787278739.9715214,-248.75130017741913,-186.50172864611602,1356.249370670067,13.987629648457602,-18.656347513306038,2.977325785831844e-19
1787278798.457746,resting,fast,1787278739.9715214,-247.17995056410973,-185.6574073670498,1354.2760155580481,13.924305552527546,-18.538496292308288,2.9785441090362234e-19
1787278798.4688988,resting,fast,1787278739.9715214,-247.778034472743,-186.8929276852965,1355.0491942317303,14.016969576395912,-18.583352585455543,2.9799506561076424e-19
1787278798.479866,resting,fast,1787278739.9715214,-246.7937945116223,-186.2904436321811,1352.7136944185013,13.971783272412456,-18.509534588371416,2.9829667152174193e-19
1787278798.4910386,resting,fast,1787278739.9715214,-248.15489048839072,-186.3884538460876,1354.1881498492812,13.979134038455431,-18.611616786629043,2.9809875507674634e-19
1787278798.5021183,resting,fast,1787278739.9715214,-247.2470918461454,-186.54628492475683,1354.975196053124,13.990971369355623,-18.543531888460862,2.9804032410619824e-19
1787278798.5132813,resting,fast,1787278739.9715214,-247.00677189685166,-185.4904015353453,1352.3777452030454,13.911780115149842,-18.52550789226401,2.9726145557243876e-19
1787278798.5243502,resting,fast,1787278739.9715214,-246.0902725957635,-185.0850049394095,1350.6704786395267,13.881375370454595,-18.456770444682,2.9735953759719605e-19
1787278798.5355844,resting,fast,1787278739.9715214,-246.52986869221104,-185.8964952316304,1349.3024510836267,13.942237142371088,-18.48974015191567,2.9731681721534627e-19
1787278798.5465858,resting,fast,1787278739.9715214,-247.47687189432372,-186.83191671866427,1355.8922303730587,14.012393753898937,-18.56076539207399,2.9823001871101384e-19
1787278798.5576265,resting,fast,1787278739.9715214,-247.52743891355613,-188.2838817565122,1356.7421571636578,14.121291131737213,-18.564557918516563,2.9808471528898706e-19
1787278798.5687256,resting,fast,1787278739.9715214,-246.86925231503346,-188.34658126649708,1356.5282105750348,14.125993594985989,-18.515193923627294,2.9799344800394344e-19
1787278798.5798175,resting,fast,1787278739.9715214,-246.81489513239694,-188.90059766840966,1353.9926074117548,14.167544825129458,-18.511117134929677,2.9752124500905384e-19
1787278798.5909448,resting,fast,1787278739.9715214,-246.00844695190472,-187.9500039361684,1349.5825540984433,14.09625029521148,-18.45063352139273,2.971808880066201e-19
1787278798.6021438,resting,fast,1787278739.9715214,-247.2641834483079,-188.37054113802026,1349.8097623014373,14.127790585350514,-18.54481375862288,2.9740546277301145e-19
1787278798.613209,resting,fast,1787278739.9715214,-247.26335977163626,-187.297249316077,1351.2136682041355,14.047293698704781,-18.544751982872405,2.971621097389067e-19
1787278798.6242936,resting,fast,1787278739.9715214,-248.1966162436297,-187.66709204150322,1356.9069680021012,14.075031903111498,-18.614746218272153,2.9778698884683594e-19
1787278798.635444,resting,fast,1787278739.9715214,-248.51893062648332,-187.08178771693736,1358.2371583853173,14.03113407876916,-18.638919796986222,2.9794273171760492e-19
1787278798.646393,resting,fast,1787278739.9715214,-248.20234477145777,-188.03681808158547,1356.7943489901145,14.102761356117913,-18.6151758578591,2.9816601736789653e-19
1787278798.6575742,resting,fast,1787278739.9715214,-248.02980827974943,-188.36739070360647,1352.5498864026968,14.127554302769258,-18.602235620981048,2.9813972283508923e-19
1787278798.6686563,resting,fast,1787278739.9715214,-247.06241382842427,-189.2886130293897,1351.0280113493127,14.196645977202952,-18.529681037131475,2.9794128465718818e-19
1787278798.6797192,resting,fast,1787278739.9715214,-246.65669792928338,-188.72043005452076,1349.7948694139895,14.154032254087742,-18.49925234469606,2.977993674110797e-19
1787278798.690865,resting,fast,1787278739.9715214,-247.3671103203592,-188.81408758292457,1350.1250164065668,14.161056568718099,-18.552533274026743,2.9747602325026687e-19
1787278798.7020183,resting,fast,1787278739.9715214,-247.44268573781346,-187.12048586632898,1351.88375347055,14.034036439973523,-18.55820143033577,2.9753831928453777e-19
1787278798.7129772,resting,fast,1787278739.9715214,-247.17970165064298,-187.19605263822984,1354.0349012178422,14.039703947866034,-18.538477623798016,2.9772431559268463e-19
1787278798.7241738,resting,fast,1787278739.9715214,-246.1416851237932,-187.45881280942933,1355.04835530742,14.059410960706149,-18.460626384284254,2.9824326828647887e-19
1787278798.735299,resting,fast,1787278739.9715214,-245.7170964942884,-188.32601056640908,1351.7639086152822,14.124450792479454,-18.42878223707163,2.9800192221353156e-19
1787278798.7463434,resting,fast,1787278739.9715214,-246.54556939367694,-188.60153112641353,1349.9524762379378,14.145114834480015,-18.490917704525593,2.979911893271344e-19
1787278798.757417,resting,fast,1787278739.9715214,-247.29884072773666,-188.6122715391415,1351.0072715308206,14.145920365434325,-18.547413054580176,2.9792955601958497e-19
1787278798.7686417,resting,fast,1787278739.9715214,-248.724619589128,-188.94190134235293,1355.5066702460144,14.170642600675325,-18.654346469184418,2.9817784230256394e-19
1787278798.7795851,resting,fast,1787278739.9715214,-249.64018159578927,-189.13628607753174,1357.8987251741264,14.18522145581365,-18.723013619684117,2.98095015124831e-19
1787278798.7907627,resting,fast,1787278739.9715214,-249.14107401488536,-188.18931580230822,1355.673330718938,14.114198685172031,-18.68558055111609,2.976428039454724e-19
1787278798.8020012,resting,fast,1787278739.9715214,-247.88401237066,-188.24331558993833,1350.0703724912755,14.118248669244128,-18.59130092779938,2.973983077631262e-19
1787278798.8129733,resting,fast,1787278739.9715214,-246.35457941035338,-186.71638372563018,1351.5388796948619,14.003728779421056,-18.47659345577665,2.9758350786570804e-19
1787278798.8240492,resting,fast,1787278739.9715214,-246.91366962164602,-186.70806686354183,1357.6853840371905,14.003105014764405,-18.518525221623605,2.983745416708403e-19
1787278798.835231,resting,fast,1787278739.9715214,-246.29650668819386,-185.4432348316176,1360.8175172839046,13.908242612370106,-18.472238001614436,2.986391360819406e-19
1787278798.8462062,resting,fast,1787278739.9715214,-247.58516217782426,-187.7047082157302,1360.582653697934,14.077853116178705,-18.56888716333662,2.989467021934723e-19
1787278798.857409,resting,fast,1787278739.9715214,-246.75632091409216,-187.35354081743856,1355.7456456072623,14.051515561306733,-18.50672406855673,2.9858153303562605e-19
1787278798.871116,resting,fast,1787278739.9715214,-247.11563372663431,-187.08857316129058,1353.7467795310304,14.03164298709557,-18.53367252949738,2.979227892059716e-19
1787278798.8794148,resting,fast,1787278739.9715214,-244.7879666883432,-185.10262487149737,1346.8832942728359,13.882696865361272,-18.359097501625463,2.9690104161596284e-19
1787278798.890638,resting,fast,1787278739.9715214,-245.97916697955725,-185.90253897958826,1346.5099173392819,13.942690423467841,-18.44843752346678,2.964553611821881e-19
1787278798.901605,resting,fast,1787278739.9715214,-246.0677062660202,-186.5429903226335,1346.4115912167517,13.990724274196456,-18.455077969951162,2.967271478239371e-19
1787278798.9126356,resting,fast,1787278739.9715214,-246.51136891003216,-185.84574773526276,1349.3896346796,13.938431080143591,-18.48835266825244,2.9727982813585974e-19
1787278798.9239793,resting,fast,1787278739.9715214,-244.95785306844436,-184.61888214462272,1345.8440237568184,13.846416160845653,-18.371838980133163,2.975227988562773e-19
1787278798.9380476,resting,fast,1787278739.9715214,-246.31778442059976,-184.87199532608713,1347.9825662336943,13.865399649455501,-18.473833831544702,2.980338772281285e-19
1787278798.9459333,resting,fast,1787278739.9715214,-246.67792478179172,-186.93456871164756,1346.5503540219297,14.020092653372448,-18.50084435863407,2.978530536601511e-19
1787278798.9572358,resting,fast,1787278739.9715214,-248.6410557088534,-188.76760008701706,1352.2810302190092,14.157570006525336,-18.648079178163783,2.979222737136554e-19
1787278798.9711492,resting,fast,1787278739.9715214,-247.24290285348388,-188.91603194804486,1350.8484926615392,14.168702396102251,-18.543217714011178,2.974410861248512e-19
1787278798.979329,resting,fast,1787278739.9715214,-246.96407462358866,-187.85182841110225,1350.1351581929312,14.088887130831584,-18.52230559676893,2.971804037103028e-19
1787278798.990471,resting,fast,1787278739.9715214,-246.01029861014877,-187.17573489613653,1347.4318100596274,14.038180117209041,-18.45077239576078,2.970603301003831e-19
1787278799.004018,resting,fast,1787278739.9715214,-246.03311366872776,-186.7705516492091,1345.3849015593778,14.00779137368946,-18.4524835251545,2.968256807805586e-19
1787278799.0127118,resting,fast,1787278739.9715214,-245.93600441670105,-187.30794224525096,1345.6133231194099,14.04809566839251,-18.44520033125235,2.97177021344772e-19
1787278799.0237758,resting,fast,1787278739.9715214,-245.6130913465654,-187.0737792436961,1345.9933333545132,14.030533443276116,-18.4209818509922,2.971023340372723e-19
1787278799.0370326,resting,fast,1787278739.9715214,-245.99214152312152,-186.6342748790413,1350.2595652411737,13.997570615926922,-18.44941061423401,2.976777982374928e-19
1787278799.0459774,resting,fast,1787278739.9715214,-247.255413030623,-186.80749750321058,1352.910934844559,14.010562312739598,-18.544155977296498,2.9801904411575136e-19
1787278799.0570705,resting,fast,1787278739.9715214,-246.48883841585075,-187.18221031590622,1352.435027653647,14.038665773691992,-18.486662881188835,2.9832656937954504e-19
1787278799.0697224,resting,fast,1787278739.9715214,-247.26755614481272,-188.5479328427581,1355.6444567152512,14.14109496320589,-18.545066710860965,2.9860159263630235e-19
1787278799.0792408,resting,fast,1787278739.9715214,-246.3664538352573,-187.27597487747937,1353.4891489693955,14.045698115809717,-18.477484037644096,2.982131360717676e-19
1787278799.0905476,resting,fast,1787278739.9715214,-246.53212614354425,-186.1418518416516,1351.585325971665,13.960638888122777,-18.489909460765695,2.979768781347499e-19
1787278799.1029284,resting,fast,1787278739.9715214,-245.10511331846146,-184.3883497713906,1347.6727316575243,13.829126232853088,-18.382883498884674,2.973677629881784e-19
1787278799.1126156,resting,fast,1787278739.9715214,-246.3554460201417,-186.1278806028339,1351.7768503077905,13.959591045211429,-18.4766584515107,2.9828997860114285e-19
1787278799.1236892,resting,fast,1787278739.9715214,-247.46874083634748,-186.1155923182938,1359.2923858726635,13.958669423871104,-18.560155562725896,2.989189519137721e-19
1787278799.1357002,resting,fast,1787278739.9715214,-247.1828908199018,-186.887104040498,1353.9773305297904,14.016532803036288,-18.538716811492648,2.9878390505275115e-19
1787278799.1459522,resting,fast,1787278739.9715214,-246.2023903904569,-186.67626837417004,1350.6118869398497,14.000720128061534,-18.465179279283937,2.981737141534388e-19
1787278799.1569815,resting,fast,1787278739.9715214,-246.03947398360606,-187.31253774006552,1346.0278316106642,14.04844033050377,-18.45296054877027,2.9764428323648856e-19
1787278799.1684098,resting,fast,1787278739.9715214,-245.7630292985864,-186.84473656437842,1349.5158654700435,14.01335524232704,-18.43222719739373,2.9789781932631307e-19
1787278799.1792963,resting,fast,1787278739.9715214,-245.36432161258244,-187.48263396975415,1349.9425696002063,14.06119754773049,-18.402324120943696,2.9784455455384317e-19
1787278799.1902997,resting,fast,1787278739.9715214,-244.01409389707942,-185.86257260583045,1347.4268100062063,13.939692945436253,-18.301057042280696,2.974595523502962e-19
1787278799.2021577,resting,fast,1787278739.9715214,-244.99611594514363,-186.9731875871654,1346.28223157087,14.022989069036061,-18.37470869588587,2.9735777019650902e-19
1787278799.212511,resting,fast,1787278739.9715214,-245.5104019632049,-185.90272937961856,1345.1955290235574,13.942704703470444,-18.41328014724015,2.973214372879393e-19
1787278799.223649,resting,fast,1787278739.9715214,-245.70629173190582,-187.6286093606758,1345.251701579612,14.0721457020494,-18.42797187989308,2.973423682724943e-19
1787278799.2365644,resting,fast,1787278739.9715214,-246.69387604788562,-187.27316534154954,1345.9685176190733,14.045487400614935,-18.502040703591263,2.9731640092153606e-19
1787278799.2457345,resting,fast,1787278739.9715214,-245.48002298585425,-185.46652926127524,1343.0514207166352,13.909989694594362,-18.411001723938817,2.970224434523869e-19
1787278799.25695,resting,fast,1787278739.9715214,-245.51021612735485,-187.4237079773285,1341.6500157362889,14.056778098298384,-18.41326620955143,2.9754007654818016e-19
1787278799.2694585,resting,fast,1787278739.9715214,-246.0046450043451,-188.9964224971494,1347.3985771131584,14.174731687285078,-18.450348375325774,2.9831845089169496e-19
1787278799.2791007,resting,fast,1787278739.9715214,-246.51859900151567,-190.31269268484778,1347.8560650364625,14.273451951362606,-18.488894925113584,2.985392322683558e-19
1787278799.2903724,resting,fast,1787278739.9715214,-245.50195032924194,-188.88544842055228,1341.2117042649088,14.166408631540154,-18.412646274693145,2.97574993342827e-19
1787278799.3036938,resting,fast,1787278739.9715214,-243.50618648233421,-186.98624531975054,1336.2304330518846,14.02396839898012,-18.26296398617516,2.9706736498144155e-19
1787278799.312424,resting,fast,1787278739.9715214,-245.04739683131584,-187.2734358146398,1339.3940030664571,14.045507686096602,-18.378554762348635,2.9698475155828433e-19
1787278799.3234818,resting,fast,1787278739.9715214,-245.83879472747367,-186.9463209161962,1346.719577100649,14.020974068713702,-18.437909604560502,2.976759790982495e-19
1787278799.3368561,resting,fast,1787278739.9715214,-247.07948894455285,-188.01898559545623,1348.1778575684993,14.101423919657922,-18.53096167084133,2.977102210531982e-19
1787278799.345692,resting,fast,1787278739.9715214,-246.70902252864516,-188.1849331269599,1349.2887397432178,14.113869984520921,-18.503176689648065,2.979992273852253e-19
1787278799.356847,resting,fast,1787278739.9715214,-246.69473975422034,-188.36224323464273,1348.4171844295388,14.127168242596856,-18.502105481566396,2.9750402155024273e-19
1787278799.369629,resting,fast,1787278739.9715214,-246.63043778751262,-188.13316306894797,1349.2066684320152,14.109987230169882,-18.49728283406325,2.9747813861203224e-19
1787278799.3789442,resting,fast,1787278739.9715214,-245.8438475422504,-187.77800955665964,1345.2918272463494,14.083350716748416,-18.438288565668635,2.973603920013112e-19
1787278799.3900921,resting,fast,1787278739.9715214,-246.96977287849813,-188.52074058848723,1347.6347207796052,14.139055544135136,-18.52273296588725,2.9771776406133197e-19
1787278799.4022837,resting,fast,1787278739.9715214,-246.67269432574585,-186.78589791984848,1345.6968830912929,14.008942343987346,-18.500452074431074,2.976193141573409e-19
1787278799.4123123,resting,fast,1787278739.9715214,-245.63770652143148,-185.89617396481697,1345.9888326360515,13.942213047359889,-18.422827989107354,2.9750046759413645e-19
1787278799.4233437,resting,fast,1787278739.9715214,-246.16167733482735,-185.33302035987538,1346.5485893021441,13.899976526989409,-18.462125800111743,2.9773936325347825e-19
1787278799.4361396,resting,fast,1787278739.9715214,-246.1748661567558,-186.88910554349843,1347.5110130657858,14.016682915760985,-18.463114961756723,2.9782749562024033e-19
1787278799.4455104,resting,fast,1787278739.9715214,-248.2682732259841,-187.42974299567243,1349.4199807300874,14.05723072467406,-18.620120491948597,2.978019427774931e-19
1787278799.4566505,resting,fast,1787278739.9715214,-246.40214960630738,-186.37956809726336,1348.316101713809,13.9784676072934,-18.48016122047295,2.97614613990789e-19
1787278799.4699495,resting,fast,1787278739.9715214,-246.33589105349301,-186.1840854826072,1349.6060285326648,13.963806411194415,-18.475191829011898,2.974745104942169e-19
1787278799.478786,resting,fast,1787278739.9715214,-245.13109914365714,-186.56937896980355,1350.8405165171307,13.99270342273417,-18.384832435774193,2.973633397607454e-19
1787278799.4899979,resting,fast,1787278739.9715214,-245.45116534193357,-187.1119239478095,1350.2259690209148,14.033394296084555,-18.408837400644934,2.9735870808046726e-19
1787278799.502996,resting,fast,1787278739.9715214,-245.55502629245666,-186.76967452297697,1350.013312643251,14.007725589222137,-18.41662697193398,2.9723353790921334e-19
1787278799.5121229,resting,fast,1787278739.9715214,-245.93184064747174,-187.57982075771054,1348.6486317031186,14.0684865568272,-18.444888048560166,2.9742836924458453e-19
1787278799.5231993,resting,fast,1787278739.9715214,-246.48640872385886,-188.91985326243628,1349.2857028295903,14.168988994681403,-18.486480654289508,2.973590283248143e-19
1787278799.536079,resting,fast,1787278739.9715214,-246.4140809321193,-189.32198931922255,1346.7836462146815,14.199149198940592,-18.481056069908824,2.9734978059859037e-19
1787278799.545349,resting,fast,1787278739.9715214,-246.53863067314842,-187.4055171440317,1348.2983288574533,14.055413785801338,-18.490397300485853,2.971499213070134e-19
1787278799.5565443,resting,fast,1787278739.9715214,-246.07864300327083,-186.61950272446995,1346.7669294112357,13.996462704334053,-18.455898225245114,2.972843127272665e-19
1787278799.5692413,resting,fast,1787278739.9715214,-246.08950876076642,-185.79140201170242,1348.4470628781064,13.934355150876417,-18.4567131570573,2.973058427071027e-19
1787278799.5786319,resting,fast,1787278739.9715214,-246.17697550234288,-187.00158648143304,1346.7993764486773,14.025118986106424,-18.463273162675506,2.9764504229393874e-19
1787278799.5897412,resting,fast,1787278739.9715214,-247.48026827761123,-187.2355003976853,1350.6859049770928,14.042662529825353,-18.561020120820594,2.975707852932547e-19
1787278799.6008615,resting,fast,1787278739.9715214,-247.18193142521932,-188.57692661965814,1347.933764653114,14.143269496473014,-18.53864485689121,2.976462122068708e-19
1787278799.611944,resting,fast,1787278739.9715214,-246.56024268607007,-188.245802380898,1342.8534850993901,14.118435178565978,-18.49201820145499,2.971855538505601e-19
1787278799.6230984,resting,fast,1787278739.9715214,-244.84485220885972,-188.82042916496368,1336.5182776576485,14.161532187371183,-18.363363915664394,2.970468098164441e-19
1787278799.634462,resting,fast,1787278739.9715214,-245.0339488712102,-188.6641582974438,1335.1502342205704,14.149811872307072,-18.377546165340682,2.966867158239129e-19
1787278799.6454053,resting,fast,1787278739.9715214,-245.61508355085743,-189.69408853222797,1339.3236122512653,14.227056639916004,-18.421131266314397,2.9662374509834496e-19
1787278799.656339,resting,fast,1787278739.9715214,-247.04539394908397,-188.88906685097015,1343.747337923448,14.16668001382158,-18.528404546181307,2.9665033292910315e-19
1787278799.667522,resting,fast,1787278739.9715214,-247.93655693055507,-190.2465089897952,1352.600817284835,14.268488174233457,-18.595241769791315,2.97515732588945e-19
1787278799.6786032,resting,fast,1787278739.9715214,-247.40186577745453,-190.14018636228673,1349.9777347367826,14.260513977170508,-18.55513993330881,2.975536189655871e-19
1787278799.689701,resting,fast,1787278739.9715214,-247.33967410542436,-190.2672962345365,1349.3495747282695,14.270047217589028,-18.55047555790663,2.977897494349823e-19
1787278799.701469,resting,fast,1787278739.9715214,-246.42917180491213,-188.79264414917304,1343.8110614250409,14.159448311186768,-18.482187885368297,2.9714394528320133e-19
1787278799.7119734,resting,fast,1787278739.9715214,-246.27822483448972,-189.1581592414683,1344.2118337995335,14.186861943108898,-18.47086686258674,2.9708658999934936e-19
1787278799.72293,resting,fast,1787278739.9715214,-247.0647186004494,-190.77538582350724,1347.8970129248837,14.30815393676163,-18.52985389503352,2.97368504334502e-19
1787278799.7341254,resting,fast,1787278739.9715214,-246.9211238704279,-190.31722962500328,1349.8107014347906,14.273792221873993,-18.519084290281988,2.9770319031884735e-19
1787278799.7452514,resting,fast,1787278739.9715214,-247.16714350283792,-189.27512894222684,1350.563405534921,14.195634670665871,-18.53753576271253,2.9786698320398816e-19
1787278799.7563748,resting,fast,1787278739.9715214,-246.22723709699085,-188.59771284460646,1345.876199537136,14.144828463344385,-18.467042782274106,2.975528480641922e-19
1787278799.7675352,resting,fast,1787278739.9715214,-246.4083442297947,-188.2601931111252,1343.5388417022123,14.11951448333328,-18.480625817234447,2.9755977231190193e-19
1787278799.7783432,resting,fast,1787278739.9715214,-246.85206202497602,-188.1348893971134,1346.8377630504156,14.110116704782275,-18.513904651873027,2.978950764672482e-19
1787278799.789601,resting,fast,1787278739.9715214,-246.7271961775591,-186.27781745958703,1349.6472742686483,13.970836309468044,-18.504539713316703,2.975874737211614e-19
1787278799.8008854,resting,fast,1787278739.9715214,-248.06451307120142,-187.5940042287076,1352.2787907349912,14.06955031715174,-18.604838480339943,2.977087044291683e-19
1787278799.8118682,resting,fast,1787278739.9715214,-247.9352782716801,-188.15078984758622,1350.6017392036474,14.11130923856813,-18.595145870376015,2.9763089654071735e-19
1787278799.8229845,resting,fast,1787278739.9715214,-246.49438746092846,-188.7810067825618,1344.6389475740225,14.158575508690848,-18.48707905956944,2.973698846748855e-19
1787278799.8340878,resting,fast,1787278739.9715214,-244.8814184288226,-187.23891629488287,1342.9191826466094,14.042918722114766,-18.36610638216142,2.971783980264762e-19
1787278799.8448875,resting,fast,1787278739.9715214,-244.95414962011864,-187.34160400995177,1341.2367973490555,14.050620300745283,-18.371561221508614,2.972603928727449e-19
1787278799.8560898,resting,fast,1787278739.9715214,-246.09858986794416,-186.0986036454159,1343.39255561779,13.957395273404945,-18.457394240095795,2.9742781627153306e-19
1787278799.867046,resting,fast,1787278739.9715214,-246.16165602284627,-186.25476348090035,1341.0436651295158,13.969107261066075,-18.462124201713394,2.970743827509522e-19
1787278799.8781955,resting,fast,1787278739.9715214,-245.8290478676886,-186.1409789361993,1343.2907309532357,13.96057342021395,-18.43717859007686,2.969779266000646e-19
1787278799.8894825,resting,fast,1787278739.9715214,-245.26743571792713,-185.83425079176016,1341.7463041215278,13.937568809381052,-18.395057678844594,2.9696479202522034e-19
1787278799.9007316,resting,fast,1787278739.9715214,-246.53462004654511,-187.40838940393553,1344.694750115089,14.055629205294085,-18.490096503490726,2.972677518141148e-19
1787278799.911641,resting,fast,1787278739.9715214,-247.03922585522878,-186.25684787749435,1345.4042801523874,13.969263590810915,-18.527941939141847,2.973905179871234e-19
1787278799.9227803,resting,fast,1787278739.9715214,-247.77867056939203,-187.88166670797125,1348.037356853164,14.091125003096739,-18.583400292704184,2.976561700932436e-19
1787278799.9339492,resting,fast,1787278739.9715214,-246.48266412068688,-186.9072208355468,1345.1472323622338,14.018041562665065,-18.4861998090512,2.974312426149935e-19
1787278799.9450257,resting,fast,1787278739.9715214,-246.1150177078439,-186.3594667561507,1348.7036759218054,13.97696000671046,-18.458626328088094,2.9702870200985393e-19
1787278799.9561567,resting,fast,1787278739.9715214,-245.8929277219836,-186.42707301678126,1350.5173433522586,13.982030476257197,-18.44196957914845,2.9690482212914994e-19
1787278799.9672906,resting,fast,1787278739.9715214,-247.30799990896003,-188.21821942571967,1357.063815458917,14.116366456927668,-18.54809999317188,2.9738813911002074e-19
1787278799.9783437,resting,fast,1787278739.9715214,-249.06917990172633,-191.10148449415067,1356.7103144710609,14.332611337060062,-18.680188492629334,2.9779719777180425e-19
1787278799.989344,resting,fast,1787278739.9715214,-248.5163545479113,-189.47846785085892,1355.5585329344676,14.21088508881343,-18.638726591093388,2.9811321150537746e-19
1787278800.0001183,resting,fast,1787278739.9715214,-246.02019593705654,-186.95767601181285,1350.0357456013726,14.021825700884765,-18.451514695279073,2.9768680175189395e-19
1787278800.0115194,resting,fast,1787278739.9715214,-244.84893888508805,-184.81367377511845,1349.7384849554574,13.861025533132707,-18.363670416381503,2.9769945796101073e-19
1787278800.0225859,resting,fast,1787278739.9715214,-245.01644494924813,-186.22931869057345,1349.7833481691841,13.967198901791892,-18.376233371193635,2.977577793788207e-19
1787278800.0336885,resting,fast,1787278739.9715214,-245.96536481101657,-185.53474954509932,1348.015010107666,13.91510621588127,-18.447402360826267,2.9757637413454143e-19
1787278800.0449376,resting,fast,1787278739.9715214,-246.00729195085796,-185.99225349566075,1344.23930875088,13.949419012173255,-18.45054689631406,2.974845492880186e-19
1787278800.0560818,resting,fast,1787278739.9715214,-246.72538622744787,-183.3311233676103,1347.3135779851082,13.749834252569432,-18.50440396705821,2.9716820641579778e-19
1787278800.0671632,resting,fast,1787278739.9715214,-247.08883134104826,-183.89888822895603,1353.316844194459,13.792416617170591,-18.531662350578564,2.9783471446320987e-19
1787278800.0782557,resting,fast,1787278739.9715214,-246.56891925044465,-183.9397581898653,1351.5742995894716,13.795481864238727,-18.492668943782867,2.974333757840206e-19
1787278800.0894184,resting,fast,1787278739.9715214,-246.92173376244455,-187.25634948035997,1348.2880138359224,14.044226211025762,-18.519130032183142,2.9755886899212115e-19
1787278800.1004312,resting,fast,1787278739.9715214,-247.01657032625326,-188.15043206436064,1343.2341668473882,14.111282404825747,-18.526242774468784,2.9703743528498793e-19
1787278800.1114516,resting,fast,1787278739.9715214,-247.5997556603229,-187.8332144725133,1347.5040236426403,14.087491085437197,-18.569981674523838,2.9713639247931946e-19
1787278800.1227145,resting,fast,1787278739.9715214,-247.48295249750618,-187.82255818885426,1346.6915322519499,14.08669186416282,-18.56122143731276,2.9702089458109524e-19
1787278800.1337225,resting,fast,1787278739.9715214,-247.75487360832858,-186.38873789849652,1347.8754689077368,13.97915534238594,-18.58161552062453,2.969659231074508e-19
1787278800.1447833,resting,fast,1787278739.9715214,-248.4246823013068,-187.31999993517059,1347.6323799358152,14.048999995136601,-18.63185117259787,2.9663942834370547e-19
1787278800.1559443,resting,fast,1787278739.9715214,-249.48916891437466,-186.74501459359942,1352.0855446458727,14.005876094518815,-18.711687668578044,2.9693307664693254e-19
1787278800.1670501,resting,fast,1787278739.9715214,-249.54281985418265,-187.6302322479752,1353.8832799261427,14.072267418597082,-18.71571148906353,2.9733166933876064e-19
1787278800.1782486,resting,fast,1787278739.9715214,-248.61633561857843,-187.84806848613118,1350.3224511944163,14.088605136458686,-18.646225171393354,2.978493242697105e-19
1787278800.1893127,resting,fast,1787278739.9715214,-247.40080882003122,-187.96846959786433,1348.0685365216968,14.097635219838597,-18.55506066150204,2.9758829356564777e-19
1787278800.2001896,resting,fast,1787278739.9715214,-247.65891720121226,-187.427057125558,1351.7489685143546,14.057029284415837,-18.574418790090554,2.975484229077678e-19
1787278800.211109,resting,fast,1787278739.9715214,-247.59099507024212,-185.21009542811396,1356.6394998385522,13.890757157107348,-18.56932463026793,2.971720531565322e-19
1787278800.2223685,resting,fast,1787278739.9715214,-247.10729862636208,-184.13687935878067,1355.7277744772755,13.8102659519075,-18.533047396977047,2.9743933993430085e-19
1787278800.2334938,resting,fast,1787278739.9715214,-246.30623041745957,-183.3273627469572,1350.7418558950876,13.749552206020926,-18.472967281309245,2.9705327268423964e-19
1787278800.244608,resting,fast,1787278739.9715214,-246.0852497785586,-184.1659143381877,1347.7203237035383,13.812443575363009,-18.456393733391884,2.9755213545214885e-19
1787278800.2558165,resting,fast,1787278739.9715214,-246.04680229663018,-184.23125720167252,1349.43396347002,13.817344290124186,-18.453510172246922,2.976323245777478e-19
1787278800.266954,resting,fast,1787278739.9715214,-247.90198572898362,-186.2172939986575,1356.504984262815,13.966297049898404,-18.592648929673665,2.9864855110803e-19
1787278800.2780702,resting,fast,1787278739.9715214,-248.30320014506788,-185.4783770810551,1361.5759204703163,13.91087828107786,-18.622740010880122,2.9857839301143132e-19
1787278800.289215,resting,fast,1787278739.9715214,-247.70530563668535,-184.12952355209234,1357.00981102069,13.80971426640578,-18.577897922751283,2.9775722229063337e-19
1787278800.3002493,resting,fast,1787278739.9715214,-247.6655194633936,-184.3147992889484,1352.603960935373,13.823609946670022,-18.574913959754248,2.97356934957296e-19
1787278800.3114452,resting,fast,1787278739.9715214,-247.1528763199026,-186.1505620246595,1346.802765728241,13.96129215184843,-18.536465723992542,2.970742332436786e-19
1787278800.3224573,resting,fast,1787278739.9715214,-248.98073700202758,-187.74825930086934,1353.4067605945029,14.081119447564152,-18.673555275152047,2.979772935845552e-19
1787278800.3335605,resting,fast,1787278739.9715214,-247.71247712152808,-185.85462368427181,1353.1489465106615,13.939096776319023,-18.57843578411432,2.978996920410262e-19
1787278800.3446684,resting,fast,1787278739.9715214,-248.3826000960612,-186.1695590888404,1351.8202585715708,13.962716931662019,-18.628695007204385,2.976830330829732e-19
1787278800.355718,resting,fast,1787278739.9715214,-248.30970915606804,-186.11507595544515,1352.4382839843138,13.958630696657256,-18.623228186704956,2.9757756799034376e-19
1787278800.366816,resting,fast,1787278739.9715214,-249.147871725369,-186.79073581974637,1354.7861471065999,14.009305186479924,-18.68609037940258,2.9764760505023783e-19
1787278800.377977,resting,fast,1787278739.9715214,-248.98596370609312,-185.04987122454838,1358.3402213417985,13.878740341839833,-18.67394727795711,2.9832146774821353e-19
1787278800.3889842,resting,fast,1787278739.9715214,-248.1311206030491,-184.38053299265937,1355.5137494927412,13.828539974448336,-18.609834045228425,2.982969692840901e-19
1787278800.3999338,resting,fast,1787278739.9715214,-247.8329143420592,-184.94776270900627,1350.2147552479773,13.871082203174215,-18.5874685756543,2.9757828798515875e-19
1787278800.4111512,resting,fast,1787278739.9715214,-248.8080043865616,-187.19061374871023,1354.522972216594,14.039296031152052,-18.660600328992118,2.9774750983438155e-19
1787278800.422406,resting,fast,1787278739.9715214,-249.32489978967487,-187.71558721806343,1354.1488338897389,14.07866904135351,-18.69936748422534,2.97737331651273e-19
1787278800.4332857,resting,fast,1787278739.9715214,-249.93537229732055,-187.92282898796736,1359.5772801241337,14.094212174096544,-18.745152922298793,2.9830770352217924e-19
1787278800.444399,resting,fast,1787278739.9715214,-247.195775871794,-186.242712723831,1349.6032273269602,13.968203454286328,-18.539683190384324,2.974310746799542e-19
1787278800.4556375,resting,fast,1787278739.9715214,-247.0857585239296,-186.15802196902962,1350.8357655096615,13.961851647676003,-18.531431889294367,2.975503501163386e-19
1787278800.4667172,resting,fast,1787278739.9715214,-245.35127845241868,-185.79885218194988,1345.6931728970058,13.934913913645293,-18.401345883931143,2.973645814890733e-19
1787278800.4778311,resting,fast,1787278739.9715214,-247.60917331175688,-186.05227033207882,1354.989638988006,13.953920274904792,-18.570687998381572,2.982944470483644e-19
1787278800.4890308,resting,fast,1787278739.9715214,-247.8655942004666,-186.76778467816519,1355.0493809586378,14.007583850861085,-18.589919565034826,2.982413243981724e-19
1787278800.500031,resting,fast,1787278739.9715214,-248.72367288499345,-187.00554691619334,1359.1051577439948,14.02541601871339,-18.654275466374173,2.983596331706996e-19
1787278800.5111299,resting,fast,1787278739.9715214,-247.06049995497733,-187.07294281059205,1352.7080130774748,14.030470710793413,-18.52953749662317,2.9779198491121203e-19
1787278800.522362,resting,fast,1787278739.9715214,-246.55325482865692,-186.97181664072684,1352.1650842973386,14.0228862480534,-18.491494112149113,2.9775706891982933e-19
1787278800.5333352,resting,fast,1787278739.9715214,-246.09814309967032,-186.2170394614849,1349.9250905459076,13.966277959610284,-18.457360732474896,2.9754037580000095e-19
1787278800.544416,resting,fast,1787278739.9715214,-247.2988409950417,-186.8835172567916,1350.779251818135,14.016263794258283,-18.54741307462787,2.9740761171588144e-19
1787278800.5556793,resting,fast,1787278739.9715214,-247.33387818060828,-186.65815004428953,1350.2912274555756,13.999361253320703,-18.550040863545497,2.9752623662668533e-19
1787278800.566711,resting,fast,1787278739.9715214,-247.00970766160344,-187.59758038261145,1350.7289727473335,14.069818528694771,-18.525728074620076,2.972633862077154e-19
1787278800.5778189,resting,fast,1787278739.9715214,-247.00226268314555,-186.43197270017515,1351.682731554657,13.982397952512063,-18.52516970123572,2.9762430315245514e-19
1787278800.5890543,resting,fast,1787278739.9715214,-247.03708185111145,-185.9214254002585,1353.235073609797,13.944106905018447,-18.527781138833262,2.9755276340442466e-19
1787278800.5999699,resting,fast,1787278739.9715214,-247.44385650125923,-185.61664651975354,1355.2017255271376,13.921248488980272,-18.55828923759443,2.9822872621963943e-19
1787278800.6110265,resting,fast,1787278739.9715214,-248.27561084911622,-186.72482088934646,1357.8741427712675,14.004361566699703,-18.620670813683624,2.982020948723913e-19
1787278800.6222804,resting,fast,1787278739.9715214,-247.8228891517624,-186.4904465308881,1353.4364114498376,13.986783489815455,-18.586716686381827,2.9780408513896417e-19
1787278800.6333272,resting,fast,1787278739.9715214,-248.0694662148112,-187.35217798012457,1351.6712307929147,14.051413348508095,-18.605209966110706,2.9770762060969545e-19
1787278800.6444707,resting,fast,1787278739.9715214,-246.65823209412565,-187.70908371368512,1348.4795575671642,14.078181278525424,-18.49936740705943,2.9767668678803424e-19
1787278800.655464,resting,fast,1787278739.9715214,-247.1186507958305,-188.335257991066,1351.023809701518,14.12514434932898,-18.533898809687066,2.9783029862786615e-19
1787278800.6665587,resting,fast,1787278739.9715214,-246.6810627550526,-186.50482116184742,1352.0521800787728,13.987861587137349,-18.501079706628644,2.9759827931165607e-19
1787278800.6776361,resting,fast,1787278739.9715214,-247.8938542682995,-185.5581747734194,1354.953613770359,13.916863108005305,-18.59203907012239,2.9760476527389947e-19
1787278800.69154,resting,fast,1787278739.9715214,-247.73097132628254,-185.17115960532772,1351.9346955314331,13.887836970398386,-18.57982284947105,2.972334264765806e-19
1787278800.699643,resting,fast,1787278739.9715214,-248.02312310296702,-187.12990440452347,1349.9216736591907,14.034742830338292,-18.601734232722478,2.972266785617106e-19
1787278800.7110236,resting,fast,1787278739.9715214,-246.1570353490465,-186.59319863994517,1345.0632172330197,13.994489897994786,-18.461777651178387,2.9716792755493284e-19
1787278800.724427,resting,fast,1787278739.9715214,-246.75472913077238,-187.93757667239367,1348.9015030960645,14.095318250428651,-18.50660468480774,2.9770655376822357e-19
1787278800.73311,resting,fast,1787278739.9715214,-246.6859074065428,-187.45512568964648,1348.2235709892384,14.059134426721986,-18.501443055490256,2.9786609499874747e-19
1787278800.7442985,resting,fast,1787278739.9715214,-246.97403883991092,-187.28588277545816,1347.5819453215036,14.046441208158246,-18.523052912993222,2.9783826561656904e-19
1787278800.7580981,resting,fast,1787278739.9715214,-247.22314340832736,-186.11628015080134,1348.2223800744314,13.958721011309041,-18.541735755624302,2.979897996875062e-19
1787278800.7664375,resting,fast,1787278739.9715214,-246.44437535760744,-185.6106516504011,1346.380335494482,13.920798873779066,-18.483328151820416,2.976726445618706e-19
1787278800.7776246,resting,fast,1787278739.9715214,-245.50691068189144,-184.97346752067676,1343.3523117869108,13.873010064049584,-18.413018301141904,2.9719346575572177e-19
1787278800.7919734,resting,fast,1787278739.9715214,-245.02944985931708,-184.87028388222632,1344.4829073762257,13.86527129116573,-18.37720873944852,2.971357667344051e-19
1787278800.799683,resting,fast,1787278739.9715214,-246.26120696072167,-186.58268564665866,1347.3963483275338,13.993701423498283,-18.46959052205387,2.9747295735176766e-19
1787278800.8108304,resting,fast,1787278739.9715214,-246.33073496068346,-186.28680114002339,1345.7026263261787,13.97151008550063,-18.474805122051187,2.9736566862334735e-19
1787278800.8247554,resting,fast,1787278739.9715214,-245.29832307618062,-185.54256593332104,1338.6388627602582,13.915692444997891,-18.397374230713588,2.970966530687964e-19
1787278800.8330543,resting,fast,1787278739.9715214,-243.76701676741186,-183.44344309578412,1334.1654129141416,13.75825823218246,-18.282526257555652,2.9674611512404805e-19
1787278800.8443022,resting,fast,1787278739.9715214,-244.03276168470302,-184.00387699025066,1341.1558590006562,13.80029077426774,-18.30245712635255,2.9710863667575516e-19
1787278800.8579063,resting,fast,1787278739.9715214,-244.89733721679977,-184.83690850425785,1346.075032462054,13.862768137818254,-18.36730029126008,2.9713125842673015e-19
1787278800.8663652,resting,fast,1787278739.9715214,-245.87830371854716,-185.08008715755716,1349.6410973996344,13.88100653681558,-18.440872778890892,2.9748446743585016e-19
1787278800.8774397,resting,fast,1787278739.9715214,-247.25339978563943,-186.45804684549682,1350.4556732068859,13.984353513411268,-18.544004983922754,2.978249947627611e-19
1787278800.8909314,resting,fast,1787278739.9715214,-247.34384274255217,-186.49083946423264,1350.0201324455547,13.986812959816138,-18.550788205691333,2.978422371966843e-19
1787278800.8993754,resting,fast,1787278739.9715214,-247.02931124661745,-186.5252521080232,1350.0386663270956,13.989393908100471,-18.527198343496146,2.976712329956962e-19
1787278800.910666,resting,fast,1787278739.9715214,-247.0620987084808,-185.5009695185521,1348.47354012887,13.912572713890146,-18.52965740313585,2.9748181542119457e-19
1787278800.9234855,resting,fast,1787278739.9715214,-247.09135561628,-186.8158446442868,1346.729289040647,14.011188348320207,-18.531851671220764,2.974821021133581e-19
1787278800.9329238,resting,fast,1787278739.9715214,-246.97224907963982,-185.5901557087069,1344.3389543883777,13.919261678151774,-18.522918680972715,2.975614164582348e-19
1787278800.9441385,resting,fast,1787278739.9715214,-246.19683907411172,-185.4525635975707,1344.7594096731382,13.908942269816794,-18.464762930558223,2.973883767317715e-19
1787278800.9563198,resting,fast,1787278739.9715214,-246.46894045223462,-183.87556878245562,1349.0227231072085,13.790667658682967,-18.485170533917604,2.9744840150724475e-19
1787278800.9664164,resting,fast,1787278739.9715214,-247.25424676481225,-184.4209353958746,1353.5542183599673,13.831570154689462,-18.544068507360933,2.9778755855677984e-19
1787278800.9773307,resting,fast,1787278739.9715214,-247.61997904125064,-185.13124595087731,1355.1767090413496,13.884843446314878,-18.57149842809364,2.984389613513116e-19
1787278800.989691,resting,fast,1787278739.9715214,-247.35199847447484,-186.2008407917,1351.0060242363024,13.965063059376394,-18.55139988558539,2.984380722944189e-19
1787278800.999671,resting,fast,1787278739.9715214,-247.0986010765123,-186.57203903958487,1348.1675909959786,13.992902927967851,-18.532395080738127,2.9847195404400565e-19
1787278801.0107083,resting,fast,1787278739.9715214,-247.00811320733783,-186.7629972635417,1344.259307631989,14.007224794764415,-18.525608490549928,2.9782971393611244e-19
1787278801.0225904,resting,fast,1787278739.9715214,-245.51281717634674,-185.91440100531725,1339.6637064188299,13.943580075397495,-18.41346128822579,2.976381447288937e-19
1787278801.0329509,resting,fast,1787278739.9715214,-245.18082937636564,-186.30977969274852,1338.1999519270366,13.973233476955063,-18.3885622032274,2.9698327036744576e-19
1787278801.0439453,resting,fast,1787278739.9715214,-245.88842209523818,-187.06618416997833,1343.7611005599802,14.02996381274713,-18.441631657142537,2.9767029841592903e-19
1787278801.055357,resting,fast,1787278739.9715214,-248.95198673327604,-187.49357505346222,1352.4048501601364,14.062018129008482,-18.671399004995614,2.980935696191027e-19
1787278801.0661855,resting,fast,1787278739.9715214,-248.5682713845349,-187.4746290342879,1356.338047310669,14.060597177570404,-18.64262035384005,2.9869918442902007e-19
1787278801.0773997,resting,fast,1787278739.9715214,-247.51155216550205,-186.34943608446645,1349.9251863526251,13.976207706333657,-18.563366412412485,2.9794085071892532e-19
1787278801.0886173,resting,fast,1787278739.9715214,-246.04128235190046,-186.00902082937512,1348.407672536653,13.950676562201952,-18.45309617639233,2.977450150920569e-19
1787278801.099659,resting,fast,1787278739.9715214,-245.52865368000448,-186.23987315353872,1342.4362495709456,13.967990486514186,-18.41464902600012,2.970902576608346e-19
1787278801.1106226,resting,fast,1787278739.9715214,-246.25606868273235,-186.40795722224232,1348.9239881442454,13.980596791667015,-18.469205151204875,2.974692341003343e-19
1787278801.1217027,resting,fast,1787278739.9715214,-244.51065008580508,-185.49581657301962,1344.3973586288857,13.912186242975398,-18.338298756435208,2.9709113171519987e-19
1787278801.132746,resting,fast,1787278739.9715214,-244.90885604558525,-185.6099461706325,1342.7723553878577,13.92074596279625,-18.368164203418978,2.973112540819997e-19
1787278801.143984,resting,fast,1787278739.9715214,-245.01085511661267,-185.85492577619686,1339.6852937287922,13.939119433213879,-18.37581413374574,2.976050797938991e-19
1787278801.155037,resting,fast,1787278739.9715214,-246.80244384545267,-186.342889539564,1343.86551987672,13.97571671546618,-18.510183288408783,2.9828694782153053e-19
1787278801.1661386,resting,fast,1787278739.9715214,-245.69736665365372,-185.54563669101105,1347.2260743524193,13.915922751824727,-18.427302499024,2.9820340224867235e-19
1787278801.1772482,resting,fast,1787278739.9715214,-244.79953024502765,-184.87803848279566,1348.6375043053658,13.865852886208533,-18.35996476837699,2.977520851696602e-19
1787278801.1889195,resting,fast,1787278739.9715214,-244.5007265828067,-185.482757826583,1348.9339450936304,13.911206836992452,-18.33755449371028,2.977362317544879e-19
1787278801.1993835,resting,fast,1787278739.9715214,-245.79453797303313,-185.46328128698417,1349.1044543055805,13.909746096522515,-18.434590347977313,2.9776016099427527e-19
1787278801.2105992,resting,fast,1787278739.9715214,-247.1696673571564,-185.9328105276105,1349.4873906103085,13.944960789569468,-18.537725051786424,2.9800988249989656e-19
1787278801.2215889,resting,fast,1787278739.9715214,-247.9795395990318,-185.73388299451437,1350.8362203111947,13.93004122458736,-18.59846546992697,2.974902725508026e-19
1787278801.2327154,resting,fast,1787278739.9715214,-247.99912604627252,-186.10287514627169,1351.2279386401306,13.95771563596914,-18.59993445347,2.9762290497426487e-19
1787278801.2437396,resting,fast,1787278739.9715214,-248.2345460997626,-187.5201329701123,1353.8985621719921,14.064009972757152,-18.617590957482093,2.979381178644608e-19
1787278801.2550385,resting,fast,1787278739.9715214,-247.0433714571168,-188.10986846924027,1350.4912145098633,14.108240135192023,-18.52825285928354,2.982985210447909e-19
1787278801.266081,resting,fast,1787278739.9715214,-247.16603871538018,-188.3819787220442,1351.6728376702476,14.128648404152205,-18.53745290365317,2.9824982904548555e-19
1787278801.2771857,resting,fast,1787278739.9715214,-244.4213717943362,-186.22302335985125,1342.0419817868542,13.96672675198774,-18.331602884575275,2.973464445926069e-19
1787278801.2883317,resting,fast,1787278739.9715214,-245.6124074068971,-185.58287200812367,1345.422755443028,13.91871540060804,-18.420930555517096,2.9724288563150703e-19
1787278801.299256,resting,fast,1787278739.9715214,-245.13781161383076,-184.57102123746483,1343.0878404868135,13.84282659280871,-18.385335871036865,2.974337757928405e-19
1787278801.3105097,resting,fast,1787278739.9715214,-245.6988399505376,-185.18476643404426,1346.1369071907347,13.888857482552144,-18.4274129962902,2.979540421253112e-19
1787278801.3215287,resting,fast,1787278739.9715214,-244.7228419216949,-185.69068061098494,1341.7155258847388,13.926801045822874,-18.35421314412708,2.978655822161365e-19
1787278801.3327053,resting,fast,1787278739.9715214,-244.70971116618102,-184.496309964631,1342.043114881023,13.837223247345907,-18.3532283374631,2.978564147249876e-19
1787278801.343743,resting,fast,1787278739.9715214,-245.99423465288828,-184.20524934886532,1346.848538185156,13.815393701163561,-18.44956759896636,2.9792250314934436e-19
1787278801.3548183,resting,fast,1787278739.9715214,-245.88135853647827,-183.40251145212767,1347.3863573650478,13.755188358908516,-18.441101890235743,2.975320027068311e-19
1787278801.3659034,resting,fast,1787278739.9715214,-245.80236503114838,-185.32976556811002,1345.6175510261937,13.899732417607158,-18.43517737733592,2.972289962408031e-19
1787278801.377077,resting,fast,1787278739.9715214,-245.39258343940082,-185.837405886179,1341.7713063069432,13.937805441462249,-18.404443757954965,2.9681041815167602e-19
1787278801.388191,resting,fast,1787278739.9715214,-245.45654394176336,-185.76017574730975,1345.691927166973,13.932013181047072,-18.409240795632257,2.975873939866849e-19
1787278801.3991253,resting,fast,1787278739.9715214,-244.6470366700637,-185.16065931353126,1344.3391409515252,13.887049448513839,-18.34852775025459,2.9761017876390743e-19
1787278801.4101522,resting,fast,1787278739.9715214,-244.20160987157442,-184.55476947458317,1342.4993076792225,13.841607710592502,-18.315120740367647,2.977924454475901e-19
1787278801.4212794,resting,fast,1787278739.9715214,-244.9420289075765,-186.59470914354472,1339.2419995731589,13.994603185764465,-18.370652168068133,2.974626460844063e-19
1787278801.4324496,resting,fast,1787278739.9715214,-247.38091082369056,-186.82775909795748,1345.6565549228826,14.012081932345712,-18.553568311776395,2.9776783361156053e-19
1787278801.4435828,resting,fast,1787278739.9715214,-247.58288170615424,-186.75828483134762,1348.7245310533099,14.006871362349774,-18.568716127961444,2.981235548975931e-19
1787278801.4547348,resting,fast,1787278739.9715214,-246.1103393765802,-184.3680745171581,1347.5903224448439,13.827605588785804,-18.458275453243154,2.980169184369551e-19
1787278801.46573,resting,fast,1787278739.9715214,-244.83864636932458,-183.94282205642696,1343.2965651166314,13.795711654230804,-18.362898477699062,2.9741643019466155e-19
1787278801.4769003,resting,fast,1787278739.9715214,-245.8537214866824,-185.30716786039864,1343.7702713994468,13.898037589528858,-18.439029111501,2.9758136482090664e-19
1787278801.4880197,resting,fast,1787278739.9715214,-246.69305047151602,-185.7070723837288,1346.1368536689633,13.928030428778658,-18.501978785363733,2.975529594205922e-19
1787278801.4991126,resting,fast,1787278739.9715214,-247.7633473346118,-186.9193232342517,1346.471817206454,14.018949242567519,-18.582251050095593,2.975753936645545e-19
1787278801.5102122,resting,fast,1787278739.9715214,-247.03051559283222,-186.81992487001514,1345.5190388416277,14.011494365250162,-18.52728866946201,2.972751600400751e-19
1787278801.5212848,resting,fast,1787278739.9715214,-245.90261254797542,-187.30976110120616,1341.7706379260753,14.048232082589326,-18.442695941098002,2.971498733226628e-19
1787278801.532333,resting,fast,1787278739.9715214,-245.9023902857639,-186.27213189867518,1343.6148744203028,13.970409892399548,-18.44267927143229,2.9772560868609896e-19
1787278801.5434647,resting,fast,1787278739.9715214,-245.2769173524116,-185.24296449504993,1342.8570166610452,13.8932223371275,-18.39576880143069,2.9775240971276296e-19
1787278801.5545378,resting,fast,1787278739.9715214,-245.78784163216233,-184.35221000317404,1341.371940239239,13.826415750236695,-18.43408812241185,2.974860731179479e-19
1787278801.5656078,resting,fast,1787278739.9715214,-245.4430638583949,-184.26401132345825,1344.5099151454297,13.819800849258318,-18.40822978937952,2.9763847195617734e-19
1787278801.5767488,resting,fast,1787278739.9715214,-245.83519142731848,-184.1824933814229,1344.9148659255343,13.813687003605512,-18.43763935704858,2.976693858030754e-19
1787278801.5880039,resting,fast,1787278739.9715214,-246.45400141302935,-184.93154294994872,1347.1517738688444,13.86986572124501,-18.484050105977147,2.976512915597367e-19
1787278801.5988996,resting,fast,1787278739.9715214,-246.33240382639224,-185.45259738688435,1345.3487312007064,13.90894480401548,-18.474930286979202,2.9744230125256075e-19
1787278801.610137,resting,fast,1787278739.9715214,-247.0586361151295,-186.83423916816525,1349.8406910118292,14.012567937611397,-18.52939770863459,2.9782746289842826e-19
1787278801.6210735,resting,fast,1787278739.9715214,-247.2340407540455,-187.7546535263058,1352.8058541705223,14.08159901447161,-18.542553056553245,2.9835737663196033e-19
1787278801.6323428,resting,fast,1787278739.9715214,-245.9261396341467,-185.88152257386207,1347.197383537451,13.94111419303849,-18.444460472560884,2.978355053285837e-19
1787278801.6434152,resting,fast,1787278739.9715214,-244.71441445880782,-185.721582173289,1343.298840155615,13.929118662995439,-18.353581084410514,2.973916959152661e-19
1787278801.654529,resting,fast,1787278739.9715214,-245.75915209931327,-186.06278471531311,1345.1103223313175,13.954708853647492,-18.431936407448305,2.9738165029746323e-19
1787278801.6655312,resting,fast,1787278739.9715214,-247.23743693430924,-188.26268020988744,1352.9848643577743,14.119701015740308,-18.542807770072983,2.9814643890473607e-19
1787278801.6766796,resting,fast,1787278739.9715214,-248.21337616645314,-186.93005084396475,1355.4113109771251,14.019753813296152,-18.616003212484003,2.9817253501448743e-19
1787278801.6876993,resting,fast,1787278739.9715214,-246.53433703472047,-184.95462264577816,1348.8018542639466,13.871596698432288,-18.49007527760382,2.980926029530053e-19
1787278801.698792,resting,fast,1787278739.9715214,-245.82404827335222,-184.24501002110708,1346.0817098593952,13.818375751581915,-18.43680362050126,2.9753979353382216e-19
1787278801.7100012,resting,fast,1787278739.9715214,-244.81072223097135,-184.34857790545914,1340.8093681418768,13.826143342908285,-18.360804167322982,2.9692246949613386e-19
1787278801.7211103,resting,fast,1787278739.9715214,-244.9535868225189,-185.96613858241983,1345.215353146822,13.947460393680178,-18.37151901168899,2.973093501808663e-19
1787278801.7321823,resting,fast,1787278739.9715214,-245.14272925722298,-185.6736004507178,1341.635982196739,13.92552003380263,-18.385704694291604,2.970542862197058e-19
1787278801.743297,resting,fast,1787278739.9715214,-245.45959256521428,-185.27159508416878,1345.468014693487,13.8953696313115,-18.409469442391213,2.9755764090965674e-19
1787278801.7544167,resting,fast,1787278739.9715214,-246.26782483566467,-184.9130719960084,1347.0945202905232,13.86848039969944,-18.470086862674727,2.971538050357241e-19
1787278801.765405,resting,fast,1787278739.9715214,-245.66714884508974,-184.9873483487246,1353.1667854881898,13.874051126153166,-18.425036163381762,2.9776704566960277e-19
1787278801.7765374,resting,fast,1787278739.9715214,-246.01437325129382,-186.2494931633588,1351.948580678306,13.968711987250945,-18.451077993846738,2.9754590278891065e-19
1787278801.7877388,resting,fast,1787278739.9715214,-245.49767759886026,-185.3158701449321,1348.5658335496892,13.898690260868907,-18.412325819914436,2.971466458165106e-19
1787278801.7986832,resting,fast,1787278739.9715214,-245.75123735093848,-185.78452152852503,1346.346611316415,13.933839114637951,-18.43134280132012,2.9682230196328987e-19
1787278801.8099635,resting,fast,1787278739.9715214,-245.97499682823081,-184.5836761823042,1347.7525803625294,13.843775713671594,-18.44812476211718,2.9708667678773613e-19
1787278801.8209536,resting,fast,1787278739.9715214,-247.1407758790051,-186.02293988236931,1354.4481494103502,13.951720491176761,-18.53555819092518,2.9762461257061453e-19
1787278801.8320968,resting,fast,1787278739.9715214,-248.9098718965547,-186.25725394618655,1358.0693148863838,13.969294045962759,-18.668240392241295,2.98025331782576e-19
1787278801.8431008,resting,fast,1787278739.9715214,-248.66281812092848,-187.1298524519226,1354.0136841593803,14.034738933893014,-18.649711359069528,2.976078760059855e-19
1787278801.8543136,resting,fast,1787278739.9715214,-248.77249875087682,-188.45955780417387,1351.4941361967112,14.134466835311787,-18.65793740631561,2.977292012942905e-19
1787278801.8654,resting,fast,1787278739.9715214,-247.57953555700033,-187.69439706314154,1351.0920399460983,14.077079779734422,-18.568465166775113,2.9749136846690313e-19
1787278801.8764622,resting,fast,1787278739.9715214,-248.14976431470814,-187.92139990980638,1354.1190945043445,14.094104993234314,-18.611232323602835,2.9794815208774646e-19
1787278801.8872693,resting,fast,1787278739.9715214,-246.2507476020778,-185.41564257969628,1351.6820524310433,13.906173193476082,-18.468806070155452,2.9752373100102573e-19
1787278801.8986094,resting,fast,1787278739.9715214,-247.03140064741046,-185.78272662278653,1353.1342162650444,13.933704496707993,-18.52735504855555,2.977817148304353e-19
1787278801.9097528,resting,fast,1787278739.9715214,-246.6399954093772,-186.23070583329002,1350.9261290689074,13.96730293749562,-18.497999655703076,2.9753864118872806e-19
1787278801.9209077,resting,fast,1787278739.9715214,-246.03084364692904,-185.99030323473664,1349.7783732797043,13.94927274260407,-18.45231327351938,2.9741582374062207e-19
1787278801.9320257,resting,fast,1787278739.9715214,-246.76984625743216,-186.9475311034986,1351.089495047895,14.021064832761173,-18.507738469307142,2.9753885360032067e-19
1787278801.9431992,resting,fast,1787278739.9715214,-247.92155443834918,-187.1651140731641,1359.436738562993,14.037383555486176,-18.594116582875813,2.980941845131523e-19
1787278801.9542532,resting,fast,1787278739.9715214,-248.59792479939597,-187.25106067915283,1358.0760799020927,14.043829550935431,-18.644844359954476,2.9805195929421753e-19
1787278801.9653308,resting,fast,1787278739.9715214,-248.22558223366514,-187.83831302245528,1354.2151266500668,14.087873476683104,-18.616918667524637,2.9769377429382027e-19
1787278801.976507,resting,fast,1787278739.9715214,-246.82372632571742,-185.84162718395044,1347.9124541565625,13.938122038795246,-18.511779474428643,2.9727980060936003e-19
1787278801.9875684,resting,fast,1787278739.9715214,-247.58990774422318,-185.54620954146765,1354.7755980654574,13.915965715609108,-18.56924308081657,2.9784681751287e-19
1787278801.9985452,resting,fast,1787278739.9715214,-246.6520172566511,-185.48867509642548,1350.7100537367378,13.911650632230721,-18.498901294248647,2.977538340965716e-19
1787278802.0097978,resting,fast,1787278739.9715214,-247.97450374732261,-187.46917636931028,1351.9985296007571,14.060188227697342,-18.59808778104916,2.9807343138508166e-19
1787278802.0206988,resting,fast,1787278739.9715214,-248.3420106899389,-190.01389467170668,1348.1962979566697,14.251042100376853,-18.625650801745167,2.978692054037919e-19
1787278802.031776,resting,fast,1787278739.9715214,-249.97679004240172,-189.31532632640767,1356.4913879860933,14.198649474479272,-18.748259253180017,2.9820306178558806e-19
1787278802.0430017,resting,fast,1787278739.9715214,-248.4371733586845,-188.14578134299097,1351.697033154077,14.110933600723133,-18.632788001901346,2.977124962418836e-19
1787278802.0538902,resting,fast,1787278739.9715214,-249.0472194033132,-186.2910003344581,1354.8380281255386,13.971825025083096,-18.678541455248343,2.9787765253947154e-19
1787278802.0651276,resting,fast,1787278739.9715214,-247.4929873137421,-186.60870017843843,1353.0667045920736,13.995652513381788,-18.561974048530388,2.9786764638010344e-19
1787278802.076278,resting,fast,1787278739.9715214,-247.6906601334772,-187.41842314189182,1353.4942920540807,14.056381735640844,-18.576799510010517,2.9799965398938917e-19
1787278802.0872731,resting,fast,1787278739.9715214,-247.50699800278608,-187.18454384869926,1350.5262980643065,14.038840788651601,-18.563024850208926,2.975422261167045e-19
1787278802.0984206,resting,fast,1787278739.9715214,-246.77943347579048,-187.8989529912352,1345.4608587446664,14.092421474341567,-18.508457510684124,2.972315795457108e-19
1787278802.1095757,resting,fast,1787278739.9715214,-246.25689973951967,-187.81830693514314,1341.9689459588872,14.08637302013452,-18.46926748046375,2.9632979760827605e-19
1787278802.1205778,resting,fast,1787278739.9715214,-246.35252108815848,-187.5126863982622,1344.6642464011575,14.063451479868608,-18.476439081611673,2.9679414983387614e-19
1787278802.1317074,resting,fast,1787278739.9715214,-247.76418235287338,-184.92326061950928,1349.3955311011732,13.869244546462031,-18.582313676465205,2.969578769701776e-19
1787278802.1428711,resting,fast,1787278739.9715214,-249.3735166922056,-185.1197183041594,1355.4114340350961,13.883978872810705,-18.7030137519152,2.980155287431927e-19
1787278802.1538737,resting,fast,1787278739.9715214,-248.2790887680926,-184.62161112067577,1356.8590508911138,13.846620834049464,-18.62093165760662,2.979969201629567e-19
1787278802.1649935,resting,fast,1787278739.9715214,-246.52754378355576,-185.61118882832432,1352.292692581078,13.920839162122949,-18.489565783766423,2.9760739803695934e-19
1787278802.1761591,resting,fast,1787278739.9715214,-245.63826612175626,-185.01088758965977,1351.5878738085694,13.875816569223435,-18.422869959131503,2.9723400280217454e-19
1787278802.1873143,resting,fast,1787278739.9715214,-245.36559171652743,-186.24356815792942,1341.1994515068682,13.968267611843618,-18.40241937873929,2.9680897212213234e-19
1787278802.1984456,resting,fast,1787278739.9715214,-247.23006092236074,-187.59123825209588,1343.5080742327818,14.069342868905938,-18.542254569177018,2.9739335887567695e-19
1787278802.2095718,resting,fast,1787278739.9715214,-247.84076474451695,-187.14159739391414,1345.2322002062856,14.035619804542367,-18.58805735583853,2.9744299922905973e-19
1787278802.2206564,resting,fast,1787278739.9715214,-247.89794938888326,-186.40417630303557,1349.662143981218,13.980313222726611,-18.592346204166134,2.9753314975763815e-19
1787278802.2317095,resting,fast,1787278739.9715214,-246.92155332548327,-183.62543950651786,1346.3870234358064,13.771907962987672,-18.519116499411275,2.970198631112766e-19
1787278802.242725,resting,fast,1787278739.9715214,-245.46888844223895,-183.55503902035377,1344.2022843919012,13.766627926525306,-18.41016663316777,2.9696621114902735e-19
1787278802.2535975,resting,fast,1787278739.9715214,-247.48075026392644,-184.92582974065533,1350.3211623812267,13.869437230547934,-18.561056269794285,2.977019137865131e-19
1787278802.264925,resting,fast,1787278739.9715214,-247.3545652421667,-186.822073266654,1351.370240700101,14.011655494997715,-18.55159239316233,2.9806687329526655e-19
1787278802.2763138,resting,fast,1787278739.9715214,-248.6968335914712,-185.73697834807683,1354.108443984699,13.930273376104783,-18.65226251936012,2.982100326948583e-19
1787278802.2871494,resting,fast,1787278739.9715214,-246.97560064067375,-185.67816232627717,1348.821238184678,13.925862174469646,-18.523170048050567,2.9765767798974225e-19
1787278802.2984533,resting,fast,1787278739.9715214,-247.86845868383762,-186.06272691448282,1349.6489164502518,13.95470451858505,-18.590134401287713,2.9726987483614306e-19
1787278802.3131835,resting,fast,1787278739.9715214,-247.9549847600706,-187.0294275099801,1347.1919253713668,14.027207063247094,-18.596623857005063,2.9702923238757694e-19
1787278802.3201706,resting,fast,1787278739.9715214,-248.32395806908107,-185.72759113911468,1349.0225346737616,13.92956933543218,-18.624296855180816,2.970633158423128e-19
1787278802.3316922,resting,fast,1787278739.9715214,-247.51190217295652,-185.01026645816626,1347.9256091757625,13.87576998436143,-18.563392662971538,2.9719138989422335e-19
1787278802.3459616,resting,fast,1787278739.9715214,-246.49275595812423,-184.36713568138623,1347.042731290584,13.827535176102831,-18.48695669685908,2.9726073546416975e-19
1787278802.3535295,resting,fast,1787278739.9715214,-246.67895492355137,-185.8147536453813,1346.7191696127202,13.936106523402504,-18.50092161926618,2.9728721832250247e-19
1787278802.3649848,resting,fast,1787278739.9715214,-246.58521201081248,-186.8898556598357,1345.8036869008802,14.01673917448652,-18.49389090081091,2.9728036863351453e-19
1787278802.379013,resting,fast,1787278739.9715214,-247.77005720170973,-188.60515229484838,1348.7430666570863,14.145386422112583,-18.582754290128157,2.977936304278217e-19
1787278802.3867946,resting,fast,1787278739.9715214,-247.08668801037993,-187.83593485913832,1345.9387804681255,14.0876951144343,-18.531501600778228,2.9737878640563767e-19
1787278802.3982842,resting,fast,1787278739.9715214,-245.84235470802605,-185.3038638389413,1343.7977085276461,13.897789787919582,-18.438176603101546,2.974589588941054e-19
1787278802.4123085,resting,fast,1787278739.9715214,-244.66269766180676,-184.71855384701382,1340.776379855045,13.853891538525037,-18.349702324635395,2.9691560901918165e-19
1787278802.4204018,resting,fast,1787278739.9715214,-244.5233986009357,-186.57287335151125,1338.9180767972784,13.992965501362054,-18.339254895070113,2.970042041409143e-19
1787278802.4315734,resting,fast,1787278739.9715214,-245.32127200186596,-188.7679806098589,1339.6957296682567,14.157598545738313,-18.399095400139977,2.9708648598648247e-19
1787278802.445076,resting,fast,1787278739.9715214,-245.2212579318907,-188.51712962222143,1342.0617990983765,14.138784721665406,-18.391594344891793,2.9740311098166387e-19
1787278802.4534166,resting,fast,1787278739.9715214,-246.29599047254078,-186.73080923468694,1346.267440478602,14.004810692600362,-18.472199285440368,2.9778076610656756e-19
1787278802.4650333,resting,fast,1787278739.9715214,-247.10208385722353,-187.56952309584574,1350.180180463819,14.067714232187402,-18.532656289291566,2.98128606839362e-19
1787278802.477902,resting,fast,1787278739.9715214,-248.5891886509985,-187.2225282732137,1349.0326564193665,14.041689620490022,-18.644189148824672,2.9811027545332047e-19
1787278802.486858,resting,fast,1787278739.9715214,-248.47333116392792,-187.94838086710786,1348.425003653273,14.09612856503212,-18.635499837294397,2.983259752591097e-19
1787278802.4983306,resting,fast,1787278739.9715214,-249.31930670994598,-187.42816257792936,1349.1388995434945,14.057112193343517,-18.698948003245853,2.9825263072208674e-19
1787278802.5108848,resting,fast,1787278739.9715214,-249.4087180649517,-188.32512195560355,1349.0052675280813,14.124384146668934,-18.705653854871244,2.981539965914418e-19
1787278802.5201774,resting,fast,1787278739.9715214,-249.44303363865538,-187.94148859486916,1350.731183187595,14.0956116446139,-18.708227522899,2.9823909062300045e-19
1787278802.5317645,resting,fast,1787278739.9715214,-248.56622245675544,-186.4073565263003,1347.5999197037918,13.980551739471213,-18.64246668425651,2.9796607909524566e-19
1787278802.544626,resting,fast,1787278739.9715214,-248.4765831087666,-185.99528289716557,1349.4251894673407,13.94964621728609,-18.635743733157234,2.9819661535787294e-19
1787278802.553471,resting,fast,1787278739.9715214,-248.04491216471752,-183.24010504155228,1352.099561723856,13.743007878115339,-18.603368412353717,2.983239991051658e-19
1787278802.5649087,resting,fast,1787278739.9715214,-248.29815940244544,-183.2537654659667,1356.813830444239,13.74403240994646,-18.622361955183152,2.98470821920421e-19
1787278802.5779734,resting,fast,1787278739.9715214,-247.05213378486997,-183.14732364569488,1355.7386910598443,13.736049273425994,-18.528910033864932,2.982363399383888e-19
1787278802.5867548,resting,fast,1787278739.9715214,-246.8543308385938,-183.71595361985567,1351.6918486630102,13.778696521488232,-18.514074812894123,2.9807704675877166e-19
1787278802.5983977,resting,fast,1787278739.9715214,-245.3715982740364,-184.40942552252375,1344.599901864559,13.830706914187875,-18.402869870552436,2.97929795779097e-19
1787278802.6103418,resting,fast,1787278739.9715214,-246.27634404372702,-184.5038440701236,1344.1643897089298,13.83778830525792,-18.4707258032793,2.980769491199111e-19
1787278802.6200073,resting,fast,1787278739.9715214,-246.09242689158827,-186.54329510655418,1342.166383643019,13.99074713299024,-18.456932016868933,2.981720295847723e-19
1787278802.6311767,resting,fast,1787278739.9715214,-247.28196351227552,-186.291987522029,1348.1376391593321,13.971899064150978,-18.546147263420494,2.982643284106361e-19
1787278802.6432776,resting,fast,1787278739.9715214,-246.94484359032458,-186.0331197339318,1349.5087896033647,13.952483980043684,-18.520863269274237,2.982991513417518e-19
1787278802.6534815,resting,fast,1787278739.9715214,-247.342743925185,-187.1142626234108,1350.9556869083417,14.033569696754615,-18.55070579438849,2.9797921489216295e-19
1787278802.6647825,resting,fast,1787278739.9715214,-247.1333619684833,-187.53852508038824,1349.3734736926663,14.065389381028002,-18.535002147636092,2.981020693853706e-19
1787278802.6760218,resting,fast,1787278739.9715214,-246.89011348263148,-188.5338904826366,1348.945607264698,14.140041786196637,-18.51675851119731,2.981897734363962e-19
1787278802.6867647,resting,fast,1787278739.9715214,-245.76152681876056,-186.30794170205024,1347.2084902229972,13.973095627652715,-18.4321145114068,2.9788689691110027e-19
1787278802.698033,resting,fast,1787278739.9715214,-243.91822742098657,-185.0487438015283,1340.6238076146028,13.878655785113526,-18.29386705657398,2.9722531275665184e-19
1787278802.7092063,resting,fast,1787278739.9715214,-245.32182757562578,-185.58613468891247,1342.911524964592,13.918960101667412,-18.39913706817162,2.973018101518395e-19
1787278802.7200766,resting,fast,1787278739.9715214,-245.80790386934268,-184.93048911958056,1341.959173813545,13.869786683967522,-18.435592790200772,2.9726604984636395e-19
1787278802.73148,resting,fast,1787278739.9715214,-247.36515281971742,-185.53872674956494,1348.7949497656455,13.91540450621618,-18.552386461478562,2.9796956537715137e-19
1787278802.7423782,resting,fast,1787278739.9715214,-246.4280910878756,-183.84232420815067,1346.2034871729693,13.78817431561001,-18.482106831590244,2.977312990929584e-19
1787278802.7534552,resting,fast,1787278739.9715214,-245.57847507950328,-184.98136673307306,1343.8277978359356,13.873602504979377,-18.418385630962746,2.9796022138877593e-19
1787278802.7647877,resting,fast,1787278739.9715214,-244.63434324526725,-184.54302153181618,1339.6365150077281,13.840726614884876,-18.347575743394863,2.9759083723971627e-19
1787278802.775896,resting,fast,1787278739.9715214,-243.81639855404273,-185.32416859918214,1339.2069306345666,13.899312644937343,-18.28622989155307,2.9778112088884334e-19
1787278802.7868633,resting,fast,1787278739.9715214,-244.2771408353724,-185.20859108060438,1339.9468666866733,13.890644331044047,-18.320785562652915,2.9779608727740917e-19
1787278802.7982996,resting,fast,1787278739.9715214,-245.042929941284,-185.1854672414628,1340.013872002487,13.888910043108499,-18.378219745596056,2.9773125410695886e-19
1787278802.80909,resting,fast,1787278739.9715214,-245.4897140486887,-184.40038373583172,1340.1872485896702,13.830028780186144,-18.411728553651542,2.97376627599993e-19
1787278802.8200653,resting,fast,1787278739.9715214,-245.28498405357868,-183.35491482874193,1341.018286932468,13.751618612154576,-18.39637380401824,2.970706252108597e-19
1787278802.8310142,resting,fast,1787278739.9715214,-245.7423523387929,-183.95092120803918,1346.1215108831175,13.79631909060176,-18.430676425409303,2.977182638052566e-19
1787278802.8419564,resting,fast,1787278739.9715214,-246.63952143794222,-184.3831586031896,1349.0665409880066,13.82873689523814,-18.4979641078453,2.980274395222943e-19
1787278802.8531566,resting,fast,1787278739.9715214,-248.0505477210795,-185.16597418311324,1355.9070100769613,13.88744806373224,-18.603791079080715,2.985609589706528e-19
1787278802.864388,resting,fast,1787278739.9715214,-247.19870448413667,-184.25091045100623,1352.674019492205,13.81881828382436,-18.539902836310077,2.9776512373288037e-19
1787278802.8751822,resting,fast,1787278739.9715214,-245.95007959091663,-183.55732519976016,1347.2800816840745,13.766799389980893,-18.446255969318628,2.975184903831675e-19
1787278802.88663,resting,fast,1787278739.9715214,-244.70068047337327,-182.57416740542965,1339.313072816968,13.693062555406062,-18.352551035502614,2.968009537439282e-19
1787278802.8976936,resting,fast,1787278739.9715214,-244.32305550147203,-181.90504447561523,1335.052604320258,13.642878335669824,-18.32422916261008,2.967325010888902e-19
1787278802.908525,resting,fast,1787278739.9715214,-244.67747677959642,-181.94613844103185,1341.9208921234358,13.645960383076176,-18.350810758469876,2.9738217273039857e-19
1787278802.9198198,resting,fast,1787278739.9715214,-244.14466420178496,-182.13551934742293,1340.9660588561046,13.660163951055598,-18.310849815133594,2.9734056038022124e-19
1787278802.9311693,resting,fast,1787278739.9715214,-244.8515765584084,-183.79294425709065,1345.8526948776116,13.784470819280632,-18.36386824188046,2.9761554927903334e-19
1787278802.9419384,resting,fast,1787278739.9715214,-245.84616554827653,-185.13596109403363,1342.1068821253439,13.88519708205148,-18.438462416120423,2.9704716173422956e-19
1787278802.953254,resting,fast,1787278739.9715214,-247.46952798491338,-185.44610963111984,1345.420314462467,13.908458222332914,-18.560214598868342,2.9736139017397643e-19
1787278802.9645245,resting,fast,1787278739.9715214,-247.62495664279095,-185.00209072942005,1342.1140537504843,13.87515680470506,-18.57187174820924,2.97249108056695e-19
1787278802.9752913,resting,fast,1787278739.9715214,-247.15101496825764,-185.666273446138,1343.3496645745045,13.9249705084592,-18.536326122619137,2.974757332052958e-19
1787278802.9861507,resting,fast,1787278739.9715214,-247.25775243804628,-187.42335416655067,1344.9446150722988,14.056751562490167,-18.54433143285329,2.9793944837821207e-19
1787278802.9973097,resting,fast,1787278739.9715214,-247.13768559679238,-186.74240363227466,1348.1206891566608,14.005680272419614,-18.535326419759414,2.9829882862947135e-19
1787278803.0082407,resting,fast,1787278739.9715214,-247.28860698652488,-186.1831043520316,1348.7556388850162,13.963732826401301,-18.546645523989334,2.9846324544638095e-19
1787278803.0196416,resting,fast,1787278739.9715214,-245.8514373521043,-184.19226907390532,1349.7645900196176,13.81442018054199,-18.438857801407842,2.9802640079954347e-19
1787278803.0308647,resting,fast,1787278739.9715214,-245.14162951898425,-184.48662789214575,1347.9383226574746,13.836497091909724,-18.385622213923646,2.9785653662828134e-19
1787278803.0415394,resting,fast,1787278739.9715214,-245.1484063379462,-183.86241465575256,1346.0860817309267,13.789681099180033,-18.38613047534595,2.976413538623086e-19
1787278803.0532224,resting,fast,1787278739.9715214,-246.65722716292157,-183.48085902524952,1351.4172913851407,13.761064426892535,-18.499292037219064,2.98134356811729e-19
1787278803.064368,resting,fast,1787278739.9715214,-247.73850045797053,-184.93119773015258,1354.7156940919422,13.869839829760213,-18.580387534347736,2.9856275057561056e-19
1787278803.0749254,resting,fast,1787278739.9715214,-246.05857751176018,-185.02749525958404,1351.8358611782141,13.87706214446786,-18.454393313381686,2.984103006444469e-19
1787278803.086454,resting,fast,1787278739.9715214,-245.1294963045052,-185.5849525824318,1345.5724604879988,13.918871443681173,-18.38471222283765,2.9771479102568964e-19
1787278803.0976443,resting,fast,1787278739.9715214,-245.52353487278788,-185.04130657051644,1344.2239997721217,13.878097992787634,-18.414265115458846,2.976751171055122e-19
1787278803.108342,resting,fast,1787278739.9715214,-245.4333940598267,-184.46507102468684,1344.2785670777348,13.834880326850271,-18.407504554486664,2.9751469603285844e-19
1787278803.1199095,resting,fast,1787278739.9715214,-246.5083902889496,-184.1745084625885,1348.7007800013662,13.813088134692965,-18.488129271670886,2.978830272830764e-19
1787278803.1310377,resting,fast,1787278739.9715214,-245.62897615408792,-184.34442150429334,1345.12397485145,13.825831612820682,-18.422173211556483,2.9721904085787655e-19
1787278803.1417952,resting,fast,1787278739.9715214,-246.0008111717775,-185.20326762065145,1347.2547436608265,13.890245071547955,-18.4500608378831,2.975092958881019e-19
1787278803.1530607,resting,fast,1787278739.9715214,-245.65377414820477,-187.30273676032027,1346.3615973319365,14.0477052570231,-18.424033061115182,2.979935023917981e-19
1787278803.1643085,resting,fast,1787278739.9715214,-245.82075829912492,-187.6109154199563,1347.280852660916,14.070818656495806,-18.436556872434473,2.983167671046937e-19
1787278803.1749344,resting,fast,1787278739.9715214,-246.7501956190804,-187.3729463067599,1347.2837019573044,14.05297097300566,-18.506264671430763,2.982310567689302e-19
1787278803.1863854,resting,fast,1787278739.9715214,-246.62478041324312,-186.84936331728943,1346.2221527758547,14.013702248795457,-18.496858530993094,2.979945573997297e-19
1787278803.1976352,resting,fast,1787278739.9715214,-246.98564687872067,-186.63178071461027,1348.9187902430813,13.997383553594478,-18.523923515903903,2.9793863453324883e-19
1787278803.2082443,resting,fast,1787278739.9715214,-247.15724548082426,-185.43235076761823,1349.126784011788,13.90742630757028,-18.536793411061893,2.98211374995089e-19
1787278803.2192729,resting,fast,1787278739.9715214,-245.98904750217253,-186.17396820109968,1349.3240852035005,13.963047615081283,-18.449178562662723,2.9845004564712904e-19
1787278803.2302957,resting,fast,1787278739.9715214,-245.26467844140507,-185.508217564579,1348.2495444928127,13.913116317342105,-18.39485088310508,2.987393139102903e-19
1787278803.2413738,resting,fast,1787278739.9715214,-244.25519749950718,-186.41751938516666,1345.2797427716823,13.981313953886175,-18.319139812462765,2.98527473718241e-19
1787278803.2524688,resting,fast,1787278739.9715214,-246.20282082607218,-185.85391991609742,1346.1050691036626,13.93904399370587,-18.465211561955243,2.9836993118014084e-19
1787278803.2637112,resting,fast,1787278739.9715214,-246.80839917131243,-186.7931865398001,1347.7605495440303,14.009488990483565,-18.510629937848286,2.9854763851907453e-19
1787278803.2748237,resting,fast,1787278739.9715214,-247.56360998506216,-186.87953387894493,1352.0588955644062,14.015965040919486,-18.5672707488798,2.988650854505104e-19
1787278803.2863224,resting,fast,1787278739.9715214,-246.54453279897325,-187.28510508475972,1349.1092346519208,14.046382881355843,-18.49083995992288,2.9904037842484736e-19
1787278803.297437,resting,fast,1787278739.9715214,-246.17673125462488,-186.58174899511084,1345.186376570503,13.993631174632132,-18.46325484409673,2.9846856537355703e-19
1787278803.3080962,resting,fast,1787278739.9715214,-246.71472321849387,-186.23057793565124,1346.8077075012143,13.967293345172752,-18.503604241386853,2.9810058541685456e-19
1787278803.3195941,resting,fast,1787278739.9715214,-246.29278480045878,-186.51022438416146,1345.7424504270375,13.98826682881094,-18.471958860034164,2.9788389639175143e-19
1787278803.3307228,resting,fast,1787278739.9715214,-246.44805047111413,-187.1015143219828,1346.5664657374518,14.032613574147678,-18.483603785333372,2.981284772181099e-19
1787278803.341414,resting,fast,1787278739.9715214,-245.86436953131624,-187.34077653490237,1343.3272537220082,14.050558240116434,-18.43982771484852,2.980912558663574e-19
1787278803.3524292,resting,fast,1787278739.9715214,-245.94022155804896,-186.51766940186587,1346.3861664347123,13.988825205138827,-18.44551661685336,2.980051236487996e-19
1787278803.3636386,resting,fast,1787278739.9715214,-246.06520082978068,-187.64323478854328,1344.869126737226,14.073242609139644,-18.454890062233446,2.9767699826983373e-19
1787278803.3746617,resting,fast,1787278739.9715214,-245.83923878840096,-186.96524887500493,1345.438906519651,14.022393665624296,-18.437942909129703,2.978689013499976e-19
1787278803.3861618,resting,fast,1787278739.9715214,-246.4525943014346,-187.5474023425071,1344.0406356743724,14.066055175686817,-18.48394457260764,2.9802636461930202e-19
1787278803.3973775,resting,fast,1787278739.9715214,-245.8053772375656,-184.9915027677324,1346.1710937059152,13.874362707578872,-18.435403292817384,2.980118792498545e-19
1787278803.40802,resting,fast,1787278739.9715214,-246.88687739492934,-185.96911583687427,1345.9832562627844,13.94768368776447,-18.516515804619573,2.9777151984545287e-19
1787278803.4195201,resting,fast,1787278739.9715214,-245.30583880682434,-183.93829003218855,1346.5697647414117,13.795371752412837,-18.397937910511523,2.974662108570201e-19
1787278803.4307103,resting,fast,1787278739.9715214,-244.6801282310912,-184.81133204448668,1347.3618749675197,13.860849903335339,-18.351009617331826,2.9789053103251457e-19
1787278803.4414043,resting,fast,1787278739.9715214,-244.46837942586126,-184.93034243131535,1350.8725290870398,13.869775682347356,-18.335128456939444,2.9836052618097545e-19
1787278803.4527974,resting,fast,1787278739.9715214,-247.67084466890674,-187.7635847277378,1355.0197055100953,14.082268854579073,-18.57531335016784,2.9889507495847894e-19
1787278803.463958,resting,fast,1787278739.9715214,-248.3634285541507,-188.06834723244185,1353.0472830153149,14.105126042432037,-18.62725714156104,2.984245915518791e-19
1787278803.4744806,resting,fast,1787278739.9715214,-248.26852925859976,-187.32282069841256,1351.967626383309,14.049211552379791,-18.62013969439483,2.9823161884084835e-19
1787278803.4860775,resting,fast,1787278739.9715214,-246.37772007625836,-186.2745655098198,1346.532081176444,13.970592413235355,-18.47832900571916,2.9810537806987614e-19
1787278803.4972298,resting,fast,1787278739.9715214,-246.53011704845403,-185.7169924357289,1347.0179426381792,13.928774432678598,-18.4897587786339,2.984974817297787e-19
1787278803.5079553,resting,fast,1787278739.9715214,-246.68062717191924,-187.36406870934377,1347.8518206847157,14.05230515319926,-18.501047037893635,2.9839685912541253e-19
1787278803.5194654,resting,fast,1787278739.9715214,-246.17151428902662,-186.39056464543125,1344.3964020082285,13.979292348406137,-18.462863571676877,2.977083149155093e-19
1787278803.5305738,resting,fast,1787278739.9715214,-248.2850690003038,-188.0699630073508,1348.672073777313,14.105247225550233,-18.621380175022587,2.980871790123963e-19
1787278803.5412164,resting,fast,1787278739.9715214,-247.49827365135343,-186.5897464744238,1346.7073981712465,13.994230985580518,-18.5623705238512,2.979061787865436e-19
1787278803.552659,resting,fast,1787278739.9715214,-248.25054841546307,-186.93979170198952,1347.857584661483,14.020484377647808,-18.618791131159533,2.9819462715632914e-19
1787278803.563813,resting,fast,1787278739.9715214,-246.7964394089263,-185.91623285637354,1346.004100776624,13.943717464226925,-18.50973295566954,2.981661419481025e-19
1787278803.5744388,resting,fast,1787278739.9715214,-247.12511413856146,-187.56454904683358,1345.0527540520588,14.067341178511189,-18.5343835603922,2.9867323905510726e-19
1787278803.5859818,resting,fast,1787278739.9715214,-246.2401871201714,-186.66484618092056,1345.7677156418495,13.999863463567824,-18.468014034012477,2.9879615807705896e-19
1787278803.5971828,resting,fast,1787278739.9715214,-246.6901892442943,-186.07504026153026,1345.328992331065,13.95562801961356,-18.501764193321698,2.9827913908803287e-19
1787278803.60771,resting,fast,1787278739.9715214,-245.693248574888,-185.50812454800882,1344.6076574437748,13.913109341099446,-18.42699364311617,2.97852611080407e-19
1787278803.619338,resting,fast,1787278739.9715214,-245.7317545298688,-185.92162312395396,1344.1571448953518,13.94412173429551,-18.42988158973987,2.974211064463878e-19
1787278803.6304572,resting,fast,1787278739.9715214,-244.83960938886185,-186.7112422724755,1343.1824276732832,14.003343170434636,-18.362970704164297,2.974384546670268e-19
1787278803.641091,resting,fast,1787278739.9715214,-246.1377058041985,-185.61605685945403,1343.5628908181925,13.921204264457874,-18.460327935314652,2.971562937105382e-19
1787278803.6526146,resting,fast,1787278739.9715214,-246.93703082746333,-187.19701555859262,1352.2566976712887,14.039776166893521,-18.520277312059406,2.981200094771375e-19
1787278803.6637895,resting,fast,1787278739.9715214,-246.75579206914927,-186.50441851928383,1351.530218098561,13.987831388945029,-18.50668440518602,2.9824453230058357e-19
1787278803.6743693,resting,fast,1787278739.9715214,-247.0392747689889,-186.34168821197648,1353.623871995299,13.975626615897273,-18.527945607674134,2.986031320292338e-19
1787278803.6859107,resting,fast,1787278739.9715214,-246.61223324500543,-186.09524261799163,1347.4242974564122,13.95714319634833,-18.495917493375437,2.9805107978704307e-19
1787278803.6970923,resting,fast,1787278739.9715214,-246.01780429346445,-185.77350589875493,1346.849159633336,13.933012942405401,-18.45133532200971,2.977164033274016e-19
1787278803.7075884,resting,fast,1787278739.9715214,-246.1667498391539,-187.36954117048379,1350.6734984245768,14.052715587785006,-18.462506237936395,2.981802913857103e-19
1787278803.7191613,resting,fast,1787278739.9715214,-245.10448277474052,-185.71398220410686,1343.0578048997386,13.928548665307122,-18.382836208105495,2.9746385554534585e-19
1787278803.7302685,resting,fast,1787278739.9715214,-246.11799657770962,-184.32763129914053,1348.8633926321136,13.824572347434245,-18.458849743328145,2.9785485660444763e-19
1787278803.741032,resting,fast,1787278739.9715214,-245.69439078833557,-183.12409604035963,1347.276385985534,13.734307203025839,-18.427079309124842,2.97845223420229e-19
1787278803.7524815,resting,fast,1787278739.9715214,-246.76130419914398,-184.0658696437871,1353.9875865157019,13.804940223283015,-18.5070978149355,2.9885988367146235e-19
1787278803.763628,resting,fast,1787278739.9715214,-246.37169735358248,-185.66084911046653,1348.5595604891796,13.924563683283655,-18.47787730151842,2.985528239731313e-19
1787278803.7743416,resting,fast,1787278739.9715214,-245.87197167372005,-186.10851850598294,1343.9378466555709,13.958138887947218,-18.440397875528696,2.984387936494899e-19
1787278803.7858734,resting,fast,1787278739.9715214,-244.64467378961172,-185.90106661313564,1341.842974091479,13.94257999598398,-18.348350534220884,2.981924644663586e-19
1787278803.7999067,resting,fast,1787278739.9715214,-244.0755351027933,-185.1680684791612,1340.5748808884755,13.88760513593586,-18.305665132709102,2.9784666731238797e-19
1787278803.8077884,resting,fast,1787278739.9715214,-243.21972131553366,-184.5200836446437,1338.667255085612,13.83900627334707,-18.241479098664854,2.969989843328518e-19
1787278803.8191035,resting,fast,1787278739.9715214,-244.69847278730367,-184.30888793327983,1341.261100798437,13.823166594994792,-18.352385459047674,2.969402433658648e-19
1787278803.8329635,resting,fast,1787278739.9715214,-245.85923142905222,-185.0403559675766,1342.6895063603579,13.87802669756714,-18.439442357178713,2.974586920342575e-19
1787278803.8409123,resting,fast,1787278739.9715214,-245.20873190593602,-184.6871030730298,1343.4944958771948,13.851532730475842,-18.39065489294513,2.977365962841613e-19
1787278803.8523638,resting,fast,1787278739.9715214,-246.16630992721775,-185.66276478331258,1345.8420692075697,13.92470735874753,-18.462473244541172,2.9776536953288175e-19
1787278803.8659816,resting,fast,1787278739.9715214,-245.38144858597525,-186.70006315881267,1344.9192023002606,14.002504736909646,-18.403608643947948,2.9764633891901323e-19
1787278803.8743324,resting,fast,1787278739.9715214,-246.34561884274672,-186.82524320364598,1343.5051771204098,14.011893240272332,-18.475921413205995,2.977658214947955e-19
1787278803.8856666,resting,fast,1787278739.9715214,-245.6673200760829,-187.95746582387176,1337.9088775289956,14.09680993678916,-18.4250490057061,2.978061394083965e-19
1787278803.8985848,resting,fast,1787278739.9715214,-246.32012030940723,-186.57411361478796,1343.6018546428304,13.993058521107944,-18.474009023205234,2.9828933135583956e-19
1787278803.9079413,resting,fast,1787278739.9715214,-246.83887426865067,-188.00748912662254,1345.7818424368224,14.100561684495322,-18.51291557014858,2.988271811875855e-19
1787278803.9189866,resting,fast,1787278739.9715214,-245.96637621762648,-186.7907453053905,1345.941343741296,14.009305897902951,-18.447478216321883,2.986187759863863e-19
1787278803.9322684,resting,fast,1787278739.9715214,-245.63169951349255,-186.64901381521247,1342.8584085710581,13.998676036139631,-18.422377463511623,2.983932026179001e-19
1787278803.9409199,resting,fast,1787278739.9715214,-245.63485886613626,-185.53393482503463,1344.0698547064248,13.9150451118763,-18.42261441496001,2.981002196955259e-19
1787278803.9522812,resting,fast,1787278739.9715214,-246.50693022279256,-184.8897224163387,1347.9962122102852,13.866729181224361,-18.488019766709364,2.979337245686837e-19
1787278803.9653292,resting,fast,1787278739.9715214,-246.44779533452174,-186.0894098320981,1347.0284176960622,13.956705737406299,-18.48358465008912,2.976757902155782e-19
1787278803.9743125,resting,fast,1787278739.9715214,-246.25221423643916,-185.72225995426163,1348.706746681778,13.92916949656841,-18.468916067732813,2.979340925140114e-19
1787278803.9856994,resting,fast,1787278739.9715214,-245.00171035184894,-186.75219296106104,1342.6186833235379,14.006414472078351,-18.37512827638853,2.9819569436527134e-19
1787278803.9988165,resting,fast,1787278739.9715214,-244.89430423994008,-184.928231939596,1340.5615222065526,13.869617395468541,-18.36707281799525,2.980972660298115e-19
1787278804.0076237,resting,fast,1787278739.9715214,-245.09135253418162,-186.08364845842345,1334.9709921521198,13.95627363438064,-18.381851440063542,2.9747340466531527e-19
1787278804.0189207,resting,fast,1787278739.9715214,-244.6227803620336,-185.35250293810543,1334.5900588499235,13.901437720356842,-18.346708527152344,2.972452520419113e-19
1787278804.031097,resting,fast,1787278739.9715214,-245.15457931545143,-187.30617673597988,1337.1397589412381,14.047963255197306,-18.386593448658573,2.97586401198982e-19
1787278804.0405426,resting,fast,1787278739.9715214,-244.1161941654259,-185.76178210883188,1337.0650553460937,13.932133658161053,-18.308714562406756,2.9779505569568033e-19
1787278804.0517185,resting,fast,1787278739.9715214,-245.13463291595463,-184.20217074595314,1346.0599229290683,13.815162805945281,-18.385097468696202,2.9805836102277305e-19
1787278804.0629885,resting,fast,1787278739.9715214,-244.3313953446227,-182.37606155455148,1345.288947635515,13.678204616589998,-18.32485465084654,2.976891172265651e-19
1787278804.0739791,resting,fast,1787278739.9715214,-244.03600963132567,-182.08574719216801,1345.0602685092845,13.65643103941132,-18.302700722349307,2.974805053186193e-19
1787278804.0855334,resting,fast,1787278739.9715214,-242.8587430775765,-181.68097476653918,1336.260486363487,13.626073107489223,-18.21440573081815,2.970291299729696e-19
1787278804.0967524,resting,fast,1787278739.9715214,-244.02540437702692,-183.0725868733606,1337.1584373787582,13.730444015500698,-18.30190532827666,2.9753117460059583e-19
1787278804.1075256,resting,fast,1787278739.9715214,-244.51295166728005,-184.5266491966637,1338.0143566147626,13.839498689748556,-18.338471375045685,2.976914275791183e-19
1787278804.1187813,resting,fast,1787278739.9715214,-245.13355727652788,-184.92283050893718,1338.7275085239735,13.869212288168999,-18.385016795739325,2.9765962240700846e-19
1787278804.1300106,resting,fast,1787278739.9715214,-243.9641624856963,-184.7006372436748,1335.6980439181762,13.852547793274372,-18.297312186427185,2.9719996587337654e-19
1787278804.1404328,resting,fast,1787278739.9715214,-243.45293388542495,-184.37676853223627,1334.1417796251872,13.828257639916547,-18.258970041406542,2.9731812719199905e-19
1787278804.152132,resting,fast,1787278739.9715214,-243.3465626526072,-185.41886636176525,1335.1488094696388,13.906414977131238,-18.250992198945347,2.9777291441241375e-19
1787278804.1634731,resting,fast,1787278739.9715214,-242.71046638923008,-183.6775950316004,1340.4185677019223,13.775819627369021,-18.20328497919192,2.9799440369963923e-19
1787278804.1738954,resting,fast,1787278739.9715214,-242.09339311853955,-182.59123689918817,1340.6972324258686,13.69434276743819,-18.157004483890375,2.9743567049084623e-19
1787278804.1854193,resting,fast,1787278739.9715214,-241.70617043905304,-183.46606184318568,1339.2924883773567,13.75995463823772,-18.127962782928854,2.974195179692193e-19
1787278804.1966465,resting,fast,1787278739.9715214,-243.32733745550968,-185.43868837345497,1339.971929362241,13.907901628008108,-18.249550309163048,2.9783353501064257e-19
1787278804.2073996,resting,fast,1787278739.9715214,-244.0278571762833,-186.67742368962843,1339.789235208259,14.000806776720925,-18.302089288220856,2.9819777875435653e-19
1787278804.2187357,resting,fast,1787278739.9715214,-244.26967458974332,-185.44276288450612,1337.2916962171248,13.908207216336638,-18.320225594230585,2.9751298242960954e-19
1787278804.2297704,resting,fast,1787278739.9715214,-245.32206768229344,-185.91232186072205,1336.754752281854,13.943424139553006,-18.3991550761719,2.9754669478719004e-19
1787278804.2407525,resting,fast,1787278739.9715214,-246.5099821845447,-186.0801626080862,1340.164284566622,13.956012195605286,-18.488248663840857,2.9761603785279484e-19
1787278804.2517624,resting,fast,1787278739.9715214,-248.00657692083178,-187.16693419146588,1346.4909430116486,14.037520064358663,-18.600493269062298,2.9847355212205706e-19
1787278804.263072,resting,fast,1787278739.9715214,-245.2713225288503,-185.6482327735456,1344.8059900293547,13.92361745801475,-18.395349189663712,2.982894597464567e-19
1787278804.2739005,resting,fast,1787278739.9715214,-244.31550114049924,-185.27428169277243,1342.5567096262976,13.895571126956856,-18.3236625855374,2.983183482502689e-19
1787278804.2852564,resting,fast,1787278739.9715214,-242.77334674798976,-185.77129061023754,1339.3287046692267,13.932846795766768,-18.208001006099124,2.980698737883613e-19
1787278804.2963982,resting,fast,1787278739.9715214,-243.39942325287802,-186.77017112363353,1336.9965135135235,14.007762834271322,-18.254956743965664,2.9791870621764455e-19
1787278804.3073745,resting,fast,1787278739.9715214,-244.64134529684588,-187.89204485571156,1336.6441465368944,14.09190336417723,-18.34810089726337,2.982693209944737e-19
1787278804.318544,resting,fast,1787278739.9715214,-244.99445586633965,-186.69472732307406,1338.0408011576756,14.00210454922939,-18.374584189975508,2.986302446940626e-19
1787278804.3296373,resting,fast,1787278739.9715214,-245.5350236640984,-185.40736418607605,1337.4923348758139,13.905552313954534,-18.41512677480739,2.9857770251746427e-19
1787278804.3405929,resting,fast,1787278739.9715214,-244.67523221567944,-183.5177814880093,1337.3481180229237,13.763833611599427,-18.3506424161759,2.9789983312341363e-19
1787278804.3517385,resting,fast,1787278739.9715214,-244.03756871436462,-182.0181172538438,1336.60478352287,13.651358794037055,-18.30281765357703,2.973837640893176e-19
1787278804.3629,resting,fast,1787278739.9715214,-243.0787053538429,-181.4903995008218,1337.2777599477677,13.611779962560622,-18.230902901537924,2.971183220778697e-19
1787278804.3738892,resting,fast,1787278739.9715214,-242.55142647747152,-181.70406483609702,1336.750057061704,13.627804862706189,-18.19135698581016,2.9739863202914043e-19
1787278804.3850064,resting,fast,1787278739.9715214,-243.2207745468827,-182.38343141473035,1337.537890721781,13.678757356103763,-18.241558091016053,2.9748641451733037e-19
1787278804.3958292,resting,fast,1787278739.9715214,-243.1430026786843,-182.93279918013366,1335.9126554363838,13.719959938508882,-18.23572520090127,2.9730701343935524e-19
1787278804.4071074,resting,fast,1787278739.9715214,-242.43233575491695,-182.953536505834,1335.3379865951165,13.72151523793659,-18.18242518161867,2.9703756174430043e-19
1787278804.4184263,resting,fast,1787278739.9715214,-241.96021714686822,-184.76563283465373,1329.9153533667204,13.857422462597814,-18.147016286014868,2.9679606474162234e-19
1787278804.4293497,resting,fast,1787278739.9715214,-243.14343073029204,-185.54237871340536,1331.0803315218864,13.915678403504106,-18.235757304771575,2.9710532570767738e-19
1787278804.4405937,resting,fast,1787278739.9715214,-244.12228267753426,-186.4737843434733,1332.4330610462412,13.985533825759138,-18.309171200814816,2.973499730889674e-19
1787278804.4514594,resting,fast,1787278739.9715214,-245.74439530247628,-186.92575355077872,1338.5172874520858,14.019431516307055,-18.430829647685563,2.9763297761045034e-19
1787278804.4627728,resting,fast,1787278739.9715214,-245.70680331195263,-187.20116651966543,1339.684511733868,14.040087488973743,-18.42801024839617,2.977492911317792e-19
1787278804.4737408,resting,fast,1787278739.9715214,-246.4565642284747,-187.47766131618403,1339.1584402726357,14.06082459871283,-18.48424231713564,2.9820241530538605e-19
1787278804.4851215,resting,fast,1787278739.9715214,-244.7422093729342,-186.09497918210525,1334.9525015907138,13.957123438656755,-18.355665702969766,2.978893527166914e-19
1787278804.4960434,resting,fast,1787278739.9715214,-245.29793410042794,-185.83290947461535,1334.6016091640822,13.937468210595103,-18.397345057531858,2.977350101779722e-19
1787278804.5073245,resting,fast,1787278739.9715214,-243.4257500779936,-184.04193715163694,1331.6720331970928,13.803145286371493,-18.256931255849388,2.970355286425209e-19
1787278804.5182137,resting,fast,1787278739.9715214,-244.19461169351734,-183.4015338782557,1333.8739436668284,13.755115040867938,-18.314595877013502,2.9755963981717065e-19
1787278804.52939,resting,fast,1787278739.9715214,-243.18357055560818,-182.49083874016617,1334.7826933190636,13.68681290551108,-18.238767791670384,2.976271663232073e-19
1787278804.540609,resting,fast,1787278739.9715214,-243.46927281752914,-181.9135902038646,1338.067247471462,13.643519265288393,-18.26019546131407,2.9778719330971064e-19
1787278804.5517862,resting,fast,1787278739.9715214,-244.24751295106353,-183.64418479886706,1338.765926054536,13.773313859913902,-18.31856347132957,2.9763946945855136e-19
1787278804.5626953,resting,fast,1787278739.9715214,-243.85376881565344,-184.12962477313783,1336.956710677844,13.809721857984233,-18.28903266117389,2.975330052824979e-19
1787278804.5737336,resting,fast,1787278739.9715214,-245.56253627433352,-186.30685870975924,1338.5436944111489,13.973014403230724,-18.417190220574845,2.979670403389226e-19
1787278804.585037,resting,fast,1787278739.9715214,-245.14876135281384,-185.5180088295932,1340.081536450357,13.913850662218355,-18.38615710146076,2.9812019295883508e-19
1787278804.5957952,resting,fast,1787278739.9715214,-246.3650928405873,-186.9526742194156,1340.728552011119,14.021450566454721,-18.477381963044152,2.9842251525043725e-19
1787278804.6069932,resting,fast,1787278739.9715214,-246.70898126764632,-186.84521073702751,1342.0440206210178,14.013390805275836,-18.503173595073385,2.984161319886069e-19
1787278804.618322,resting,fast,1787278739.9715214,-246.37604418056299,-186.24205652500984,1339.9641865241801,13.968154239374645,-18.478203313542053,2.980532075314192e-19
1787278804.6291604,resting,fast,1787278739.9715214,-246.26328827879433,-185.98885441775667,1340.555557262026,13.949164081330682,-18.469746620909355,2.980611134160971e-19
1787278804.6404734,resting,fast,1787278739.9715214,-245.69323502913676,-184.186792518267,1337.874976635102,13.814009438869054,-18.426992627185015,2.9763564240215043e-19
1787278804.6518464,resting,fast,1787278739.9715214,-245.0214427623764,-185.43780430108507,1336.601578309258,13.907835322580372,-18.376608207178137,2.976746016596007e-19
1787278804.6626089,resting,fast,1787278739.9715214,-243.95195385606576,-185.60180609347947,1331.481122054508,13.920135457009597,-18.29639653920468,2.971614587296339e-19
1787278804.6732717,resting,fast,1787278739.9715214,-244.13552197286344,-186.67150291139217,1333.4312707808704,14.000362718353177,-18.3101641479644,2.9737522851641883e-19
1787278804.684768,resting,fast,1787278739.9715214,-244.0747457353441,-186.12939824375565,1335.8261913500328,13.959704868280372,-18.30560593015082,2.9751179499993054e-19
1787278804.6956923,resting,fast,1787278739.9715214,-244.92082547511336,-185.59068414607475,1341.4733224711408,13.919301310954385,-18.36906191063327,2.979437006712927e-19
1787278804.707041,resting,fast,1787278739.9715214,-244.12802907085597,-185.21308664736046,1340.9548914950328,13.890981498550833,-18.30960218031384,2.974495877315002e-19
1787278804.7181602,resting,fast,1787278739.9715214,-244.71201656073163,-184.99753922020102,1342.585853515192,13.874815441514162,-18.353401242054687,2.9780892749593278e-19
1787278804.7286427,resting,fast,1787278739.9715214,-243.98947660918793,-184.08566055001654,1339.574653605764,13.806424541250355,-18.299210745689123,2.9753795911240953e-19
1787278804.7401276,resting,fast,1787278739.9715214,-244.8547319473205,-184.87486924736015,1340.810059125325,13.865615193550997,-18.364104896048964,2.9782086112442845e-19
1787278804.751578,resting,fast,1787278739.9715214,-243.81501838476333,-185.5354138690351,1335.8667597001759,13.915156040176388,-18.286126378857183,2.969732843550885e-19
1787278804.7625537,resting,fast,1787278739.9715214,-245.7411403256724,-187.04471499721274,1339.593902765354,14.028353624789691,-18.430585524425396,2.973060245656152e-19
1787278804.7735782,resting,fast,1787278739.9715214,-245.23951644759336,-186.81272355696217,1337.0187734642777,14.010954266770984,-18.392963733569225,2.9728142945340216e-19
1787278804.7847128,resting,fast,1787278739.9715214,-246.469626539591,-186.96497095584766,1339.7399469913662,14.022372821687373,-18.485221990469036,2.977116040865974e-19
1787278804.7954142,resting,fast,1787278739.9715214,-244.97900794056795,-186.06662891978897,1339.6558842123695,13.954997168983159,-18.37342559554242,2.9800749772872816e-19
1787278804.8068082,resting,fast,1787278739.9715214,-244.99470926606273,-185.5980453637618,1340.1530408941062,13.919853402281039,-18.37460319495439,2.980997346210225e-19
1787278804.818044,resting,fast,1787278739.9715214,-243.83141979940638,-184.92848129222432,1339.930188998981,13.869636096915574,-18.287356484955325,2.9826025316000994e-19
1787278804.8291583,resting,fast,1787278739.9715214,-244.14652639489168,-184.72653257685135,1341.4435158852093,13.854489943262582,-18.310989479616694,2.9800217954488133e-19
1787278804.8400857,resting,fast,1787278739.9715214,-245.30610992910488,-185.80247389047406,1345.5375405357436,13.93518554178441,-18.39795824468286,2.9840878933727073e-19
1787278804.8513286,resting,fast,1787278739.9715214,-245.59601928312395,-185.0569995117038,1345.2037435372358,13.879274963376748,-18.419701446234,2.980975288119459e-19
1787278804.862334,resting,fast,1787278739.9715214,-244.21194904556933,-184.3511217064878,1341.6397620428152,13.826334127985366,-18.315896178417525,2.9810866493350933e-19
1787278804.8736117,resting,fast,1787278739.9715214,-243.44909676033103,-184.2013479716071,1341.5257153241973,13.815101097869093,-18.258682257024674,2.9815512782694414e-19
1787278804.8846579,resting,fast,1787278739.9715214,-243.24269389803112,-184.7913998205605,1337.684252472106,13.859354986540968,-18.24320204235213,2.9819612046580263e-19
1787278804.89596,resting,fast,1787278739.9715214,-244.38989834448012,-185.2766632389654,1338.280239595707,13.895749742921115,-18.329242375835932,2.981174164273534e-19
1787278804.907011,resting,fast,1787278739.9715214,-242.84012476523958,-183.41631740744253,1336.0979319805638,13.756223805556761,-18.213009357392743,2.9782536979135213e-19
1787278804.918095,resting,fast,1787278739.9715214,-243.6657180021507,-182.72158767462008,1341.0372826956,13.704119075595376,-18.27492885016133,2.979543149400698e-19
1787278804.9291215,resting,fast,1787278739.9715214,-244.32882067564378,-183.39479066046658,1339.0847338546037,13.75460929953373,-18.32466155067337,2.97819020920805e-19
1787278804.9401443,resting,fast,1787278739.9715214,-246.0563342214241,-184.51607815614113,1339.8435403125868,13.83870586170939,-18.454225066606746,2.979054572759214e-19
1787278804.9511802,resting,fast,1787278739.9715214,-246.07422889775307,-185.71867640929156,1339.1849513666302,13.928900730695478,-18.455567167331367,2.9813644030001845e-19
1787278804.9621127,resting,fast,1787278739.9715214,-244.7858660869665,-186.31615722149593,1341.4292801755537,13.973711791610885,-18.358939956522278,2.9834644034638265e-19
1787278804.97347,resting,fast,1787278739.9715214,-244.1199408433381,-186.15558837659853,1342.0218119736755,13.961669128243987,-18.308995563250313,2.983433506697355e-19
1787278804.9846725,resting,fast,1787278739.9715214,-244.41632337119927,-184.37986312587157,1340.3699611859693,13.828489734439191,-18.331224252839732,2.9824635537889956e-19
1787278804.9953275,resting,fast,1787278739.9715214,-245.1668706454143,-183.43326688347076,1340.3855422978495,13.757495016259345,-18.387515298405816,2.981784517783359e-19
1787278805.006593,resting,fast,1787278739.9715214,-246.26975812069531,-185.11110958280835,1339.6878449763817,13.883333218709542,-18.470231859051957,2.9798742548494905e-19
1787278805.0173452,resting,fast,1787278739.9715214,-246.24132341446284,-187.75709155848324,1341.0148045945507,14.081781866884715,-18.468099256084642,2.9791828483501763e-19
1787278805.0285244,resting,fast,1787278739.9715214,-246.21555461222442,-188.3276448687551,1338.224091916095,14.124573365155332,-18.466166595916768,2.97727670959964e-19
1787278805.0399811,resting,fast,1787278739.9715214,-245.5060702737469,-186.49508718182267,1337.2519969027444,13.98713153863547,-18.41295527053085,2.9784277541650614e-19
1787278805.0512683,resting,fast,1787278739.9715214,-245.86894384038578,-185.21359698683784,1339.1255248241641,13.891019774011813,-18.440170788028567,2.980605380731829e-19
1787278805.0617764,resting,fast,1787278739.9715214,-245.84458700919868,-184.72615956784,1342.3779768762079,13.854461967586847,-18.43834402568971,2.982362832133012e-19
1787278805.073351,resting,fast,1787278739.9715214,-245.28140104829663,-185.91794332476422,1346.910884777276,13.943845749356246,-18.396105078622128,2.987374020077047e-19
1787278805.0844965,resting,fast,1787278739.9715214,-244.3333064409312,-185.5538908925438,1346.339304245782,13.916541816939787,-18.324997983069643,2.9888744806805222e-19
1787278805.095355,resting,fast,1787278739.9715214,-245.03090198998188,-185.8000746271765,1348.0640085354344,13.935005597037193,-18.37731764924849,2.991896692494139e-19
1787278805.106655,resting,fast,1787278739.9715214,-245.25717665537604,-185.01725624411154,1342.131878153078,13.876294218307098,-18.39428824915305,2.9881240079970286e-19
1787278805.1177664,resting,fast,1787278739.9715214,-244.7896923399062,-185.60864340073033,1339.6115689957287,13.920648255053681,-18.359226925492734,2.982684658763551e-19
1787278805.128534,resting,fast,1787278739.9715214,-244.088688300159,-184.91607153203051,1337.2434083805229,13.868705364901121,-18.306651622511552,2.9784949376632634e-19
1787278805.1399226,resting,fast,1787278739.9715214,-244.15285464154613,-185.06375932131834,1340.9521703675955,13.879781949097481,-18.311464098115785,2.9778185725196667e-19
1787278805.1511238,resting,fast,1787278739.9715214,-246.17114010759224,-184.2829294517902,1346.1395524064928,13.82121970888301,-18.462835508068977,2.9834160993041312e-19
1787278805.161862,resting,fast,1787278739.9715214,-246.26721460891213,-183.84580223244473,1345.5440887249415,13.788435167432201,-18.470041095668087,2.9838770798771845e-19
1787278805.1732013,resting,fast,1787278739.9715214,-244.4196856953008,-184.11424266619304,1340.495624013044,13.808568199963378,-18.331476427147464,2.9825734013636663e-19
1787278805.184412,resting,fast,1787278739.9715214,-243.17755308895858,-184.4730490214664,1336.0220618681424,13.835478676608947,-18.238316481671788,2.9803459378695386e-19
1787278805.1950684,resting,fast,1787278739.9715214,-242.8906310580228,-185.19627581549673,1336.8491263770711,13.889720686161287,-18.216797329351593,2.9817857079593423e-19
1787278805.2065542,resting,fast,1787278739.9715214,-245.02264304137725,-185.49511114862537,1341.9021397651659,13.912133336145605,-18.376698228103237,2.9894890292670163e-19
1787278805.217722,resting,fast,1787278739.9715214,-245.53529500068862,-186.6942716399709,1343.402842048491,14.002070372996418,-18.415147125051483,2.990094019778806e-19
1787278805.2283807,resting,fast,1787278739.9715214,-245.89197977753292,-186.88701391627126,1343.4565922546944,14.0165260437192,-18.44189848331488,2.988848648465126e-19
1787278805.2398355,resting,fast,1787278739.9715214,-244.750633097859,-186.1268008302867,1340.0287235779278,13.959510062270429,-18.356297482339528,2.981618601089167e-19
1787278805.2510378,resting,fast,1787278739.9715214,-243.96837793291115,-183.13042087645124,1339.2556835593596,13.734781565732565,-18.297628344968018,2.9801810976311125e-19
1787278805.2617285,resting,fast,1787278739.9715214,-243.982914984736,-184.40574071294748,1342.8046466523074,13.830430553469913,-18.298718623855017,2.9853613004557908e-19
1787278805.2731156,resting,fast,1787278739.9715214,-243.0113039709354,-184.44270755511263,1338.9815764076675,13.833203066632041,-18.225847797820023,2.9827502769479504e-19
1787278805.2843056,resting,fast,1787278739.9715214,-243.0100231769561,-186.190595289415,1338.791478129634,13.964294646704946,-18.22575173827159,2.9815262320530244e-19
1787278805.2949467,resting,fast,1787278739.9715214,-242.8498528629275,-184.41571920874742,1338.3950041475991,13.831178940654727,-18.213738964719184,2.9797507938066235e-19
1787278805.306402,resting,fast,1787278739.9715214,-244.3006104299825,-184.98974503123338,1339.9592027646895,13.874230877341123,-18.322545782248497,2.9817795067384554e-19
1787278805.3176572,resting,fast,1787278739.9715214,-244.09704697458483,-185.47491437848578,1339.4303184082155,13.910618578385272,-18.307278523093437,2.981103965071331e-19
1787278805.328228,resting,fast,1787278739.9715214,-244.67169142458215,-186.90101238199247,1339.0409930731175,14.017575928648032,-18.35037685684364,2.982320749984425e-19
1787278805.339724,resting,fast,1787278739.9715214,-244.27822889323534,-186.10700149466004,1339.7149332198906,13.95802511209823,-18.32086716699235,2.981436767412753e-19
1787278805.350945,resting,fast,1787278739.9715214,-244.82942133122242,-185.58834525866598,1342.7116625683275,13.919125894398594,-18.362206599841613,2.983736012462484e-19
1787278805.3614259,resting,fast,1787278739.9715214,-245.0933677523085,-185.54532219591454,1343.0536719097863,13.915899164692267,-18.382002581422967,2.9823590290755756e-19
1787278805.3725245,resting,fast,1787278739.9715214,-246.27424748629574,-187.19255136668073,1343.9110850493407,14.039441352499896,-18.470568561472163,2.982361297433626e-19
1787278805.3842056,resting,fast,1787278739.9715214,-244.67741132877245,-186.65660840887915,1338.567189607952,13.999245630664692,-18.35080584965783,2.9783854508474325e-19
1787278805.3948252,resting,fast,1787278739.9715214,-244.11574891278224,-187.23886915836295,1338.2575174616277,14.042915186875991,-18.30868116845832,2.9755512569661523e-19
1787278805.4063659,resting,fast,1787278739.9715214,-243.54309506909112,-186.9256707783403,1339.4446316065141,14.019425308374469,-18.265732130181874,2.9798937428530383e-19
1787278805.4175181,resting,fast,1787278739.9715214,-245.15337426792712,-186.72645255475015,1344.8611002920998,14.004483941605034,-18.38650307009442,2.9850305085039695e-19
1787278805.4281175,resting,fast,1787278739.9715214,-244.8111888595854,-184.99680146472053,1344.9330911707666,13.874760109853103,-18.360839164468615,2.98863881643897e-19
1787278805.439783,resting,fast,1787278739.9715214,-243.639484852612,-183.06414401253744,1341.3835864671519,13.729810800939365,-18.27296136394574,2.982072574682038e-19
1787278805.4508529,resting,fast,1787278739.9715214,-243.1298102835076,-184.3323728549202,1339.359093889846,13.82492796411795,-18.234735771263033,2.979036878108819e-19
1787278805.4615862,resting,fast,1787278739.9715214,-243.98236230783505,-186.2395305145709,1340.1446923841895,13.967964788591676,-18.2986771730872,2.9779548222582726e-19
1787278805.4729588,resting,fast,1787278739.9715214,-245.9607434425684,-187.27116264640074,1346.4676420023925,14.045337198478808,-18.44705575819266,2.986018394250126e-19
1787278805.4841254,resting,fast,1787278739.9715214,-246.86200560230964,-186.48497301844293,1349.1489237648484,13.986372976382146,-18.514650420173027,2.9871033566042257e-19
1787278805.4948719,resting,fast,1787278739.9715214,-246.98805866866087,-185.3235653373016,1349.0734505926184,13.899267400296598,-18.52410440014976,2.9873149093270355e-19
1787278805.506253,resting,fast,1787278739.9715214,-246.12203766119046,-184.4300443428964,1343.2893038760603,13.832253325716199,-18.459152824589218,2.9785515749394867e-19
1787278805.5175102,resting,fast,1787278739.9715214,-245.16551873335402,-185.52284017949307,1341.9106597021955,13.914213013460671,-18.387413905001516,2.97668992016632e-19
1787278805.528061,resting,fast,1787278739.9715214,-244.21554476090614,-186.17242856581072,1340.4759715140217,13.962932142434628,-18.31616585706773,2.9759229559970864e-19
1787278805.538953,resting,fast,1787278739.9715214,-244.16799063568988,-187.10301162697886,1343.3525330634902,14.032725872022045,-18.312599297676414,2.9795890898811536e-19
1787278805.550391,resting,fast,1787278739.9715214,-245.0710240025851,-186.67581096842662,1346.5744030580017,14.000685822630818,-18.380326800193714,2.9814718013206953e-19
1787278805.5613413,resting,fast,1787278739.9715214,-245.33183716909798,-186.57138780673165,1345.377198399582,13.9928540855034,-18.39988778768226,2.9770131383543924e-19
1787278805.5728598,resting,fast,1787278739.9715214,-245.1960554156044,-186.95206508382728,1344.146133940193,14.021404881285978,-18.389704156170026,2.976487095971155e-19
1787278805.5840151,resting,fast,1787278739.9715214,-244.71778021013188,-185.97681752896835,1339.861927610801,13.948261314671416,-18.353833515759824,2.971743544143862e-19
1787278805.5945897,resting,fast,1787278739.9715214,-244.72377826431193,-186.05824214011443,1343.0927796038168,13.954368160507276,-18.354283369822987,2.9774748885412233e-19
1787278805.6060607,resting,fast,1787278739.9715214,-246.4119821599984,-186.15928217511703,1350.3542831058958,13.961946163132485,-18.480898661999753,2.9808957567224895e-19
1787278805.6173093,resting,fast,1787278739.9715214,-247.71473705523158,-187.53422909624703,1356.3338795850168,14.065067182217224,-18.57860527914206,2.9897793154911297e-19
1787278805.6280277,resting,fast,1787278739.9715214,-248.10573073912155,-187.08917960600286,1355.8750390065552,14.031688470449144,-18.60792980543375,2.986647756126464e-19
1787278805.6393433,resting,fast,1787278739.9715214,-246.42988136063968,-186.885256880793,1350.9182423093343,14.016394266058487,-18.4822411020478,2.984040052864557e-19
1787278805.650638,resting,fast,1787278739.9715214,-245.10441164216127,-185.5574755862168,1344.2874294288094,13.916810668965187,-18.382830873161986,2.9788251389324612e-19
1787278805.6611776,resting,fast,1787278739.9715214,-245.03988990221887,-184.93115598430416,1344.1552318563363,13.869836698821917,-18.377991742666325,2.9759879337614674e-19
1787278805.672727,resting,fast,1787278739.9715214,-245.58058042716175,-185.8708672403135,1346.187569405999,13.94031504302237,-18.418543532037383,2.974036145476893e-19
1787278805.6837585,resting,fast,1787278739.9715214,-244.79486405459147,-185.93033077596863,1348.0190697503522,13.944774808196403,-18.3596148040943,2.973048411125578e-19
1787278805.6944728,resting,fast,1787278739.9715214,-245.05890040154782,-186.06037840527813,1346.921587390786,13.954528380394667,-18.379417530115894,2.974334597264709e-19
1787278805.7054827,resting,fast,1787278739.9715214,-243.99627637196636,-185.5609340957734,1342.0736631054633,13.917070057181963,-18.299720727897466,2.9783534845112576e-19
1787278805.7167165,resting,fast,1787278739.9715214,-245.6887637408613,-187.55392159150927,1344.4163831554279,14.066544119362181,-18.426657280564633,2.981577454995723e-19
1787278805.727859,resting,fast,1787278739.9715214,-245.30195557048273,-188.4415275714199,1342.6477675788237,14.133114567855504,-18.397646667786105,2.9825618245941695e-19
1787278805.7393572,resting,fast,1787278739.9715214,-245.4806276758868,-188.58650992774176,1342.6706305268062,14.143988244579266,-18.41104707569123,2.97907120204695e-19
1787278805.7505522,resting,fast,1787278739.9715214,-245.85913676428618,-188.05376702717274,1340.784944054808,14.104032527036782,-18.43943525732127,2.975627684765275e-19
1787278805.7612288,resting,fast,1787278739.9715214,-246.52062677969525,-187.82291134920513,1343.7990367951288,14.08671835118918,-18.489047008476817,2.9733622714471295e-19
1787278805.7721682,resting,fast,1787278739.9715214,-247.15617484567838,-187.7845742567505,1344.8627997117992,14.083843069255042,-18.53671311342562,2.9747975235115565e-19
1787278805.7836893,resting,fast,1787278739.9715214,-246.16877538065864,-186.56865678158044,1344.4166110936703,13.99264925861721,-18.462658153549278,2.973247682648122e-19
1787278805.7945108,resting,fast,1787278739.9715214,-246.25493167031027,-187.45789795683856,1345.1941054039735,14.059342346761458,-18.46911987527305,2.9787881773644907e-19
1787278805.80595,resting,fast,1787278739.9715214,-246.90539366055918,-186.69934017218372,1347.4304442169314,14.002450512912478,-18.517904524541798,2.9774242520810453e-19
1787278805.8172283,resting,fast,1787278739.9715214,-247.73862946766394,-188.2924061983996,1350.9086478851705,14.121930464879032,-18.58039721007475,2.9813249535703174e-19
1787278805.8277724,resting,fast,1787278739.9715214,-246.8804523902022,-187.20896240419768,1347.932398609767,14.040672180313695,-18.51603392926509,2.975802237573859e-19
1787278805.839375,resting,fast,1787278739.9715214,-246.21550356014495,-186.80382479368893,1344.0102861041805,14.010286859525639,-18.46616276701083,2.9747459183998073e-19
1787278805.8505034,resting,fast,1787278739.9715214,-245.7416980832354,-185.99172336019853,1342.3860882190593,13.949379252013845,-18.43062735624261,2.9726974200615976e-19
1787278805.8611755,resting,fast,1787278739.9715214,-245.87330268318283,-186.6775871542701,1344.5981807252274,14.000819036568831,-18.440497701238606,2.976621332811998e-19
1787278805.8725867,resting,fast,1787278739.9715214,-246.98582265588584,-188.05658904740983,1352.2070292859307,14.104244178554314,-18.52393669919124,2.9816933153500963e-19
1787278805.8834655,resting,fast,1787278739.9715214,-246.81920853399288,-187.93802770680884,1350.8910553288688,14.095352078009444,-18.51144064004943,2.981582802932649e-19
1787278805.8944945,resting,fast,1787278739.9715214,-247.97607794536225,-187.75336199402375,1352.6155586850027,14.081502149550449,-18.59820584590203,2.9835428161480475e-19
1787278805.9059381,resting,fast,1787278739.9715214,-246.39434466218017,-185.62158575166734,1349.169641737889,13.921618931374145,-18.479575849663362,2.977032953281122e-19
1787278805.9171443,resting,fast,1787278739.9715214,-246.7214857701333,-185.6244053785207,1347.9958359510301,13.921830403387975,-18.504111432759963,2.9731508011789542e-19
1787278805.9277701,resting,fast,1787278739.9715214,-245.56501088290725,-185.4845564938156,1343.7310407802006,13.911341737035276,-18.417375816217984,2.9683274130280893e-19
1787278805.9391737,resting,fast,1787278739.9715214,-245.31630063673992,-186.3785037556703,1341.9356615603692,13.978387781674176,-18.39872254775552,2.969044570621101e-19
1787278805.949747,resting,fast,1787278739.9715214,-244.67509308905346,-186.39724727055398,1344.0848589344105,13.97979354529031,-18.350631981678788,2.9722115489328864e-19
1787278805.9607794,resting,fast,1787278739.9715214,-244.72987262588185,-186.49129515757465,1345.2411360311626,13.986847136816937,-18.354740446941122,2.97122699899608e-19
1787278805.9724183,resting,fast,1787278739.9715214,-245.9690685404653,-186.74304690019915,1349.1031916015609,14.005728517513976,-18.4476801405348,2.97698944247776e-19
1787278805.9835346,resting,fast,1787278739.9715214,-246.5514263841128,-186.21170906641316,1350.8313716567854,13.965878179979928,-18.491356978808284,2.97957743373696e-19
1787278805.9943938,resting,fast,1787278739.9715214,-246.92457460695323,-186.54413687288013,1351.1657297171614,13.990810265465019,-18.51934309552138,2.9822866540655466e-19
1787278806.005751,resting,fast,1787278739.9715214,-247.5245989432501,-188.43808547059814,1352.802613512561,14.13285641029383,-18.564344920743657,2.980863568656712e-19
1787278806.0169692,resting,fast,1787278739.9715214,-246.81518826807178,-189.34918625391663,1347.2236267304006,14.20118896904238,-18.511139120105135,2.9743085720852457e-19
1787278806.0273676,resting,fast,1787278739.9715214,-247.00162442421288,-189.7650611833002,1347.945235373615,14.232379588746557,-18.525121831815888,2.975595202526579e-19
1787278806.0385318,resting,fast,1787278739.9715214,-245.45630834242957,-187.2989162243772,1345.1424853544495,14.047418716826872,-18.409223125682026,2.9732591801468006e-19
1787278806.0502348,resting,fast,1787278739.9715214,-246.49865597849703,-186.3626127888964,1346.8197416513458,13.977195959166242,-18.48739919838701,2.9794072010805783e-19
1787278806.0608218,resting,fast,1787278739.9715214,-246.59179936095506,-185.78159161494625,1346.871279687376,13.933619371119708,-18.494384952071535,2.97533041430053e-19
1787278806.0723503,resting,fast,1787278739.9715214,-247.41867715593662,-188.43267802569574,1345.5686930304391,14.132450851925984,-18.55640078669468,2.9762935518694675e-19
1787278806.0835392,resting,fast,1787278739.9715214,-246.27704402740846,-187.85728157961705,1342.9474938216308,14.089296118470092,-18.470778302055493,2.9734256400309055e-19
1787278806.0940425,resting,fast,1787278739.9715214,-245.87492597948994,-186.48209753602748,1342.6252876502576,13.986157315200803,-18.440619448461767,2.9741209733132015e-19
1787278806.105207,resting,fast,1787278739.9715214,-246.18129221496793,-186.5635956116431,1343.5368753142839,13.992269670871952,-18.46359691612259,2.9756059312311075e-19
1787278806.1165097,resting,fast,1787278739.9715214,-245.58095510280828,-187.55364232790077,1345.2265541541865,14.066523174591314,-18.41857163271039,2.9759945156651916e-19
1787278806.1274402,resting,fast,1787278739.9715214,-246.71084025643404,-189.54366852399392,1350.349483193936,14.215775139298362,-18.503313019232344,2.9812007743856643e-19
1787278806.1389518,resting,fast,1787278739.9715214,-245.93208494557666,-186.41761409592834,1347.8567075120418,13.981321057193401,-18.44490637091816,2.97586084218015e-19
1787278806.1500537,resting,fast,1787278739.9715214,-248.06637292365076,-185.91614314902347,1353.6155533206302,13.943710736175777,-18.604977969273676,2.981581936514416e-19
1787278806.1606655,resting,fast,1787278739.9715214,-245.65406328611652,-183.6243385902102,1347.1283718411514,13.771825394264685,-18.424054746458665,2.978335382579386e-19
1787278806.1722693,resting,fast,1787278739.9715214,-245.88464332576905,-185.92839178073712,1346.2470932633323,13.944629383554332,-18.44134824943223,2.982330980038664e-19
1787278806.1833487,resting,fast,1787278739.9715214,-244.47155268153847,-187.50590761065757,1343.2731111930234,14.062943070798173,-18.3353664511153,2.9811118940758874e-19
1787278806.1940873,resting,fast,1787278739.9715214,-246.63398709894454,-188.78126087448584,1349.084024079969,14.158594565585137,-18.497549032420693,2.986563374686464e-19
1787278806.2055902,resting,fast,1787278739.9715214,-245.89551937779697,-186.11383704431717,1350.960734592617,13.958537778322867,-18.44216395333474,2.984686768177311e-19
1787278806.2205434,resting,fast,1787278739.9715214,-246.24663853263928,-184.77770933934914,1352.793835242389,13.85832820045005,-18.468497889947777,2.9839662381995576e-19
1787278806.2276363,resting,fast,1787278739.9715214,-245.23125880126508,-184.2226409124338,1348.0754048739645,13.816698068431169,-18.392344410094637,2.9798815153548655e-19
1787278806.2388263,resting,fast,1787278739.9715214,-246.7879872424587,-186.32870993906738,1347.9454367154603,13.974653245428772,-18.509099043183873,2.981708973316745e-19
1787278806.2532144,resting,fast,1787278739.9715214,-247.31267402745243,-187.06468714601112,1346.7904228298494,14.029851535949778,-18.548450552058746,2.9809701495343537e-19
1787278806.2608469,resting,fast,1787278739.9715214,-245.60579431557426,-187.45047097489658,1345.4551404593867,14.058785323116286,-18.420434573667862,2.974909226444207e-19
1787278806.271788,resting,fast,1787278739.9715214,-243.64419774268254,-185.91692062742834,1343.759964422562,13.943769047056069,-18.27331483070114,2.9733135176646423e-19
1787278806.286433,resting,fast,1787278739.9715214,-242.58294201754916,-186.99586098804286,1336.076469512339,14.024689574102101,-18.193720651315893,2.9724578936132907e-19
1787278806.293877,resting,fast,1787278739.9715214,-242.30630962034184,-186.60150544711303,1334.6876549577637,13.995112908532267,-18.17297322152541,2.975181343975576e-19
1787278806.3054018,resting,fast,1787278739.9715214,-242.49699670776545,-188.7980804172272,1332.2042650781068,14.159856031290733,-18.18727475308232,2.975653563423551e-19
1787278806.3199515,resting,fast,1787278739.9715214,-243.65400575350168,-188.31359346735087,1338.5001040213092,14.123519510050148,-18.274050431512258,2.9757862053529697e-19
1787278806.3274872,resting,fast,1787278739.9715214,-244.29041736478075,-188.94673764659876,1338.898261655414,14.171005323493763,-18.321781302358325,2.9760735984290237e-19
1787278806.3387523,resting,fast,1787278739.9715214,-244.85704209730602,-186.36729288369622,1343.1555200580688,13.977546966275927,-18.364278157297655,2.9780110643077136e-19
1787278806.3522801,resting,fast,1787278739.9715214,-244.06690941019906,-184.1249096558371,1345.3709302121852,13.809368224186603,-18.30501820576498,2.98139235632097e-19
1787278806.3607697,resting,fast,1787278739.9715214,-244.63805960970103,-183.99222755776634,1345.2475249284716,13.799417066831484,-18.347854470727476,2.978821519261069e-19
1787278806.3720496,resting,fast,1787278739.9715214,-245.41620203563843,-184.9933319820326,1345.5185504895117,13.874499898651198,-18.40621515267268,2.9776220581065813e-19
1787278806.3852608,resting,fast,1787278739.9715214,-245.37185590494892,-186.11512953634212,1341.667931245992,13.958634715224424,-18.4028891928711,2.970219950394742e-19
1787278806.3941207,resting,fast,1787278739.9715214,-246.53839384901994,-185.54100447313238,1344.4885611421878,13.915575335483613,-18.490379538676414,2.9756961213664905e-19
1787278806.405399,resting,fast,1787278739.9715214,-244.45858276848458,-186.00001886030248,1340.5252128174752,13.950001414521711,-18.334393707636316,2.9737604499147823e-19
1787278806.419028,resting,fast,1787278739.9715214,-243.4361906920799,-184.93291806518948,1340.291225005877,13.869968854887848,-18.25771430190577,2.975055521905369e-19
1787278806.4271252,resting,fast,1787278739.9715214,-241.66564104627514,-184.8909415436898,1336.9205684362705,13.86682061577557,-18.124923078470275,2.9736473007138243e-19
1787278806.4386683,resting,fast,1787278739.9715214,-242.5654244487555,-185.6131130241348,1336.8708104479747,13.92098347680879,-18.19240683365628,2.975895561907485e-19
1787278806.451805,resting,fast,1787278739.9715214,-242.95336720373643,-185.91709304571066,1337.6833686381515,13.943781978427115,-18.22150254028015,2.9773472397642027e-19
1787278806.4604573,resting,fast,1787278739.9715214,-243.297739858745,-184.19134712051812,1340.1675737664964,13.814351034037674,-18.24733048940567,2.978917954784178e-19
1787278806.4716969,resting,fast,1787278739.9715214,-243.5221977091801,-182.44389760025058,1343.0726216117082,13.683292320017674,-18.264164828188292,2.9793294315709467e-19
1787278806.4847806,resting,fast,1787278739.9715214,-246.14332994450388,-183.94347318611392,1346.675597371198,13.795760488957175,-18.46074974583783,2.9810513495093237e-19
1787278806.4939933,resting,fast,1787278739.9715214,-246.16160278158486,-184.47559988105434,1341.721661974555,13.835669991077669,-18.4621202086188,2.9769446919359493e-19
1787278806.505192,resting,fast,1787278739.9715214,-248.04639621384786,-186.56475251819472,1345.8998801258704,13.992356438863514,-18.60347971603845,2.981595326168645e-19
1787278806.5176692,resting,fast,1787278739.9715214,-246.2027314232514,-186.82873701379378,1342.5875972616877,14.012155276033145,-18.465204856743355,2.982769032424148e-19
1787278806.527191,resting,fast,1787278739.9715214,-245.62998844921503,-187.56037627468152,1341.248675413618,14.067028220600054,-18.42224913369089,2.98306467288032e-19
1787278806.5384207,resting,fast,1787278739.9715214,-243.78111773373757,-185.6262399020901,1338.1818948518803,13.921967992655642,-18.28358383003024,2.9761578904557153e-19
1787278806.5493867,resting,fast,1787278739.9715214,-244.3086158225965,-184.772320550764,1341.8983874161704,13.857924041306195,-18.323146186694743,2.9756510878400454e-19
1787278806.560325,resting,fast,1787278739.9715214,-244.2012611756404,-184.40842877092007,1340.7473394771177,13.83063215781755,-18.315094588172883,2.977562348620062e-19
1787278806.571549,resting,fast,1787278739.9715214,-244.15816594933722,-184.9754194906153,1338.7175201537275,13.873156461794895,-18.311862446200095,2.9771599783868333e-19
1787278806.5838253,resting,fast,1787278739.9715214,-243.2929152425245,-184.31153093817613,1333.8811482746596,13.82336482036192,-18.246968643189305,2.973793424309451e-19
1787278806.5937355,resting,fast,1787278739.9715214,-243.91774743144515,-185.49243086166246,1339.2326787377124,13.911932314623474,-18.293831057358254,2.9738684057925763e-19
1787278806.6052363,resting,fast,1787278739.9715214,-244.97984527373455,-184.9356362897894,1342.3231553716805,13.870172721732988,-18.373488395530018,2.9781182674269084e-19
1787278806.616947,resting,fast,1787278739.9715214,-244.91296183208078,-183.55777959496174,1343.641898428853,13.766833469621023,-18.36847213740601,2.979667343364687e-19
1787278806.6269898,resting,fast,1787278739.9715214,-244.31342931720746,-183.75627145663555,1343.2346535572715,13.781720359246496,-18.323507198790416,2.979708286479748e-19
1787278806.6384487,resting,fast,1787278739.9715214,-241.99779656899,-184.17461320521886,1341.3050552998657,13.813095990390114,-18.14983474267413,2.9734241480615053e-19
1787278806.649692,resting,fast,1787278739.9715214,-242.81037204001086,-186.55451291994484,1342.929435135994,13.991588468994781,-18.21077790300064,2.9746953542797746e-19
1787278806.6606574,resting,fast,1787278739.9715214,-242.98942403007595,-185.79819330703356,1339.0458654623735,13.93486449802636,-18.224206802255807,2.971735685197694e-19
1787278806.671794,resting,fast,1787278739.9715214,-244.53195997557896,-186.7258236527788,1338.6310219458383,14.004436773957071,-18.339896998168086,2.97634771606553e-19
1787278806.6829348,resting,fast,1787278739.9715214,-244.90460853381182,-186.641765447666,1339.3118848635486,13.998132408573813,-18.367845640035803,2.977373343913111e-19
1787278806.6939473,resting,fast,1787278739.9715214,-246.14110437631962,-186.48640226024884,1343.7170614636752,13.986480169517453,-18.460582828223977,2.98012096794592e-19
1787278806.705031,resting,fast,1787278739.9715214,-246.81892829618982,-185.82821298102033,1345.3156789642808,13.937115973575391,-18.51141962221422,2.9786020974562104e-19
1787278806.716394,resting,fast,1787278739.9715214,-246.44421523058327,-185.55844313059754,1342.6712361568998,13.916883234793548,-18.483316142293333,2.975948186174603e-19
1787278806.7269232,resting,fast,1787278739.9715214,-245.04583830757156,-186.2282357289547,1339.6857333796097,13.967117679670256,-18.378437873067725,2.974046712833792e-19
1787278806.7385042,resting,fast,1787278739.9715214,-243.75587754052094,-184.89797167781182,1340.1004899294849,13.8673478758346,-18.28169081553893,2.977445004021099e-19
1787278806.749551,resting,fast,1787278739.9715214,-243.51167565128935,-185.33582736058122,1338.9285235507386,13.900187052042458,-18.263375673846546,2.9773547116218867e-19
1787278806.7605348,resting,fast,1787278739.9715214,-243.7645631311384,-184.56716574913287,1339.3768546030524,13.842537431183604,-18.282342234835397,2.9770866268373637e-19
1787278806.7717648,resting,fast,1787278739.9715214,-244.71178319834826,-185.72433334286654,1336.685591223083,13.929325000713906,-18.353383739876087,2.971640050835594e-19
1787278806.7829578,resting,fast,1787278739.9715214,-244.11539386992308,-183.63648522461983,1336.2492956200704,13.77273639184509,-18.308654540243964,2.9715450509500464e-19
1787278806.7937186,resting,fast,1787278739.9715214,-246.2677037062508,-184.8961213380211,1338.4534278731307,13.867209100350383,-18.470077777968704,2.9774477341808677e-19
1787278806.8051312,resting,fast,1787278739.9715214,-244.69553625204435,-184.68875838658016,1335.3194109128553,13.851656878992106,-18.352165218903195,2.9770072270990143e-19
1787278806.8163147,resting,fast,1787278739.9715214,-245.49782172028654,-186.04552257204398,1337.6216610279398,13.95341419290219,-18.412336629021475,2.9787638097320773e-19
1787278806.827226,resting,fast,1787278739.9715214,-243.48476695933414,-184.84257655358908,1333.3568847064716,13.86319324151808,-18.261357521949975,2.9736088614907853e-19
1787278806.8384523,resting,fast,1787278739.9715214,-245.48125563141048,-184.77462691767198,1337.2375659342697,13.8580970188241,-18.411094172355753,2.974785689143803e-19
1787278806.8494475,resting,fast,1787278739.9715214,-245.2221142377325,-184.81411722182736,1334.3812916819015,13.86105879163566,-18.391658567829893,2.973141555198359e-19
1787278806.860324,resting,fast,1787278739.9715214,-244.62311675375668,-184.16041593426132,1334.7934783911433,13.812031195068275,-18.346733756531457,2.9746050184546303e-19
1787278806.871758,resting,fast,1787278739.9715214,-243.43790967387258,-185.37699360593012,1336.3108411155872,13.903274520443535,-18.257843225540377,2.979531273583124e-19
1787278806.8825698,resting,fast,1787278739.9715214,-243.5289716725124,-186.54397835275324,1336.0951620027236,13.990798376455093,-18.2646728754383,2.9782714191675206e-19
1787278806.8938131,resting,fast,1787278739.9715214,-244.97076071985657,-187.96158527088858,1337.3618930168313,14.097118895315365,-18.372807053989057,2.982735425431812e-19
1787278806.9049923,resting,fast,1787278739.9715214,-244.67796705052615,-186.8978540085826,1330.6520433398136,14.017339050642551,-18.35084752878945,2.976810133941554e-19
1787278806.9161248,resting,fast,1787278739.9715214,-245.01931803922753,-185.20111825177526,1331.919465207954,13.890083868881991,-18.376448852941934,2.977790037143802e-19
1787278806.9268184,resting,fast,1787278739.9715214,-244.40589751262678,-185.43713331986635,1333.3108564141994,13.907784998988905,-18.330442313447016,2.9771463494219844e-19
1787278806.9383166,resting,fast,1787278739.9715214,-244.03035122507163,-185.1215089003557,1335.591179943388,13.884113167525403,-18.302276341880315,2.9784388764385876e-19
1787278806.949212,resting,fast,1787278739.9715214,-244.09269029638335,-186.03390756443207,1339.1769136277862,13.952543067331153,-18.306951772228643,2.9825062646624707e-19
1787278806.960198,resting,fast,1787278739.9715214,-243.16239804546922,-186.20994527753226,1339.271566840097,13.965745895813686,-18.23717985341007,2.980964519433894e-19
1787278806.9716082,resting,fast,1787278739.9715214,-245.20967975153553,-187.15125555100633,1343.8825973290923,14.036344166324245,-18.390725981364994,2.986507981610855e-19
1787278806.9823844,resting,fast,1787278739.9715214,-244.65503237614712,-186.764570005441,1342.7532609137388,14.00734275040698,-18.34912742821097,2.988183349211885e-19
1787278806.9937131,resting,fast,1787278739.9715214,-246.395606677022,-185.1886432525681,1344.588571029576,13.889148243941282,-18.479670500776386,2.990580416316109e-19
1787278807.0049343,resting,fast,1787278739.9715214,-244.79561940230042,-183.9992404517476,1341.0233525380054,13.799943033879874,-18.35967145517221,2.9867031860044737e-19
1787278807.0158567,resting,fast,1787278739.9715214,-244.88996539427671,-183.44781665051312,1341.2202699642667,13.758586248787328,-18.366747404570503,2.985155192995076e-19
1787278807.027046,resting,fast,1787278739.9715214,-244.20765914425874,-183.4760718675035,1340.8147578880225,13.760705390061563,-18.3155744358192,2.9807935368211875e-19
1787278807.0382285,resting,fast,1787278739.9715214,-244.3234588912169,-184.0631092576806,1340.9217699360006,13.8047331943249,-18.32425941684088,2.979609220567732e-19
1787278807.0491192,resting,fast,1787278739.9715214,-243.6260255248576,-183.30818320256492,1337.5022395452806,13.748113740191119,-18.271951914364216,2.9775023851720786e-19
1787278807.0603313,resting,fast,1787278739.9715214,-244.01512059403785,-184.14312263624163,1336.8641885806092,13.810734197716858,-18.30113404455274,2.979129152749259e-19
1787278807.0715325,resting,fast,1787278739.9715214,-244.93190893014025,-184.78053074664206,1339.4212921547432,13.85853980599683,-18.369893169760118,2.9837357825400582e-19
1787278807.0823412,resting,fast,1787278739.9715214,-246.1737200771263,-186.92219065396978,1341.7542521083442,14.019164299046611,-18.463029005784314,2.983273202597484e-19
1787278807.0936935,resting,fast,1787278739.9715214,-246.02598353948224,-186.0926415371547,1340.6057990795443,13.95694811528536,-18.451948765460926,2.981063740470053e-19
1787278807.1048079,resting,fast,1787278739.9715214,-244.9121351588651,-184.53466041817717,1334.7162451205177,13.840099531362103,-18.36841013691469,2.975660285551446e-19
1787278807.1155164,resting,fast,1787278739.9715214,-244.0546670952467,-184.3214246488982,1334.0738467050896,13.824106848666435,-18.304100032143168,2.977615209925339e-19
1787278807.126759,resting,fast,1787278739.9715214,-243.00358675875714,-183.36934239250138,1330.4465625529128,13.752700679436348,-18.225269006906515,2.972553772509464e-19
1787278807.138109,resting,fast,1787278739.9715214,-243.64086959681254,-184.15116854629662,1336.9952383139453,13.811337640970951,-18.273065219760532,2.9774912734856185e-19
1787278807.1491332,resting,fast,1787278739.9715214,-243.34914993428765,-182.59956194186054,1335.3353832730036,13.694967145638248,-18.251186245071274,2.974153837159607e-19
1787278807.1603003,resting,fast,1787278739.9715214,-244.0927842925762,-184.28425084860248,1342.6731606394778,13.821318813643916,-18.306958821943006,2.982202452164247e-19
1787278807.1715045,resting,fast,1787278739.9715214,-243.35312418480999,-183.41731157829247,1338.1820657289854,13.756298368370697,-18.251484313860537,2.974628272641785e-19
1787278807.1824439,resting,fast,1787278739.9715214,-243.90641183475554,-184.0282491682559,1338.834865852673,13.802118687618066,-18.292980887606483,2.9768492893892275e-19
1787278807.1935334,resting,fast,1787278739.9715214,-244.30976937848436,-183.0232856234785,1340.9978978450736,13.726746421759731,-18.323232703386225,2.9789397683392375e-19
1787278807.2046814,resting,fast,1787278739.9715214,-245.55786167927317,-185.33376475063653,1342.8391308484088,13.90003235629651,-18.416839625945215,2.986759496466365e-19
1787278807.21544,resting,fast,1787278739.9715214,-244.56087179317956,-185.87194885832525,1343.4923570618075,13.940396164372945,-18.34206538448823,2.983418442803155e-19
1787278807.2268665,resting,fast,1787278739.9715214,-243.39568270938116,-185.53632767336387,1338.1354394061918,13.915224575501117,-18.25467620320353,2.978191259594374e-19
1787278807.2374287,resting,fast,1787278739.9715214,-242.46872924014087,-183.23875508722733,1336.6005784877989,13.742906631540965,-18.18515469301031,2.9734972976552974e-19
1787278807.2485032,resting,fast,1787278739.9715214,-243.16480695711698,-182.05987529967194,1337.6489389250628,13.654490647474038,-18.237360521783593,2.9756428758669453e-19
1787278807.2599916,resting,fast,1787278739.9715214,-244.72804755896368,-183.7034044354765,1342.0138550023212,13.777755332659599,-18.35460356692225,2.979506929931965e-19
1787278807.2714174,resting,fast,1787278739.9715214,-244.9527602402536,-184.78018107047762,1348.4626087460429,13.858513580284498,-18.371457018019136,2.9820107032786314e-19
1787278807.2820957,resting,fast,1787278739.9715214,-244.5265645585264,-185.1324791248959,1344.7278830853293,13.884935934366101,-18.33949234188936,2.9821139407928404e-19
1787278807.2938297,resting,fast,1787278739.9715214,-243.38314769802264,-183.88813408145882,1338.4754804054382,13.791610056108158,-18.253736077351434,2.976165477510661e-19
1787278807.304961,resting,fast,1787278739.9715214,-243.8624629009969,-183.87647612355715,1331.1092831565793,13.790735709265551,-18.289684717574573,2.976855070605683e-19
1787278807.315501,resting,fast,1787278739.9715214,-243.87891387818445,-183.17648350391357,1334.129823712502,13.738236262792089,-18.290918540863693,2.975316154530822e-19
1787278807.326723,resting,fast,1787278739.9715214,-245.2652091462419,-184.02884006486272,1340.9592539485902,13.802163004863377,-18.394890685967994,2.9802477618205205e-19
1787278807.3379402,resting,fast,1787278739.9715214,-246.65740554224112,-186.06678113438136,1349.653981686678,13.955008585077199,-18.4993054156678,2.984817057118782e-19
1787278807.348715,resting,fast,1787278739.9715214,-246.90055079512922,-187.2993711563355,1347.2409968473303,14.047452836724037,-18.517541309634566,2.986980619896897e-19
1787278807.360109,resting,fast,1787278739.9715214,-246.15490956742497,-188.11430847228928,1345.8353300991976,14.108573135420489,-18.46161821755672,2.988803895880786e-19
1787278807.371073,resting,fast,1787278739.9715214,-244.2988991937268,-185.6577008438984,1337.981315492455,13.924327563291062,-18.322417439529247,2.9811242098074976e-19
1787278807.3822744,resting,fast,1787278739.9715214,-243.77892775090322,-185.41388711513366,1336.973375103621,13.906041533633758,-18.28341958131751,2.9769628255623666e-19
1787278807.3933463,resting,fast,1787278739.9715214,-243.51828556054306,-183.40768282361012,1336.0556620948073,13.755576211769554,-18.26387141704066,2.974273499806978e-19
1787278807.4045293,resting,fast,1787278739.9715214,-242.98828048724909,-183.5447026683422,1338.9245704350733,13.765852700124473,-18.22412103654335,2.978137166100365e-19
1787278807.4154303,resting,fast,1787278739.9715214,-244.99692273666506,-185.0629803171338,1343.599663182803,13.879723523783628,-18.374769205249642,2.9844582432056197e-19
1787278807.4266636,resting,fast,1787278739.9715214,-245.41822574173648,-185.97145728185603,1343.9296298579657,13.947859296137825,-18.4063669306301,2.982567601307743e-19
1787278807.4377847,resting,fast,1787278739.9715214,-245.73170051069837,-185.71608450991482,1345.6228621604578,13.928706338242481,-18.429877538302293,2.9825472016079924e-19
1787278807.4486446,resting,fast,1787278739.9715214,-244.51437729359304,-185.94500268452214,1344.6407133427338,13.945875201337874,-18.33857829701931,2.9836858846778464e-19
1787278807.4593887,resting,fast,1787278739.9715214,-244.84512841905553,-185.5595573656732,1343.3966527805014,13.916966802424216,-18.363384631428914,2.984297671673605e-19
1787278807.4709709,resting,fast,1787278739.9715214,-244.41693261337014,-186.1333238914973,1337.6598268659736,13.959999291861184,-18.331269946002642,2.9821948691717676e-19
1787278807.482253,resting,fast,1787278739.9715214,-243.34568433588038,-183.26241728496814,1334.6778827528206,13.744681296371187,-18.250926325191024,2.97687690790577e-19
1787278807.4930296,resting,fast,1787278739.9715214,-242.48041778077413,-183.5361917262984,1327.501645694857,13.765214379471136,-18.18603133355785,2.9701645162926187e-19
1787278807.5043244,resting,fast,1787278739.9715214,-242.5955206345111,-183.63622544582574,1327.7350282437392,13.772716908435573,-18.194664047588105,2.970106434056919e-19
1787278807.5152912,resting,fast,1787278739.9715214,-244.1067969903047,-185.8821887946791,1333.7619073621709,13.941164159599825,-18.308009774272406,2.9729015726068277e-19
1787278807.526356,resting,fast,1787278739.9715214,-245.68011069495742,-186.85407241238715,1340.8506275825885,14.014055430928085,-18.4260083021217,2.9783581316961504e-19
1787278807.537758,resting,fast,1787278739.9715214,-246.22347254324495,-187.09593427978928,1345.8320811558797,14.032195070982926,-18.466760440743187,2.979204772511254e-19
1787278807.548469,resting,fast,1787278739.9715214,-245.5951553945083,-185.8086965791225,1342.7864004090543,13.935652243433044,-18.41963665458809,2.977850640875544e-19
1787278807.5600123,resting,fast,1787278739.9715214,-243.6443907238886,-185.37727090330088,1339.1043753946878,13.903295317746288,-18.27332930429148,2.9776843033095513e-19
1787278807.5710218,resting,fast,1787278739.9715214,-244.36597947269956,-184.26232377362123,1337.8836562972456,13.819674283020323,-18.327448460452224,2.97872381707088e-19
1787278807.5819983,resting,fast,1787278739.9715214,-244.1847427330281,-184.87369136789778,1336.0241516209799,13.865526852591376,-18.313855704976888,2.9777247117813387e-19
1787278807.5929406,resting,fast,1787278739.9715214,-244.63561233424707,-184.18793695779175,1340.0944763096277,13.814095271833114,-18.34767092506833,2.97958164461682e-19
1787278807.604404,resting,fast,1787278739.9715214,-244.12082770180996,-184.53205735436075,1339.8162938114447,13.839904301576059,-18.30906207763566,2.9786616354489567e-19
1787278807.6149416,resting,fast,1787278739.9715214,-244.247271177705,-184.4372572415108,1340.0092705018296,13.832794293112077,-18.318545338327667,2.980608554881503e-19
1787278807.626535,resting,fast,1787278739.9715214,-246.00326949019518,-185.238160850687,1342.6636391641432,13.892862063800198,-18.450245211764553,2.9799808605208516e-19
1787278807.6376674,resting,fast,1787278739.9715214,-245.0680728364291,-184.41495696463164,1344.202444348287,13.831121772346112,-18.38010546273209,2.980263376292277e-19
1787278807.6482873,resting,fast,1787278739.9715214,-246.24489613267406,-185.31407268049554,1349.3096459280705,13.898555451035893,-18.46836720995035,2.9843758078954686e-19
1787278807.659699,resting,fast,1787278739.9715214,-245.62026022313557,-185.40243244855685,1350.571548476103,13.90518243364065,-18.42151951673506,2.9857058300499913e-19
1787278807.670917,resting,fast,1787278739.9715214,-247.21719964194244,-187.3859763506681,1351.6975025832244,14.05394822629879,-18.54128997314561,2.98418414706462e-19
1787278807.6814463,resting,fast,1787278739.9715214,-246.3242711226644,-186.5495861594037,1348.1947179365625,13.991218961953951,-18.474320334199604,2.9777140685693295e-19
1787278807.6931489,resting,fast,1787278739.9715214,-246.65365837560648,-188.15880789918867,1344.3665600802715,14.111910592438182,-18.4990243781701,2.9748670553375646e-19
1787278807.704271,resting,fast,1787278739.9715214,-244.99454665201802,-186.15464790454428,1340.1088722697923,13.961598592839739,-18.37459099890122,2.9745724314351994e-19
1787278807.7147985,resting,fast,1787278739.9715214,-245.80950354362858,-187.47657684547482,1344.2048676836885,14.060743263409481,-18.43571276577204,2.979569751099284e-19
1787278807.7262511,resting,fast,1787278739.9715214,-246.1983195957123,-186.14238554913265,1348.1819838445635,13.960678916183586,-18.46487396967825,2.9822053495036963e-19
1787278807.737365,resting,fast,1787278739.9715214,-248.12858238439412,-187.79122366939794,1353.6359514136411,14.0843417752037,-18.60964367882952,2.986770961007261e-19
1787278807.7481647,resting,fast,1787278739.9715214,-246.65671038905157,-187.47523670281623,1345.851917346009,14.060642752710127,-18.499253279178603,2.980977990342774e-19
1787278807.7596877,resting,fast,1787278739.9715214,-244.61499807896644,-187.79014529278436,1342.616465387836,14.08426089695789,-18.346124855922348,2.980111090800455e-19
1787278807.7707493,resting,fast,1787278739.9715214,-243.3158326605112,-187.76867014383117,1336.4636298089254,14.08265026078637,-18.24868744953819,2.9733712427376603e-19
1787278807.7813585,resting,fast,1787278739.9715214,-243.24178284129857,-185.51779198456836,1340.8688200753577,13.913834398841633,-18.243133713097365,2.97282279596275e-19
1787278807.7923388,resting,fast,1787278739.9715214,-244.51362902264782,-185.43458775890974,1342.0455284056434,13.907594081916816,-18.338522176698575,2.9719960366620403e-19
1787278807.804054,resting,fast,1787278739.9715214,-245.91513667963,-186.43248355739922,1348.73002488574,13.98243626680389,-18.443635250971923,2.9774191061571395e-19
1787278807.8147688,resting,fast,1787278739.9715214,-247.23577937690015,-187.8053206532785,1348.2702366656877,14.085399048994876,-18.542683453267372,2.9787521384583903e-19
1787278807.8261275,resting,fast,1787278739.9715214,-247.99416265032642,-188.96560737177504,1349.6306863305026,14.172420552881963,-18.599562198774223,2.9828877729451537e-19
1787278807.837425,resting,fast,1787278739.9715214,-246.27784384279903,-188.2871031655501,1342.0741143101177,14.12153273741517,-18.470838288209848,2.976308151261574e-19
1787278807.8479004,resting,fast,1787278739.9715214,-245.81689005063572,-188.67623499404124,1342.6208988154676,14.15071762455192,-18.43626675379742,2.975436085004571e-19
1787278807.8591118,resting,fast,1787278739.9715214,-244.33053915558548,-188.1818956481951,1341.2080076080138,14.113642173613744,-18.324790436668934,2.971051726195394e-19
1787278807.8705893,resting,fast,1787278739.9715214,-245.9802967253213,-188.07628029860314,1345.8953155860227,14.10572102239404,-18.448522254399144,2.975716819657986e-19
1787278807.8817372,resting,fast,1787278739.9715214,-246.43655130853267,-188.50054531531475,1345.4898327807887,14.137540898647504,-18.482741348139776,2.9786881425467267e-19
1787278807.8927076,resting,fast,1787278739.9715214,-247.74151959242272,-188.02676022279445,1345.7447717021723,14.102007016708587,-18.580613969431717,2.9821947081615687e-19
1787278807.9038777,resting,fast,1787278739.9715214,-247.28319262123614,-188.42590147526255,1344.526823269759,14.13194261064341,-18.5462394465928,2.982744858942267e-19
1787278807.9146516,resting,fast,1787278739.9715214,-245.52269093074437,-185.44317849727406,1343.3223994380596,13.90823838729452,-18.41420181980606,2.9772975373121105e-19
1787278807.926212,resting,fast,1787278739.9715214,-245.88188913176737,-186.0235245174448,1345.6999618376094,13.951764338807198,-18.44114168488243,2.9758230273378213e-19
1787278807.9373138,resting,fast,1787278739.9715214,-245.9146594021836,-184.44100978719177,1345.406627637206,13.833075734038506,-18.443599455163636,2.9730493490342923e-19
1787278807.9478133,resting,fast,1787278739.9715214,-247.05843222860813,-186.13037123677293,1348.2919599858005,13.959777842756939,-18.529382417145356,2.979369304629154e-19
1787278807.9593387,resting,fast,1787278739.9715214,-244.5025095353135,-185.1338650404865,1341.9137417068532,13.885039878035503,-18.33768821514841,2.97525890168964e-19
1787278807.9705162,resting,fast,1787278739.9715214,-244.12155541904076,-186.07423370115487,1340.5935490317179,13.95556752758532,-18.309116656428166,2.973553631516619e-19
1787278807.9811468,resting,fast,1787278739.9715214,-245.51299490657448,-187.82485674197585,1345.1272429662158,14.086864255647132,-18.413474617993074,2.9777601929498002e-19
1787278807.9926727,resting,fast,1787278739.9715214,-247.6037851583692,-188.44090396580725,1347.2034498413914,14.133067797434453,-18.570283886877462,2.979596379053786e-19
1787278808.003827,resting,fast,1787278739.9715214,-248.0550429046557,-187.8945676929635,1350.5244460447893,14.092092576970959,-18.60412821784906,2.9830834859783983e-19
1787278808.0144436,resting,fast,1787278739.9715214,-246.96770513212732,-186.3995305995744,1345.5815107574044,13.97996479496705,-18.52257788490941,2.9796585113694796e-19
1787278808.025995,resting,fast,1787278739.9715214,-244.31815450183558,-185.99436295185512,1344.937865648356,13.949577221388129,-18.323861587637403,2.9810128695246746e-19
1787278808.03724,resting,fast,1787278739.9715214,-243.92795189457092,-185.9735047038697,1343.2762405485037,13.948012852788796,-18.29459639209253,2.9787106917250615e-19
1787278808.047905,resting,fast,1787278739.9715214,-244.62280883433186,-186.57181572228035,1346.9309611277795,13.992886179169876,-18.346710662574715,2.9780826048824285e-19
1787278808.0592237,resting,fast,1787278739.9715214,-246.00532989815156,-185.55931180829145,1347.6652242013852,13.916948385620703,-18.45039974236103,2.9770263296461225e-19
1787278808.07033,resting,fast,1787278739.9715214,-246.12220405986363,-185.9527285801547,1346.9583882049074,13.946454643510481,-18.459165304489595,2.975987721060688e-19
1787278808.0808954,resting,fast,1787278739.9715214,-245.05705036180234,-185.31757897225532,1341.2922322454424,13.89881842291783,-18.37927877713475,2.971049909195481e-19
1787278808.0922778,resting,fast,1787278739.9715214,-246.61895037061322,-186.22370492006496,1343.9303934168938,13.966777869003938,-18.496421277795925,2.972131895219328e-19
1787278808.1036243,resting,fast,1787278739.9715214,-246.41643961934324,-186.5965488414996,1344.886825716164,13.994741163111375,-18.48123297145058,2.973975643173722e-19
1787278808.1142771,resting,fast,1787278739.9715214,-248.13580989647699,-187.3994789824236,1347.7626206724426,14.054960923680529,-18.610185742235508,2.9765948349642483e-19
1787278808.1257868,resting,fast,1787278739.9715214,-246.6421259760623,-187.6638272162039,1342.346561913836,14.074787041214112,-18.498159448204675,2.970436571303329e-19
1787278808.1371942,resting,fast,1787278739.9715214,-246.24160219853138,-187.04221022054446,1342.391171310198,14.028165766540003,-18.468120164889797,2.9674502636959198e-19
1787278808.147569,resting,fast,1787278739.9715214,-244.72445429738173,-186.68497990688013,1342.5104978309528,14.001373493014828,-18.35433407230338,2.970149104315068e-19
1787278808.1587956,resting,fast,1787278739.9715214,-245.25522922531536,-185.98501926154665,1349.9231772489175,13.948876444614928,-18.394142191898652,2.976815896770359e-19
1787278808.1699667,resting,fast,1787278739.9715214,-244.93042706460392,-186.37149169825204,1351.6563351225077,13.97786187736789,-18.36978202984514,2.9832342602640814e-19
1787278808.180935,resting,fast,1787278739.9715214,-244.90835504965116,-187.1312136320097,1349.8368541451227,14.034841022399338,-18.368126628723644,2.978400614910664e-19
1787278808.1924481,resting,fast,1787278739.9715214,-244.87845621108636,-187.49865559591638,1346.2405152307138,14.0623991696927,-18.365884215831542,2.9791310623892064e-19
1787278808.2035935,resting,fast,1787278739.9715214,-246.07578815845272,-187.74823097892533,1345.986810032292,14.081117323418528,-18.455684111883762,2.9731453218566764e-19
1787278808.2145061,resting,fast,1787278739.9715214,-246.45894153139716,-187.39416785818173,1347.9935580984193,14.054562589362565,-18.484420614854507,2.9752384810965695e-19
1787278808.2257826,resting,fast,1787278739.9715214,-247.2412348511375,-188.06863328008137,1348.6513334899182,14.105147496004935,-18.543092613835213,2.9751367269111243e-19
1787278808.237017,resting,fast,1787278739.9715214,-246.5768098299336,-186.92041522412944,1347.8619488005234,14.01903114180853,-18.493260737244803,2.9773017343914154e-19
1787278808.247547,resting,fast,1787278739.9715214,-246.56210391997365,-187.23587437985032,1349.1582577235995,14.04269057848754,-18.492157793997897,2.976302609869372e-19
1787278808.2590055,resting,fast,1787278739.9715214,-244.65190547853808,-187.2990371890188,1342.2092447472214,14.047427789175192,-18.34889291089023,2.9707169653512997e-19
1787278808.2700813,resting,fast,1787278739.9715214,-244.86428118781942,-187.8979932711312,1341.2672186446935,14.092349495333625,-18.364821089086256,2.9719622653299733e-19
1787278808.2808127,resting,fast,1787278739.9715214,-245.21175013335278,-187.23274074343328,1344.40597221595,14.042455555756423,-18.39088126000147,2.9773541935482416e-19
1787278808.2922764,resting,fast,1787278739.9715214,-246.108931247099,-186.74423195321503,1349.308893964172,14.005817396489906,-18.458169843532623,2.9797070590951736e-19
1787278808.3033462,resting,fast,1787278739.9715214,-246.67836617443345,-187.02143457096997,1352.9457191292759,14.026607592821836,-18.50087746308209,2.9805601597263613e-19
1787278808.3141592,resting,fast,1787278739.9715214,-245.70961295775078,-185.69134259228497,1345.563012983258,13.926850694420015,-18.428220971831173,2.976132766125207e-19
1787278808.3257017,resting,fast,1787278739.9715214,-245.59376220762488,-184.50650343494988,1340.7982808814022,13.837987757620116,-18.41953216557164,2.975241252860926e-19
1787278808.3368022,resting,fast,1787278739.9715214,-245.19069546645778,-185.34157370982678,1338.8567162388454,13.900618028235701,-18.38930215998414,2.974766794388094e-19
1787278808.3476899,resting,fast,1787278739.9715214,-247.46693265914791,-187.544216941542,1345.7625746322456,14.065816270614338,-18.56001994943589,2.977440267432776e-19
1787278808.3590033,resting,fast,1787278739.9715214,-248.32291462734202,-188.97286684102062,1356.3229032444842,14.17296501307543,-18.624218597050415,2.9835231792201834e-19
1787278808.370003,resting,fast,1787278739.9715214,-247.95701804109422,-187.58637541997416,1353.9510207014855,14.068978156496929,-18.596776353082,2.980761243651423e-19
1787278808.3809192,resting,fast,1787278739.9715214,-246.62549187083596,-187.01987558476196,1351.4194745377945,14.02649066885606,-18.496911890312596,2.9816370959594445e-19
1787278808.391999,resting,fast,1787278739.9715214,-245.28276598964248,-185.23500082540147,1343.8002116620855,13.892625061903875,-18.396207449223112,2.9728456982960064e-19
1787278808.403042,resting,fast,1787278739.9715214,-244.33382873966139,-185.4970127944979,1341.841148616034,13.912275959586314,-18.32503715547464,2.969172555692927e-19
1787278808.4142985,resting,fast,1787278739.9715214,-243.96584326231778,-185.3400002994607,1341.6933394178186,13.900500022458647,-18.2974382446735,2.970068214266328e-19
1787278808.4254663,resting,fast,1787278739.9715214,-244.28486282146923,-186.9951300372478,1342.8398911646136,14.024634752792284,-18.321364711610116,2.974648602343964e-19
1787278808.4365585,resting,fast,1787278739.9715214,-244.6057143981884,-187.3679098747706,1343.8820408830243,14.052593240606786,-18.34542857986399,2.9783168213049066e-19
1787278808.4476237,resting,fast,1787278739.9715214,-245.6938697597502,-186.64705794484428,1343.3351414180079,13.998529345862298,-18.42704023198128,2.974669418708832e-19
1787278808.4586852,resting,fast,1787278739.9715214,-245.2212237452245,-185.32748848732933,1341.6494488189755,13.899561636548558,-18.39159178089202,2.970065789222157e-19
1787278808.4697638,resting,fast,1787278739.9715214,-245.68155793001597,-184.8037178725673,1342.145364966279,13.86027884044147,-18.426116844751093,2.972507329977203e-19
1787278808.4808795,resting,fast,1787278739.9715214,-244.67086129022073,-184.78440898690098,1340.8897956836345,13.858830674016392,-18.35031459676646,2.9738905076367306e-19
1787278808.4919376,resting,fast,1787278739.9715214,-246.11520602337578,-188.08367492231184,1346.392299548129,14.10627561917217,-18.45864045175319,2.982416839601535e-19
1787278808.5030744,resting,fast,1787278739.9715214,-246.37215496787985,-188.39440555223348,1350.8223624043649,14.129580416416463,-18.477911622590746,2.9849840961140165e-19
1787278808.5140514,resting,fast,1787278739.9715214,-245.46119923223932,-188.7760782838444,1349.1696182679634,14.158205871287382,-18.409589942417924,2.983612663674264e-19
1787278808.5253444,resting,fast,1787278739.9715214,-244.6191747757398,-186.78239882881132,1344.5461986508608,14.008679912159682,-18.346438108180344,2.978217396931163e-19
1787278808.5364704,resting,fast,1787278739.9715214,-245.43117009625757,-187.36785094597747,1341.9489503870254,14.052588820947168,-18.40733775721891,2.9753704252163715e-19
1787278808.5475876,resting,fast,1787278739.9715214,-246.0974193542711,-185.86820633890204,1344.5925622564837,13.940115475416594,-18.457306451570304,2.9705265783994125e-19
1787278808.5586865,resting,fast,1787278739.9715214,-246.088076480582,-185.3788307763167,1348.284680934309,13.903412308222318,-18.456605736043407,2.974731410807464e-19
1787278808.5697284,resting,fast,1787278739.9715214,-245.825355916249,-185.8898036244267,1347.5772494750008,13.941735271830812,-18.436901693718426,2.976507583986975e-19
1787278808.5807586,resting,fast,1787278739.9715214,-246.60386230505583,-189.0527330702888,1344.8747367160931,14.178954980270621,-18.495289672879053,2.9787570985538706e-19
1787278808.59186,resting,fast,1787278739.9715214,-247.15066637195787,-188.12502061916769,1344.8394226600476,14.10937654643644,-18.536299977896604,2.9785439468241383e-19
1787278808.6030095,resting,fast,1787278739.9715214,-246.61550482003395,-186.8035118114734,1347.133611617738,14.010263385859307,-18.496162861502285,2.9775883089720914e-19
1787278808.614084,resting,fast,1787278739.9715214,-246.90277340371767,-185.42018308655895,1352.7330019803203,13.906513731490936,-18.517708005278692,2.981003701819729e-19
1787278808.6251454,resting,fast,1787278739.9715214,-246.9492806053845,-185.98077362116248,1354.217126271259,13.948558021586042,-18.521196045403812,2.9804640364028885e-19
1787278808.6363187,resting,fast,1787278739.9715214,-246.81746160586272,-186.53446308440073,1352.457016825786,13.990084731328924,-18.511309620439746,2.9768243708504815e-19
1787278808.647309,resting,fast,1787278739.9715214,-247.03714523635927,-187.11581204162906,1351.511970124343,14.033685903120858,-18.52778589272686,2.980856259386987e-19
1787278808.6584606,resting,fast,1787278739.9715214,-245.85069780515687,-186.8540035424486,1345.5057123976048,14.014050265682418,-18.43880233538639,2.9753241897725707e-19
1787278808.669485,resting,fast,1787278739.9715214,-245.5236897377804,-186.7590640471086,1341.111158242068,14.006929803531722,-18.414276730333427,2.975478050463551e-19
1787278808.6806998,resting,fast,1787278739.9715214,-245.01681658202006,-187.0206186087902,1336.9169013959227,14.026546395657906,-18.37626124365145,2.97183657350668e-19
1787278808.6917882,resting,fast,1787278739.9715214,-245.11368505791006,-187.36409999308296,1343.6603563119888,14.05230749948004,-18.383526379343046,2.9790485995223085e-19
1787278808.7029724,resting,fast,1787278739.9715214,-245.82665470661368,-187.25562531582466,1348.3352715717456,14.044171898685736,-18.436999102996012,2.979842317225547e-19
1787278808.713881,resting,fast,1787278739.9715214,-246.45267686661782,-187.1669073435438,1352.407441590166,14.037518050764692,-18.483950764995882,2.9826980325435643e-19
1787278808.7250648,resting,fast,1787278739.9715214,-247.68254149285758,-186.04984032483378,1349.9952974753278,13.953738024361261,-18.576190611964144,2.9804789323147435e-19
1787278808.7362292,resting,fast,1787278739.9715214,-247.9720053786209,-187.6087009929057,1350.0955813449536,14.070652574466894,-18.59790040339658,2.9841107125136017e-19
1787278808.747274,resting,fast,1787278739.9715214,-247.28999158517354,-187.8242567598394,1350.2659442485246,14.086819256986832,-18.546749368887873,2.9834279048502008e-19
1787278808.7581882,resting,fast,1787278739.9715214,-246.01352199415442,-189.60989063656427,1347.0916751868035,14.220741797741201,-18.451014149561573,2.977718682891319e-19
1787278808.7694726,resting,fast,1787278739.9715214,-246.70570813143468,-187.52766908196884,1350.3854644035464,14.064575181146626,-18.502928109857486,2.9787231825090646e-19
1787278808.780564,resting,fast,1787278739.9715214,-246.87300617541177,-187.43842094012723,1348.3662587218596,14.057881570508588,-18.515475463155887,2.9755948885413746e-19
1787278808.7916129,resting,fast,1787278739.9715214,-246.71283201861797,-187.66808346563027,1345.680342615994,14.07510625992116,-18.50346240139615,2.977559821012356e-19
1787278808.8027475,resting,fast,1787278739.9715214,-245.964047442028,-189.04595911733247,1345.3367603112429,14.17844693379887,-18.44730355815198,2.9767704023487424e-19
1787278808.8138855,resting,fast,1787278739.9715214,-245.47812387739896,-188.42901825410434,1343.107530588849,14.132176369056754,-18.410859290804517,2.972836682929629e-19
1787278808.824946,resting,fast,1787278739.9715214,-246.46970449251648,-187.34928635507197,1348.7700115035323,14.051196476629261,-18.48522783693874,2.977156622139555e-19
1787278808.8361468,resting,fast,1787278739.9715214,-247.02073266791785,-185.88648945701345,1347.399548488388,13.941486709274944,-18.52655495009362,2.9770882933622477e-19
1787278808.847118,resting,fast,1787278739.9715214,-246.99808906016779,-185.9212475716164,1349.190285676449,13.944093567870045,-18.52485667951249,2.9785984188681346e-19
1787278808.8585095,resting,fast,1787278739.9715214,-246.68587583585077,-186.69679913653488,1347.8384606209502,14.002259935239099,-18.5014406876885,2.978088552567827e-19
1787278808.8693917,resting,fast,1787278739.9715214,-246.34888189392723,-186.62853938492083,1348.554358989356,13.997140453867903,-18.476166142044335,2.9787334140587347e-19
1787278808.880475,resting,fast,1787278739.9715214,-246.32379223300768,-186.24420303839554,1347.6766661466818,13.968315227878552,-18.47428441747548,2.978734686667116e-19
1787278808.891533,resting,fast,1787278739.9715214,-246.4888652428558,-185.97325420834966,1345.0059344409447,13.947994065625284,-18.48666489321384,2.977408035305943e-19
1787278808.9027758,resting,fast,1787278739.9715214,-246.63129576121764,-188.14201233205824,1344.778405856784,14.110650924903315,-18.49734718209119,2.9769435526402886e-19
1787278808.9137802,resting,fast,1787278739.9715214,-247.0246310047628,-188.95230228058142,1348.979325432957,14.171422671042354,-18.526847325357124,2.9813696407187917e-19
1787278808.924901,resting,fast,1787278739.9715214,-246.71958446390772,-187.3117674307615,1351.4928662951943,14.048382557306258,-18.50396883479292,2.9800757469744545e-19
1787278808.935869,resting,fast,1787278739.9715214,-246.07077609277303,-185.13472228233593,1349.174329381388,13.885104171173854,-18.455308206957802,2.9768565683264204e-19
1787278808.9466932,resting,fast,1787278739.9715214,-246.07267712014755,-185.16199027110872,1347.2507447666403,13.887149270332063,-18.455450784010836,2.9759097720564904e-19
1787278808.957926,resting,fast,1787278739.9715214,-245.81289168962167,-186.44284644330867,1345.7945168302713,13.983213483247088,-18.435966876721494,2.9753189577749904e-19
1787278808.96934,resting,fast,1787278739.9715214,-244.89136812612514,-186.9708628612069,1343.7988046349901,14.02281471458922,-18.366852609459258,2.9740215778848755e-19
1787278808.9804072,resting,fast,1787278739.9715214,-245.07884672602677,-187.1855565933298,1344.4849562159789,14.038916744498653,-18.380913504451904,2.9717679193534097e-19
1787278808.991558,resting,fast,1787278739.9715214,-245.78033765144983,-187.82570072338774,1345.3996329983538,14.086927554253013,-18.433525323858483,2.976176223563021e-19
1787278809.0027018,resting,fast,1787278739.9715214,-246.6869072224631,-188.15192524956717,1346.7097284405763,14.111394393716129,-18.501518041684548,2.9773122507479427e-19
1787278809.0136774,resting,fast,1787278739.9715214,-247.27088974612843,-188.13187965471423,1349.4503852463104,14.109890974102388,-18.54531673095954,2.9840768718133764e-19
1787278809.0247872,resting,fast,1787278739.9715214,-247.40065422707767,-187.64241311842045,1353.4928185615381,14.073180983880366,-18.555049067030616,2.9835398966463736e-19
1787278809.0359087,resting,fast,1787278739.9715214,-248.6569771158497,-188.11485797087778,1356.6458325601861,14.108614347814399,-18.6492732836886,2.9879304450694067e-19
1787278809.0467467,resting,fast,1787278739.9715214,-248.42692432771173,-187.15057702934826,1353.0913830886138,14.036293277199878,-18.632019324578366,2.9841717447070074e-19
1787278809.0580382,resting,fast,1787278739.9715214,-246.84306366302962,-186.4846928206324,1344.792668329722,13.986351961546394,-18.513229774727137,2.978115037378358e-19
1787278809.0691528,resting,fast,1787278739.9715214,-245.82513531192353,-185.2368693766865,1343.7331771188774,13.892765203250466,-18.436885148394182,2.974944924073597e-19
1787278809.0802107,resting,fast,1787278739.9715214,-244.40747297597727,-185.0130328901986,1342.2575704424044,13.87597746676386,-18.330560473198346,2.972143794471598e-19
1787278809.0913627,resting,fast,1787278739.9715214,-245.4736618751781,-185.6579643895535,1348.0175105684493,13.924347329215184,-18.410524640638315,2.9787460870806617e-19
1787278809.1025202,resting,fast,1787278739.9715214,-245.84839788495583,-186.43634006965533,1347.8402532590017,13.982725505223105,-18.438629841371586,2.9797258653293934e-19
1787278809.1134923,resting,fast,1787278739.9715214,-247.65360388544696,-187.90230622807815,1350.2497995105214,14.092672967104537,-18.574020291408345,2.9824913330593705e-19
1787278809.1245296,resting,fast,1787278739.9715214,-249.109410618948,-188.4573484201302,1353.9555647691332,14.134301131508412,-18.683205796420964,2.984510180647857e-19
1787278809.1357985,resting,fast,1787278739.9715214,-248.9038389552984,-189.10777292617047,1355.0248401523922,14.183082969461598,-18.667787921647268,2.984605508347156e-19
1787278809.146765,resting,fast,1787278739.9715214,-247.82161778957789,-187.8135322120885,1355.4476130783032,14.086014915905597,-18.586621334218236,2.984242363899802e-19
1787278809.1578827,resting,fast,1787278739.9715214,-246.75369587861087,-186.74756465778398,1352.5570374330518,14.006067349332657,-18.50652719089571,2.978592939005911e-19
1787278809.16906,resting,fast,1787278739.9715214,-247.26422889975174,-186.12740163142064,1352.2552385050503,13.959555122355372,-18.544817167481376,2.9794388353177618e-19
1787278809.180016,resting,fast,1787278739.9715214,-247.99405443335627,-187.13929629659776,1351.424481756284,14.035447222243764,-18.599554082501456,2.979712048252985e-19
1787278809.1911442,resting,fast,1787278739.9715214,-247.31147748243484,-187.1447782830511,1348.0273323924112,14.035858371227736,-18.54836081118235,2.9798689445957433e-19
1787278809.2023685,resting,fast,1787278739.9715214,-246.0777588895403,-186.46246887496716,1347.2232359082836,13.984685165621261,-18.455831916715155,2.978753173885373e-19
1787278809.2134428,resting,fast,1787278739.9715214,-245.87688669575846,-186.70618156429407,1347.2481982490272,14.002963617320848,-18.44076650218163,2.9811661373661795e-19
1787278809.2246478,resting,fast,1787278739.9715214,-246.22546903543525,-187.18555982758528,1348.4178475728067,14.038916987067967,-18.466910177657248,2.981265499760564e-19
1787278809.2357547,resting,fast,1787278739.9715214,-246.3886184325006,-186.89976112512397,1345.0133402296915,14.017482084383207,-18.4791463824374,2.9774319057769534e-19
1787278809.2467754,resting,fast,1787278739.9715214,-245.9831866782647,-187.24759869043953,1343.0596209512214,14.043569901781783,-18.448739000869622,2.9729246544359883e-19
1787278809.2578635,resting,fast,1787278739.9715214,-246.41817508959275,-188.88913291466213,1341.3212560069633,14.166684968598634,-18.481363131719448,2.9747123807797454e-19
1787278809.269089,resting,fast,1787278739.9715214,-246.5945507607671,-189.83475921298793,1340.9134679771987,14.237606940972857,-18.494591307057462,2.975618934988015e-19
1787278809.2800236,resting,fast,1787278739.9715214,-246.15412054384478,-187.65902859328946,1341.4804842339663,14.074427144495505,-18.461559040788195,2.9766723822453495e-19
1787278809.2911255,resting,fast,1787278739.9715214,-246.40459104857973,-187.2345802489591,1342.7203648414243,14.042593518670802,-18.480344328643476,2.9732397324117017e-19
1787278809.302273,resting,fast,1787278739.9715214,-246.38402060874841,-186.87474971196332,1346.0709265596533,14.015606228396397,-18.478801545655898,2.9753178545134693e-19
1787278809.3132951,resting,fast,1787278739.9715214,-247.51109445757857,-188.7666531769861,1348.9328431322074,14.157498988272668,-18.56333208431819,2.9793692871346515e-19
1787278809.3244123,resting,fast,1787278739.9715214,-246.76171341686359,-186.52735239923697,1349.2877414491604,13.98955142994146,-18.507128506264515,2.9786895151384186e-19
1787278809.3357065,resting,fast,1787278739.9715214,-246.37910524429617,-186.11468289416473,1348.124734406635,13.95860121706129,-18.478432893322065,2.977659094187724e-19
1787278809.3466368,resting,fast,1787278739.9715214,-245.4151646527539,-184.32390192047558,1346.5593480595098,13.824292644034617,-18.406137348956378,2.975175649100222e-19
1787278809.357748,resting,fast,1787278739.9715214,-245.79239743290282,-185.62255254051468,1350.2465119342278,13.921691440537291,-18.43442980746773,2.9798510189390954e-19
1787278809.3688812,resting,fast,1787278739.9715214,-245.91791493629853,-185.6523754519991,1353.9574324777232,13.92392815889875,-18.443843620222232,2.9836982454408014e-19
1787278809.3798165,resting,fast,1787278739.9715214,-245.80270611345213,-186.39754684668685,1355.2242466629987,13.979816013500415,-18.435202958508818,2.984788047817753e-19
1787278809.3910563,resting,fast,1787278739.9715214,-245.0300970538351,-185.90152181016185,1348.9715243561996,13.942614135761193,-18.37725727903738,2.9824806542930036e-19
1787278809.4022946,resting,fast,1787278739.9715214,-245.09371486985356,-187.5981820836829,1342.6321710215552,14.06986365627505,-18.382028615238895,2.977166402806817e-19
1787278809.4132378,resting,fast,1787278739.9715214,-245.05278054399923,-187.31216792329258,1341.8215141719074,14.048412594245907,-18.378958540799836,2.9746755352865133e-19
1787278809.4243321,resting,fast,1787278739.9715214,-246.28793996236664,-188.63733514956596,1347.8333154237089,14.147800136216379,-18.471595497177432,2.9775430330849523e-19
1787278809.4355493,resting,fast,1787278739.9715214,-246.69626022793227,-187.80861753563306,1354.1248488223328,14.085646315171363,-18.502219517094545,2.9812171380184004e-19
1787278809.4466045,resting,fast,1787278739.9715214,-247.07091987917875,-189.20702483889374,1351.7095346030392,14.190526862916048,-18.530318990938298,2.980159007043152e-19
1787278809.4576573,resting,fast,1787278739.9715214,-246.61767076152546,-188.36873370707247,1348.6157242997842,14.127655028029114,-18.49632530711426,2.9779732816707044e-19
1787278809.4688363,resting,fast,1787278739.9715214,-245.18887303539896,-188.46102456498454,1342.3247692816267,14.134576842372812,-18.389165477654785,2.974239908559838e-19
1787278809.4798217,resting,fast,1787278739.9715214,-245.01298749126954,-187.5773374110787,1343.359942925129,14.068300305829883,-18.37597406184507,2.9769903742425205e-19
1787278809.4909577,resting,fast,1787278739.9715214,-244.8506840279938,-189.72898045614795,1341.6751689051207,14.22967353421021,-18.36380130209924,2.9750961194446245e-19
1787278809.5045996,resting,fast,1787278739.9715214,-246.36133661827853,-189.41363778324705,1344.37689185225,14.20602283374247,-18.477100246370448,2.976903075577111e-19
1787278809.5131888,resting,fast,1787278739.9715214,-245.31976475561487,-189.03666966419507,1343.4187768111797,14.177750224813611,-18.398982356671198,2.975610691185402e-19
1787278809.5243466,resting,fast,1787278739.9715214,-245.05388039535273,-186.39096052103025,1345.4070652300334,13.979322039076141,-18.37904102965124,2.9770821555648936e-19
1787278809.538315,resting,fast,1787278739.9715214,-243.59247575589825,-185.7884271074612,1342.7213233632965,13.934132033058564,-18.269435681692244,2.9789958070998703e-19
1787278809.5462406,resting,fast,1787278739.9715214,-244.2905686554118,-186.62914462318588,1341.8762126225802,13.997185846737697,-18.32179264915559,2.9783307266097374e-19
1787278809.5575962,resting,fast,1787278739.9715214,-244.53314908460789,-188.83710897196477,1341.7839292682502,14.162783172896173,-18.339986181345495,2.9762599191580687e-19
1787278809.57097,resting,fast,1787278739.9715214,-246.0419486562255,-189.7662421988333,1347.0350569776647,14.232468164911428,-18.453146149216742,2.9768237871603185e-19
1787278809.5798266,resting,fast,1787278739.9715214,-245.19186845948343,-189.05785327825004,1341.8471322527175,14.1793389958675,-18.389390134461024,2.971151362931483e-19
1787278809.5906074,resting,fast,1787278739.9715214,-244.18410161912698,-186.65915043090297,1337.5708832314858,13.999436282316555,-18.313807621434137,2.9709558198658584e-19
1787278809.6035783,resting,fast,1787278739.9715214,-243.92036960441283,-186.62383406154242,1335.7166928155648,13.996787554614347,-18.294027720330845,2.9716060407948584e-19
1787278809.6129782,resting,fast,1787278739.9715214,-244.53691640293664,-187.17026722318076,1337.2862776590637,14.037770041737293,-18.34026873022013,2.9747872108317697e-19
1787278809.6243114,resting,fast,1787278739.9715214,-246.21344986284794,-187.7332557154806,1340.5166077530312,14.079994178659835,-18.466008739713544,2.978026042427116e-19
1787278809.637149,resting,fast,1787278739.9715214,-246.58732030210058,-188.37933374249099,1342.1478685977972,14.128450030685716,-18.494049022657265,2.9784907128101613e-19
1787278809.6463351,resting,fast,1787278739.9715214,-247.0754476391171,-187.52998296420117,1342.3444192183879,14.064748722314082,-18.530658572933604,2.979189739131864e-19
1787278809.6573682,resting,fast,1787278739.9715214,-245.65237697755902,-186.70764864715113,1341.8671131647234,14.003073648535281,-18.423928273316804,2.979898690949838e-19
1787278809.6697679,resting,fast,1787278739.9715214,-246.11313616093184,-186.12475530464087,1338.890901564847,13.959356647846878,-18.458485212069675,2.9764329426474178e-19
1787278809.679747,resting,fast,1787278739.9715214,-246.53467355868406,-186.18626384453444,1344.4526167062313,13.96396978833899,-18.49010051690098,2.9791963516386053e-19
1787278809.6908937,resting,fast,1787278739.9715214,-246.59869175258018,-186.65458157070054,1342.510526676423,13.999093617801368,-18.49490188144346,2.9734199761068366e-19
1787278809.703422,resting,fast,1787278739.9715214,-245.14190179520438,-185.91894960259322,1342.6312154266388,13.943921220193221,-18.38564263464012,2.97207995252574e-19
1787278809.7129664,resting,fast,1787278739.9715214,-244.62386023884892,-185.70655293523794,1340.528213714887,13.927991470141695,-18.346789517913777,2.971055113271364e-19
1787278809.724105,resting,fast,1787278739.9715214,-244.9245260170669,-184.92843667309478,1343.2958697368658,13.869632750480793,-18.369339451280105,2.974976996309836e-19
1787278809.7375019,resting,fast,1787278739.9715214,-245.23471850476972,-185.19833691754172,1346.0587118907451,13.88987526881451,-18.392603887857412,2.9796940448645487e-19
1787278809.7462752,resting,fast,1787278739.9715214,-245.51858160633083,-185.88928788030773,1348.4715759304663,13.941696591021898,-18.41389362047463,2.9813392642036295e-19
1787278809.7573159,resting,fast,1787278739.9715214,-245.88797952335108,-187.4539848599992,1353.2407189038813,14.059048864498795,-18.441598464251236,2.9855583272284026e-19
1787278809.7702606,resting,fast,1787278739.9715214,-245.5382368695923,-187.37544226178773,1351.607932939115,14.053158169632756,-18.415367765219038,2.9837932232063175e-19
1787278809.7796397,resting,fast,1787278739.9715214,-245.20958380905313,-186.11415454657265,1347.0079195220196,13.958561590991838,-18.3907187856789,2.980396528076976e-19
1787278809.7907357,resting,fast,1787278739.9715214,-246.1704421468071,-186.43316265827468,1344.9456545185194,13.982487199369306,-18.462783161010208,2.9788765104508176e-19
1787278809.803161,resting,fast,1787278739.9715214,-247.80357427281388,-187.10623959421935,1346.6679150112186,14.032967969565295,-18.585268070460742,2.978638875611933e-19
1787278809.8129478,resting,fast,1787278739.9715214,-246.2729039581459,-187.2820430408725,1342.95544823609,14.046153228064444,-18.47046779686056,2.9761754350823077e-19
1787278809.8240178,resting,fast,1787278739.9715214,-244.97902056621615,-186.37643740037913,1338.4402068035715,13.978232805027378,-18.373426542466007,2.9731646479730646e-19
1787278809.836098,resting,fast,1787278739.9715214,-244.78432787553947,-186.23525047108444,1338.4986543037821,13.967643785330356,-18.358824590665193,2.974469092224671e-19
1787278809.8460083,resting,fast,1787278739.9715214,-245.9593566766448,-186.6642506409604,1343.4825840175045,13.999818798070951,-18.446951750748156,2.9773907663725087e-19
1787278809.857298,resting,fast,1787278739.9715214,-246.3203138749227,-186.99517334499308,1346.203266167603,14.024638000873427,-18.474023540619186,2.9782816847439335e-19
1787278809.8694098,resting,fast,1787278739.9715214,-245.4598331777238,-186.00750600239678,1346.002498385621,13.950562950178739,-18.409487488329333,2.975861728091849e-19
1787278809.8795886,resting,fast,1787278739.9715214,-247.19464024225044,-187.1470051547293,1351.230032731074,14.036025386603615,-18.539598018168753,2.984291135671871e-19
1787278809.8906705,resting,fast,1787278739.9715214,-246.94006028618378,-186.96113737053008,1350.0399048654463,14.022085302788827,-18.520504521463785,2.984559145990005e-19
1787278809.9017942,resting,fast,1787278739.9715214,-247.38255456929028,-188.5919212373252,1349.2366936049648,14.144394092798127,-18.55369159269665,2.983230106771766e-19
1787278809.9128108,resting,fast,1787278739.9715214,-245.4023889709938,-188.23834164347147,1344.650310745198,14.117875623259255,-18.40517917282446,2.975367304765565e-19
1787278809.9238744,resting,fast,1787278739.9715214,-245.50645262574517,-188.20397157157106,1343.8449462205654,14.115297867866975,-18.412983946930787,2.9736028324888787e-19
1787278809.935561,resting,fast,1787278739.9715214,-245.41477631662246,-186.56859939558137,1345.476302969576,13.992644954667487,-18.406108223746443,2.9735414521323133e-19
1787278809.946087,resting,fast,1787278739.9715214,-244.96428017462085,-187.11999345904303,1340.0547345022069,14.033999509427037,-18.372321013096474,2.966546641442287e-19
1787278809.9572184,resting,fast,1787278739.9715214,-245.8157736235912,-187.10085916034643,1341.3298629493192,14.032564437024963,-18.43618302176938,2.969591371854525e-19
1787278809.9695418,resting,fast,1787278739.9715214,-244.93577466906436,-187.09754907360718,1337.536073864655,14.03231618051949,-18.370183100179645,2.968524660532526e-19
1787278809.9793925,resting,fast,1787278739.9715214,-245.85672345006833,-185.44644482784918,1344.486297880977,13.90848336208757,-18.439254258755156,2.978407707147509e-19
1787278809.9906235,resting,fast,1787278739.9715214,-245.38280293001708,-186.42241928934334,1346.3600714759605,13.9816814466997,-18.40371021975136,2.9797259427622157e-19
1787278810.0026655,resting,fast,1787278739.9715214,-246.9534002519963,-186.52684888720466,1349.7492270832545,13.989513666539228,-18.52150501889968,2.986694262700315e-19
1787278810.0126762,resting,fast,1787278739.9715214,-246.53368010055829,-187.6577188937614,1346.1470908056754,14.074328917030872,-18.4900260075418,2.98281044212069e-19
1787278810.0237732,resting,fast,1787278739.9715214,-246.1725120325823,-185.90873127257476,1343.5968627756183,13.943154845441828,-18.462938402443463,2.977606982275693e-19
1787278810.0350876,resting,fast,1787278739.9715214,-245.08975720495118,-186.46015089643322,1342.7620650526105,13.98451131723117,-18.381731790371262,2.975405671508422e-19
1787278810.0459893,resting,fast,1787278739.9715214,-244.7735855567039,-185.59790898267636,1343.793721583802,13.919843173699864,-18.358018916752656,2.9757426514791e-19
1787278810.057211,resting,fast,1787278739.9715214,-243.3014088352079,-187.5769093777609,1341.6291119719053,14.068268203330934,-18.247605662640296,2.9776540495794873e-19
1787278810.0682797,resting,fast,1787278739.9715214,-242.48809465803834,-187.9765345593445,1338.5085719483423,14.098240091949311,-18.18660709935262,2.973763388379378e-19
1787278810.079256,resting,fast,1787278739.9715214,-242.52799015001938,-187.7970299261143,1336.4032954510012,14.08477724445736,-18.18959926125109,2.9731403747412996e-19
1787278810.0905128,resting,fast,1787278739.9715214,-243.91367892786593,-186.16659852445912,1335.3217364124348,13.962494889333346,-18.293525919589882,2.972388699585074e-19
1787278810.1016605,resting,fast,1787278739.9715214,-245.0670889619255,-185.67893481594376,1339.3834086806955,13.925920111194575,-18.380031672144128,2.974578476178103e-19
1787278810.112707,resting,fast,1787278739.9715214,-245.6214419390958,-185.53746021266068,1338.685908943401,13.915309515948625,-18.421608145432074,2.9759059313381815e-19
1787278810.1236932,resting,fast,1787278739.9715214,-245.32544946111693,-185.36331665827686,1340.0140905935687,13.90224874936968,-18.399408709583753,2.9736925050358277e-19
1787278810.1347954,resting,fast,1787278739.9715214,-246.080618373579,-185.10704517161537,1341.6805553463646,13.883028387869945,-18.45604637801842,2.9757324657788444e-19
1787278810.1459973,resting,fast,1787278739.9715214,-245.77834007210777,-185.8448636333586,1339.9706935078293,13.938364772500623,-18.43337550540815,2.975290101380845e-19
1787278810.157129,resting,fast,1787278739.9715214,-246.27674686050477,-186.0120392069017,1341.568472959877,13.950902940516418,-18.470756014537955,2.980075549318689e-19
1787278810.168792,resting,fast,1787278739.9715214,-245.2959856997154,-187.27648727629605,1338.4669413550118,14.04573654572076,-18.39719892747827,2.9777294073042613e-19
1787278810.179143,resting,fast,1787278739.9715214,-245.31560972502893,-187.75333492672974,1343.2064171078482,14.081500119503662,-18.398670729377137,2.978171476028151e-19
1787278810.1901731,resting,fast,1787278739.9715214,-244.9198818146574,-188.40152362018864,1343.1638895922688,14.130114271513097,-18.368991136099126,2.975715118157132e-19
1787278810.2018287,resting,fast,1787278739.9715214,-245.05245559919103,-188.21681677671438,1344.3329145270282,14.11626125825234,-18.3789341699392,2.975511213166101e-19
1787278810.2126105,resting,fast,1787278739.9715214,-244.02507384628143,-187.29667841110233,1339.866227999647,14.047250880831616,-18.30188053847108,2.9739144378364043e-19
1787278810.2238038,resting,fast,1787278739.9715214,-245.737576351175,-188.1268749003549,1341.3567053266752,14.10951561752552,-18.430318226338052,2.9785724002135852e-19
1787278810.234799,resting,fast,1787278739.9715214,-244.70660232848377,-186.87376102549513,1336.0156231929623,14.015532076910933,-18.35299517463597,2.973422250920845e-19
1787278810.2457914,resting,fast,1787278739.9715214,-245.82958519702015,-186.52409056563795,1338.933873448389,13.989306792421562,-18.437218889776247,2.972774123629464e-19
1787278810.2568939,resting,fast,1787278739.9715214,-243.28168758290985,-184.75833913181225,1340.4745931152383,13.856875434884817,-18.246126568718175,2.9700468577176326e-19
1787278810.2677765,resting,fast,1787278739.9715214,-244.10333184693673,-184.5885144504283,1344.7317962312509,13.84413858378105,-18.307749888520064,2.9744523798389015e-19
1787278810.2789788,resting,fast,1787278739.9715214,-243.22210912974833,-184.81713734309722,1344.6614765264321,13.861285300731073,-18.24165818473091,2.975906738384264e-19
1787278810.290207,resting,fast,1787278739.9715214,-244.46438112243004,-185.96850161087048,1342.5103589587352,13.947637620813968,-18.33482858418195,2.9761151779429367e-19
1787278810.3014567,resting,fast,1787278739.9715214,-245.34536268581041,-188.19866561593392,1341.8441800488372,14.114899921194041,-18.400902201435784,2.979866391869202e-19
1787278810.312525,resting,fast,1787278739.9715214,-246.17120371550436,-187.79874623627427,1341.5059807132047,14.084905967719653,-18.462840278662533,2.975699010086078e-19
1787278810.3236315,resting,fast,1787278739.9715214,-245.4623015672555,-185.80571902922895,1340.6750183685608,13.935428927191229,-18.409672617544096,2.9706299396942117e-19
1787278810.3346899,resting,fast,1787278739.9715214,-245.9810823552457,-185.03694847254326,1345.1067684873278,13.877771135439662,-18.44858117664306,2.9697464706777437e-19
1787278810.3457565,resting,fast,1787278739.9715214,-245.62996706351032,-184.87958235322242,1344.266614877587,13.865968676490684,-18.422247529763325,2.9708615309885776e-19
1787278810.356868,resting,fast,1787278739.9715214,-246.130344016879,-184.7311666224481,1348.0883872682616,13.85483749668241,-18.459775801265955,2.977380134324085e-19
1787278810.368026,resting,fast,1787278739.9715214,-245.97746337038598,-184.82952153517647,1348.5587753347127,13.862214115137295,-18.44830975277887,2.978620908146508e-19
1787278810.3790343,resting,fast,1787278739.9715214,-247.7209717389237,-187.54624568912766,1350.0600966604443,14.065968426683515,-18.579072880419183,2.9844285541355916e-19
1787278810.390118,resting,fast,1787278739.9715214,-249.02732883831914,-191.2048363613186,1348.9120053579527,14.340362727097588,-18.677049662873742,2.9848918230676705e-19
1787278810.4013708,resting,fast,1787278739.9715214,-246.9987562512183,-189.18317483055682,1343.9191575559898,14.188738112290498,-18.52490671884138,2.9805481641288816e-19
1787278810.4122865,resting,fast,1787278739.9715214,-244.5072047111512,-186.35891312132696,1342.5257715111593,13.976918484098551,-18.338040353336226,2.9750356584537252e-19
1787278810.4233794,resting,fast,1787278739.9715214,-243.26847814731764,-184.92148038163907,1340.1546720646738,13.869111028621706,-18.245135861048823,2.9694505017722594e-19
1787278810.4346886,resting,fast,1787278739.9715214,-243.91388730663448,-185.7025596628922,1341.515980649595,13.927691974715646,-18.293541547997364,2.9688250149834924e-19
1787278810.4457438,resting,fast,1787278739.9715214,-243.81496116819335,-185.99927523810732,1340.1595985878075,13.949945642856935,-18.286122087614345,2.969877307326144e-19
1787278810.4567447,resting,fast,1787278739.9715214,-243.1552648094007,-185.8506579997471,1338.5297583419624,13.938799349979721,-18.236644860705,2.97247190888387e-19
1787278810.4678755,resting,fast,1787278739.9715214,-243.7849832927791,-186.3418419169276,1338.3617913919852,13.975638143768439,-18.28387374695822,2.9744104092503744e-19
1787278810.4788828,resting,fast,1787278739.9715214,-244.5425534559713,-186.53506932260768,1341.0679602045884,13.9901301991943,-18.34069150919764,2.978316564736456e-19
1787278810.4901776,resting,fast,1787278739.9715214,-244.83349090313595,-185.3783742433924,1342.8680725915865,13.903378068253136,-18.362511817735125,2.979651231387828e-19
1787278810.5011187,resting,fast,1787278739.9715214,-243.57879159338745,-184.25238883858435,1340.3903598329025,13.81892916289269,-18.268409369503736,2.9786905103973745e-19
1787278810.5122218,resting,fast,1787278739.9715214,-243.53078351430713,-184.04022162104604,1342.5797993952083,13.803016621577445,-18.26480876357295,2.975137265406799e-19
1787278810.5233717,resting,fast,1787278739.9715214,-243.560818994079,-184.67920238407066,1340.883075596762,13.85094017880417,-18.267061424555934,2.9741789283512797e-19
1787278810.534504,resting,fast,1787278739.9715214,-244.02995563995273,-185.20575204869294,1343.8855444781138,13.890431403650727,-18.302246672996482,2.975261160460793e-19
1787278810.5456874,resting,fast,1787278739.9715214,-243.03757817287124,-185.31844775729712,1339.8164517252526,13.898883581796046,-18.227818362965202,2.9780811284164023e-19
1787278810.5567613,resting,fast,1787278739.9715214,-241.51318305339692,-184.9568686649617,1334.9504753689353,13.87176514987107,-18.113488729004473,2.973100578897928e-19
1787278810.5678718,resting,fast,1787278739.9715214,-241.72029938425067,-184.87991099205067,1334.1782180020318,13.865993324402655,-18.129022453818727,2.9720693687912393e-19
1787278810.5788317,resting,fast,1787278739.9715214,-241.64088507214774,-184.5024218812281,1334.3455492729672,13.837681641090771,-18.123066380410933,2.9702292946103505e-19
1787278810.5900037,resting,fast,1787278739.9715214,-242.84071928872572,-185.37095184842644,1338.576584290634,13.902821388630858,-18.21305394665427,2.9731344450928956e-19
1787278810.6012685,resting,fast,1787278739.9715214,-243.369189720926,-187.30655497897158,1336.547339507183,14.04799162342167,-18.252689229069162,2.97219390408781e-19
1787278810.6121535,resting,fast,1787278739.9715214,-244.73643806420978,-187.86331255632365,1339.943796843102,14.089748441723035,-18.35523285481556,2.9738171242672043e-19
1787278810.6233418,resting,fast,1787278739.9715214,-244.80108599511414,-187.2614950081603,1341.375630610798,14.044612125610914,-18.36008144963354,2.976869082980114e-19
1787278810.6344829,resting,fast,1787278739.9715214,-243.02527546581723,-185.44745960324428,1340.9302366621278,13.908559470242341,-18.226895659936005,2.97691824687631e-19
1787278810.6454837,resting,fast,1787278739.9715214,-243.30576346109092,-185.15039123114104,1338.843623025362,13.886279342334607,-18.24793225958171,2.9746162105428416e-19
1787278810.6566575,resting,fast,1787278739.9715214,-242.55420250426732,-185.81542863497896,1335.9060047652938,13.936157147622286,-18.191565187819947,2.9677830457255854e-19
1787278810.6678872,resting,fast,1787278739.9715214,-244.46147867750324,-186.16923825483366,1336.464168153624,13.962692869111113,-18.3346109008126,2.9671112837145986e-19
1787278810.6788316,resting,fast,1787278739.9715214,-245.1612697611713,-186.2414659393329,1336.8824642847294,13.968109945448706,-18.387095232087475,2.9670401934589263e-19
1787278810.689945,resting,fast,1787278739.9715214,-245.15850114047998,-184.94633619220565,1336.7266341295153,13.870975214414148,-18.386887585535668,2.967734687322595e-19
1787278810.7011309,resting,fast,1787278739.9715214,-244.7312337201006,-185.0269058261648,1337.9416854545516,13.877017936961312,-18.35484252900747,2.97056403568009e-19
1787278810.7120855,resting,fast,1787278739.9715214,-244.3178924290446,-184.6813589412028,1338.479711773075,13.851101920588864,-18.323841932178055,2.974134679963786e-19
1787278810.7232232,resting,fast,1787278739.9715214,-244.77979504855693,-185.41060885373838,1342.3208768044633,13.905795664029203,-18.35848462864155,2.9779651315255465e-19
1787278810.7343533,resting,fast,1787278739.9715214,-244.33704381187226,-186.5540866890541,1340.4831594576217,13.991556501677852,-18.325278285890377,2.9775422863854846e-19
1787278810.7454605,resting,fast,1787278739.9715214,-244.39693656540157,-187.17931414823818,1342.940002405042,14.0384485611166,-18.329770242405118,2.975120010634225e-19
1787278810.7565918,resting,fast,1787278739.9715214,-245.5064936929807,-188.8104754452255,1342.3960013709975,14.160785658390726,-18.412987026973312,2.974286866740097e-19
1787278810.7676864,resting,fast,1787278739.9715214,-246.44341140964707,-188.23139615792036,1344.1531909234172,14.11735471184291,-18.483255855723336,2.976237116534015e-19
1787278810.7788317,resting,fast,1787278739.9715214,-247.1488620362229,-187.74336750547343,1347.1482119391885,14.080752562909343,-18.5361646527166,2.978929596778701e-19
1787278810.7896936,resting,fast,1787278739.9715214,-246.7310701920901,-185.6064767321003,1349.2955974867718,13.920485754906341,-18.504830264406635,2.9811923103961703e-19
1787278810.8011146,resting,fast,1787278739.9715214,-245.9953750463951,-185.1986117540945,1350.3338217445553,13.889895881556075,-18.449653128479447,2.9785581221067474e-19
1787278810.8117774,resting,fast,1787278739.9715214,-245.54978291729685,-186.09789801971363,1348.6774675793195,13.957342351477141,-18.416233718797173,2.9761513909004107e-19
1787278810.8231256,resting,fast,1787278739.9715214,-243.89089104928507,-185.9514977682785,1341.3933389602507,13.94636233261966,-18.291816828696255,2.9723660244825964e-19
1787278810.8342047,resting,fast,1787278739.9715214,-243.15609249428553,-187.22251236886166,1341.5270920286575,14.041688427663647,-18.236706937071233,2.976197003178172e-19
1787278810.845308,resting,fast,1787278739.9715214,-241.7597011359062,-185.65350356163447,1337.8890627602623,13.924012767121301,-18.131977585192836,2.979365713595887e-19
1787278810.8564756,resting,fast,1787278739.9715214,-243.04648609668902,-184.3954593101979,1342.9419553890375,13.829659448263573,-18.228486457251527,2.982765154558687e-19
1787278810.867404,resting,fast,1787278739.9715214,-244.27452806978226,-182.2802921517747,1342.1064016879182,13.67102191138176,-18.320589605233472,2.9823577717383783e-19
1787278810.8786526,resting,fast,1787278739.9715214,-245.59831493558204,-183.21874382480416,1343.2157401379818,13.741405786859179,-18.41987362016826,2.9763119920913555e-19
1787278810.889746,resting,fast,1787278739.9715214,-246.39793216805765,-186.24413888585957,1342.2278078008903,13.96831041643792,-18.479844912604214,2.973702542160453e-19
1787278810.9008622,resting,fast,1787278739.9715214,-245.2894093999471,-187.70817774815475,1337.66223381683,14.078113331110362,-18.396705704995767,2.9690557439681576e-19
1787278810.9119678,resting,fast,1787278739.9715214,-245.53059334016825,-188.9149934795106,1340.3724287713476,14.168624510961966,-18.41479450051242,2.9739709713479402e-19
1787278810.9230137,resting,fast,1787278739.9715214,-244.61166919391644,-188.23733734816426,1338.5682015205412,14.117800301110808,-18.345875189543627,2.9749805809975586e-19
1787278810.9340324,resting,fast,1787278739.9715214,-246.30013948882106,-187.92510678355927,1347.6643507005947,14.094383008765707,-18.47251046166143,2.9830146913939105e-19
1787278810.945198,resting,fast,1787278739.9715214,-247.014723292094,-189.03340112912235,1351.5781321756958,14.177505084682796,-18.52610424690684,2.9896006876978756e-19
1787278810.9562526,resting,fast,1787278739.9715214,-247.695137191889,-189.135723033227,1354.518764753674,14.185179227490682,-18.577135289391613,2.991423100010501e-19
1787278810.967336,resting,fast,1787278739.9715214,-247.61741626850244,-189.8766469264175,1350.3122308529664,14.240748519480011,-18.571306220137508,2.986121327052514e-19
1787278810.9784765,resting,fast,1787278739.9715214,-247.29156602205194,-188.93445929062443,1345.2456242671788,14.170084446795673,-18.546867451653732,2.9833343493681116e-19
1787278810.9896262,resting,fast,1787278739.9715214,-247.57659101350646,-188.7434418100578,1343.977805823578,14.15575813575295,-18.56824432601266,2.9815848793690266e-19
1787278811.0006654,resting,fast,1787278739.9715214,-247.62790678824103,-187.28798298070444,1346.8741593634722,14.0465987235515,-18.57209300911805,2.982794609524789e-19
1787278811.0117612,resting,fast,1787278739.9715214,-247.19119653910047,-187.9544219900539,1347.8476071022187,14.096581649252872,-18.539339740432567,2.977808296890404e-19
1787278811.022726,resting,fast,1787278739.9715214,-248.01620692660117,-188.95429753018664,1354.3985881224025,14.171572314762802,-18.601215519495163,2.9845181536888943e-19
1787278811.0338745,resting,fast,1787278739.9715214,-247.53365386920768,-188.53773192826304,1352.7195643758178,14.140329894618535,-18.565024040190345,2.9836607175855287e-19
1787278811.0449767,resting,fast,1787278739.9715214,-247.44705487869714,-188.23126917345405,1348.2441609935004,14.117345188007935,-18.558529115901777,2.980273723631336e-19
1787278811.0558999,resting,fast,1787278739.9715214,-246.136643674256,-187.60397072362218,1346.8413130634463,14.070297804270542,-18.460248275568986,2.977992623075323e-19
1787278811.06695,resting,fast,1787278739.9715214,-245.87774547880827,-187.7811681827858,1346.62904791028,14.083587613707895,-18.44083091091035,2.9777622402797545e-19
1787278811.0783243,resting,fast,1787278739.9715214,-246.22793841688372,-187.16904599920792,1355.0285871187398,14.037678449939651,-18.46709538126602,2.984356134383111e-19
1787278811.0894518,resting,fast,1787278739.9715214,-245.60860463464223,-185.4216351117194,1347.835654088868,13.90662263337784,-18.420645347598125,2.975139551899321e-19
1787278811.1005266,resting,fast,1787278739.9715214,-246.23614036168465,-185.14363626449665,1347.1020802478552,13.885772719836329,-18.467710527126293,2.9742225272464715e-19
1787278811.1116655,resting,fast,1787278739.9715214,-245.6735816468331,-185.11561850667124,1344.0007138762912,13.883671387999048,-18.425518623512062,2.975241512542053e-19
1787278811.122798,resting,fast,1787278739.9715214,-246.3761534385062,-186.3307126453443,1349.085220351487,13.974803448399786,-18.478211507887607,2.9848358819442055e-19
1787278811.133767,resting,fast,1787278739.9715214,-246.43620022194636,-187.77544199099304,1352.378283516392,14.083158149323427,-18.482715016645763,2.9881490316754816e-19
1787278811.1449392,resting,fast,1787278739.9715214,-246.6215502790851,-187.55619418737058,1348.1623670398394,14.066714564051797,-18.4966162709313,2.983914699418779e-19
1787278811.155927,resting,fast,1787278739.9715214,-247.14914789912154,-187.99307561335797,1349.6403597513226,14.099480671000638,-18.536186092434015,2.981020327655389e-19
1787278811.1670003,resting,fast,1787278739.9715214,-247.70789587445097,-188.81575392345542,1348.3670659638074,14.161181544258017,-18.578092190583796,2.984260341765645e-19
1787278811.178078,resting,fast,1787278739.9715214,-245.7490503081276,-187.93063767132833,1346.1899483833686,14.094797825348426,-18.431178773109423,2.978203033505384e-19
1787278811.189306,resting,fast,1787278739.9715214,-244.6886815854582,-187.00771796883362,1342.633374912787,14.025578847661325,-18.351651118909096,2.9791560029062893e-19
1787278811.2006404,resting,fast,1787278739.9715214,-243.2335346625564,-185.91854159650518,1341.3173703491857,13.94389061973651,-18.2425150996917,2.9749863479045934e-19
1787278811.211452,resting,fast,1787278739.9715214,-244.85337302312246,-186.69641889200932,1346.690748313681,14.002231416899424,-18.364002976734042,2.9826099060001334e-19
1787278811.2225318,resting,fast,1787278739.9715214,-245.43830343557647,-186.5082288408588,1348.774244181971,13.988117163063112,-18.407872757668244,2.9849046180894634e-19
1787278811.2335937,resting,fast,1787278739.9715214,-246.13125345301205,-187.1192300091583,1348.124832683784,14.033942250685516,-18.45984400897573,2.984997349984628e-19
1787278811.2448294,resting,fast,1787278739.9715214,-245.9627582035805,-187.59406057319313,1345.1781466913335,14.06955454298809,-18.447206865268335,2.9827710019177435e-19
1787278811.2588763,resting,fast,1787278739.9715214,-245.68208013131562,-189.14046453205435,1345.7211942622698,14.18553483990296,-18.42615600984852,2.9847042483390494e-19
1787278811.2667494,resting,fast,1787278739.9715214,-245.05606777414096,-189.2803989998223,1344.0785605407518,14.196029924985513,-18.379205083060455,2.9832346270782278e-19
1787278811.2781224,resting,fast,1787278739.9715214,-246.02217981431704,-188.91242652065205,1345.2200976474332,14.168431989047424,-18.4516634860735,2.9866345116470506e-19
1787278811.2921407,resting,fast,1787278739.9715214,-245.85989561321685,-187.69498436961442,1337.8224612841213,14.077123827719891,-18.43949217099103,2.97938272590717e-19
1787278811.3001647,resting,fast,1787278739.9715214,-245.6564162669224,-186.72487540116333,1338.6517968644594,14.004365655086023,-18.42423122001891,2.9797496641829753e-19
1787278811.3115177,resting,fast,1787278739.9715214,-243.75494094256783,-187.73527637588143,1335.7750912634756,14.080145728189795,-18.28162057069249,2.9793945977589553e-19
1787278811.325376,resting,fast,1787278739.9715214,-243.96546637043093,-189.70157829483185,1341.3732607454158,14.227618372111056,-18.297409977782145,2.98365387283218e-19
1787278811.3336954,resting,fast,1787278739.9715214,-242.2432098975637,-188.83139951776627,1334.0568540933482,14.162354963831252,-18.16824074231696,2.974917085936588e-19
1787278811.3445168,resting,fast,1787278739.9715214,-243.73567873133788,-187.14470871767787,1336.2780480278116,14.035853153824707,-18.28017590485033,2.973839241903472e-19
1787278811.3584843,resting,fast,1787278739.9715214,-244.84285280488575,-185.459918906162,1340.7503685593865,13.909493917961104,-18.363213960366295,2.9758695308021568e-19
1787278811.3668973,resting,fast,1787278739.9715214,-245.363733321376,-185.36563689641991,1345.3618474054774,13.902422767230352,-18.40227999910278,2.983383764971258e-19
1787278811.3779905,resting,fast,1787278739.9715214,-244.29215304267245,-185.25496945861607,1343.632408800845,13.894122709395152,-18.32191147820012,2.9833910504279472e-19
1787278811.3923001,resting,fast,1787278739.9715214,-242.96243422194175,-185.35259313579047,1337.990030171789,13.90144448518291,-18.222182566645508,2.980349967860766e-19
1787278811.4004369,resting,fast,1787278739.9715214,-244.61444573530616,-187.5371999078626,1343.7313947477787,14.065289993088417,-18.34608343014792,2.9865743902188783e-19
1787278811.4112864,resting,fast,1787278739.9715214,-245.00412639998694,-188.18996063205952,1345.894408666897,14.1142470474033,-18.37530947999872,2.987405313899742e-19
1787278811.425672,resting,fast,1787278739.9715214,-245.92045157642178,-188.6134608783508,1348.391759193145,14.146009565874994,-18.4440338682315,2.9906201416276195e-19
1787278811.4334245,resting,fast,1787278739.9715214,-244.48436270332104,-186.74097998047398,1344.1668342574967,14.00557349853418,-18.33632720274902,2.9824750077189e-19
1787278811.4446833,resting,fast,1787278739.9715214,-243.67771137083992,-186.55439891218055,1338.61184374813,13.991579918412317,-18.275828352812745,2.976680028833101e-19
1787278811.4584742,resting,fast,1787278739.9715214,-242.82675277185217,-185.7091846913096,1336.5163549870185,13.928188851847143,-18.212006457888954,2.97063705661541e-19
1787278811.4667456,resting,fast,1787278739.9715214,-243.38924869665834,-186.54162073926443,1340.384101993769,13.990621555443955,-18.254193652249405,2.973829000432237e-19
1787278811.4779196,resting,fast,1787278739.9715214,-244.04300314506736,-186.1162040366156,1345.9415906687236,13.958715302745038,-18.303225235879786,2.9775341276474976e-19
1787278811.4923036,resting,fast,1787278739.9715214,-245.2801702742986,-186.73274770935825,1351.3037942761375,14.004956078200937,-18.396012770572305,2.986230806233308e-19
1787278811.4998357,resting,fast,1787278739.9715214,-245.83405905107747,-186.36166805156415,1351.2948679249266,13.977125103866332,-18.43755442883083,2.990068081346652e-19
1787278811.5111604,resting,fast,1787278739.9715214,-245.2244176272893,-187.12817672948256,1351.5343462903575,14.034613254709928,-18.39183132204645,2.989516623804868e-19
1787278811.5245287,resting,fast,1787278739.9715214,-243.8948549967049,-186.94851465743307,1344.102302460603,14.021138599306244,-18.292114124752793,2.98044238989181e-19
1787278811.5333183,resting,fast,1787278739.9715214,-242.99599241322767,-186.41410799821517,1339.692678736049,13.981058099864772,-18.224699430992047,2.97299177766151e-19
1787278811.544454,resting,fast,1787278739.9715214,-242.90089778996617,-185.35486758631134,1335.5516616620125,13.90161506897211,-18.217567334247462,2.9734913009841404e-19
1787278811.5583134,resting,fast,1787278739.9715214,-244.02767299519428,-185.89637147838664,1340.1732595846852,13.942227860877683,-18.302075474639466,2.974947779128303e-19
1787278811.5666847,resting,fast,1787278739.9715214,-243.97221041206512,-185.1845939376268,1336.8852223273889,13.888844545320683,-18.297915780904773,2.976018717838448e-19
1787278811.577863,resting,fast,1787278739.9715214,-244.43280411100704,-185.4747368070192,1339.0484460254675,13.910605260525092,-18.33246030832531,2.974968456183403e-19
1787278811.5921464,resting,fast,1787278739.9715214,-243.04497822646908,-183.5846293030403,1336.2316402324368,13.768847197726476,-18.228373366984982,2.974797345557307e-19
1787278811.5999646,resting,fast,1787278739.9715214,-244.44574863646585,-184.62576717331206,1342.7692920986347,13.84693253799735,-18.333431147734828,2.9805755656481777e-19
1787278811.6110773,resting,fast,1787278739.9715214,-243.74683548477924,-185.43669228712804,1338.9493179055144,13.907751921533507,-18.281012661358346,2.9773088547338356e-19
1787278811.6222818,resting,fast,1787278739.9715214,-243.9305133429948,-185.89747491725655,1337.2439808721274,13.942310618792948,-18.294788500724223,2.9752189004729284e-19
1787278811.6331358,resting,fast,1787278739.9715214,-244.5196908585417,-186.56005689258734,1338.975512347367,13.992004266942988,-18.33897681439049,2.9733704029840563e-19
1787278811.6444833,resting,fast,1787278739.9715214,-244.86464689825652,-186.29929105582607,1342.7172729225995,13.972446829185717,-18.36484851736904,2.977992264110023e-19
1787278811.6555676,resting,fast,1787278739.9715214,-244.11303145430202,-186.39843073859458,1345.3765993903535,13.979882305393236,-18.308477359072448,2.9808920713453257e-19
1787278811.666512,resting,fast,1787278739.9715214,-244.03729485351187,-186.5963675344534,1343.8153876305432,13.994727565082702,-18.302797114013117,2.9767937255711485e-19
1787278811.6777208,resting,fast,1787278739.9715214,-244.6719764152026,-187.06310146787257,1344.576985490522,14.029732610089187,-18.35039823113999,2.97701534364176e-19
1787278811.6888862,resting,fast,1787278739.9715214,-245.7220752972721,-187.66093013437865,1345.0488141878677,14.074569760077157,-18.429155647295175,2.9774420682381527e-19
1787278811.699902,resting,fast,1787278739.9715214,-244.9418585474864,-187.35499259418873,1346.026017787205,14.05162444456288,-18.370639391061367,2.9801641971951127e-19
1787278811.7109604,resting,fast,1787278739.9715214,-243.56434014054457,-186.2868645645334,1342.7329239092605,13.97151484233898,-18.267325510540594,2.9760862353340674e-19
1787278811.722096,resting,fast,1787278739.9715214,-243.20704830305976,-185.27716081494407,1344.1997060412023,13.895787061119666,-18.24052862272933,2.9772991859049285e-19
1787278811.7331834,resting,fast,1787278739.9715214,-244.05409214726978,-185.05697964731473,1342.8383753740864,13.87927347354746,-18.304056911045237,2.9787520403724114e-19
1787278811.7442253,resting,fast,1787278739.9715214,-245.43764882303503,-186.69751741755692,1343.2773403757155,14.002313806315687,-18.407823661727384,2.9811144986642283e-19
1787278811.755372,resting,fast,1787278739.9715214,-245.51683475545315,-187.56661041611744,1341.133514100301,14.06749578120763,-18.413762606658885,2.9776033181879073e-19
1787278811.7664356,resting,fast,1787278739.9715214,-243.42212579085435,-186.95821013888383,1338.4097087657055,14.021865760415114,-18.256659434314066,2.976348856917078e-19
1787278811.7775507,resting,fast,1787278739.9715214,-242.5114343407363,-185.38154822165063,1338.7309710807194,13.903616116622434,-18.18835757555486,2.973997342415728e-19
1787278811.7887106,resting,fast,1787278739.9715214,-243.36800090899078,-185.76155369736978,1341.4585593820602,13.932116527301663,-18.252600068174132,2.977628472173881e-19
1787278811.7997735,resting,fast,1787278739.9715214,-245.31527166630758,-187.2255581238909,1347.803470984626,14.041916859290556,-18.39864537497276,2.980111172539539e-19
1787278811.8107467,resting,fast,1787278739.9715214,-246.3026153977312,-187.44932690515827,1349.357281284273,14.058699517885632,-18.472696154829613,2.983230750355325e-19
1787278811.8220963,resting,fast,1787278739.9715214,-244.55811293738452,-185.51983833501606,1344.3481144875323,13.913987875125077,-18.341858470303585,2.9802800242650136e-19
1787278811.8329265,resting,fast,1787278739.9715214,-244.47597382831327,-183.63846229143758,1342.854743906627,13.77288467185635,-18.335698037123052,2.9777076709073805e-19
1787278811.844037,resting,fast,1787278739.9715214,-243.45210910442393,-183.72096886939687,1338.794006937199,13.779072665203646,-18.258908182831874,2.973919819434836e-19
1787278811.8551853,resting,fast,1787278739.9715214,-244.10633990090582,-185.29457728832847,1336.938316282266,13.897093296623442,-18.30797549256784,2.97117800171682e-19
1787278811.8663492,resting,fast,1787278739.9715214,-243.72232507623676,-186.8404240672702,1335.98212116559,14.013031805044239,-18.279174380717542,2.973397656090141e-19
1787278811.8774452,resting,fast,1787278739.9715214,-243.71516203048532,-186.9955333971751,1339.0519772885846,14.024665004786929,-18.278637152286137,2.9786107065934666e-19
1787278811.888636,resting,fast,1787278739.9715214,-245.59625599501896,-187.52891878566345,1345.170958814403,14.064668908923512,-18.419719199626144,2.9845116428372036e-19
1787278811.899256,resting,fast,1787278739.9715214,-245.95367805994056,-188.08423528847118,1342.3002700460484,14.10631764663427,-18.44652585449527,2.9792903560069915e-19
1787278811.9106095,resting,fast,1787278739.9715214,-247.15951506991541,-188.42051661089533,1344.8743261301815,14.131538745815934,-18.53696363024371,2.9787155351368415e-19
1787278811.924571,resting,fast,1787278739.9715214,-244.2315003764902,-187.65110279147405,1341.908444538928,14.073832709359312,-18.31736252823667,2.9760533897973837e-19
1787278811.9329221,resting,fast,1787278739.9715214,-243.83740316592093,-188.4967418483999,1344.9674638693386,14.137255638628904,-18.28780523744375,2.982298537533956e-19
1787278811.9441152,resting,fast,1787278739.9715214,-242.37788530144235,-187.68917299699626,1338.369818300097,14.07668797477351,-18.178341397608087,2.97697808180818e-19
1787278811.9572172,resting,fast,1787278739.9715214,-242.71782892742294,-187.93808928102328,1336.3656770146126,14.095356696075687,-18.203837169556643,2.974575621321801e-19
1787278811.9662287,resting,fast,1787278739.9715214,-241.02651785627813,-185.09901800556088,1326.0055173379687,13.882426350415717,-18.076988839220732,2.9688033960372017e-19
1787278811.9773295,resting,fast,1787278739.9715214,-242.56674975300348,-186.98300680329965,1332.4252860073493,14.023725510246269,-18.192506231475065,2.9752392876944113e-19
1787278811.991153,resting,fast,1787278739.9715214,-243.9295647157819,-186.6477737334625,1335.7853042637316,13.998583030008337,-18.294717353683474,2.9777251567595965e-19
1787278811.9995084,resting,fast,1787278739.9715214,-245.0232657957299,-188.12348556359086,1341.2943946275473,14.109261417267906,-18.37674493467957,2.9768065998878298e-19
1787278812.0107431,resting,fast,1787278739.9715214,-244.59330921905485,-187.0091986724293,1338.6512536436303,14.025689900431122,-18.344498191428997,2.975526354249566e-19
1787278812.0238707,resting,fast,1787278739.9715214,-244.42182475545587,-186.7634730263934,1338.3116677497665,14.007260476978264,-18.33163685665898,2.976807763042051e-19
1787278812.0328064,resting,fast,1787278739.9715214,-245.19236274643617,-187.3020843847229,1337.8351664017873,14.047656328853154,-18.389427205982628,2.9777547476158006e-19
1787278812.043883,resting,fast,1787278739.9715214,-245.17411515604863,-186.1851000584394,1341.2096436320562,13.963882504381832,-18.388058636703484,2.9763148351280813e-19
1787278812.0575938,resting,fast,1787278739.9715214,-245.1301024237714,-186.9883265034456,1339.4713946572365,14.024124487757422,-18.384757681782737,2.9745287352781303e-19
1787278812.0660744,resting,fast,1787278739.9715214,-244.25277962629434,-185.81074412126384,1342.1544123916783,13.935805809093797,-18.318958471971953,2.9748933804568296e-19
1787278812.0773015,resting,fast,1787278739.9715214,-243.3571483917126,-185.6152252142075,1337.0631042949944,13.921141891064511,-18.25178612937836,2.9736535127383635e-19
1787278812.0917988,resting,fast,1787278739.9715214,-244.02078881242187,-186.48665527493142,1337.918063708893,13.98649914561874,-18.30155916093139,2.977216180362125e-19
1787278812.09919,resting,fast,1787278739.9715214,-244.21862069268764,-187.0129756102309,1338.3080486317003,14.025973170766196,-18.316396551951385,2.978784744813896e-19
1787278812.110543,resting,fast,1787278739.9715214,-245.04090790851433,-188.30985658554357,1342.7788127318445,14.123239243914345,-18.378068093138424,2.9813088843709143e-19
1787278812.1247914,resting,fast,1787278739.9715214,-244.70061186551584,-188.25957155565823,1342.2166429181698,14.119467866673322,-18.35254588991353,2.9773652161296886e-19
1787278812.132646,resting,fast,1787278739.9715214,-245.54446166423577,-189.1224488779709,1342.7871639186296,14.18418366584648,-18.415834624817407,2.9783064614840016e-19
1787278812.1439517,resting,fast,1787278739.9715214,-245.50498460213157,-188.22387122181442,1340.6840431739374,14.116790341634786,-18.412873845159822,2.9771952197961586e-19
1787278812.1573236,resting,fast,1787278739.9715214,-244.45113355798958,-186.37754952853982,1342.281977644935,13.97831621463941,-18.33383501684912,2.977781849001408e-19
1787278812.1656122,resting,fast,1787278739.9715214,-243.89155421205896,-186.32334428659863,1335.7361702198878,13.974250821493602,-18.291866565904257,2.9770794433227446e-19
1787278812.1768343,resting,fast,1787278739.9715214,-244.74213455652125,-188.15411074203632,1338.9822149417478,14.111558305651304,-18.355660091739047,2.980156400093964e-19
1787278812.1901963,resting,fast,1787278739.9715214,-245.13871002245605,-188.15310159718695,1336.2241115546994,14.111482619787584,-18.38540325168401,2.9803905324343254e-19
1787278812.199184,resting,fast,1787278739.9715214,-244.61306524777729,-186.9024754977139,1339.560092168159,14.017685662327413,-18.34597989358322,2.9771289421891003e-19
1787278812.210491,resting,fast,1787278739.9715214,-243.2419904807798,-185.0184328620668,1335.837031170745,13.876382464653961,-18.24314928605847,2.9741371319604314e-19
1787278812.2242677,resting,fast,1787278739.9715214,-243.23067058883998,-185.72450851804376,1339.9836953812055,13.929338138852092,-18.242300294162916,2.978480768087152e-19
1787278812.2324684,resting,fast,1787278739.9715214,-242.2557734924053,-186.18780538517365,1339.0929989462247,13.96408540388666,-18.16918301193033,2.977675629167618e-19
1787278812.2437222,resting,fast,1787278739.9715214,-242.55684217541102,-188.10218892521914,1341.4645122834563,14.107664169390507,-18.191763163155777,2.976961025986752e-19
1787278812.2571647,resting,fast,1787278739.9715214,-241.87767736154865,-188.68100205709823,1336.1964306376549,14.151075154281148,-18.140825802115884,2.9695358379580673e-19
1787278812.265855,resting,fast,1787278739.9715214,-243.07526172639473,-187.31578375033303,1338.3396887062509,14.048683781273812,-18.23064462947967,2.97021948339663e-19
1787278812.2769182,resting,fast,1787278739.9715214,-243.45032765196856,-186.3842207282811,1338.019780810274,13.978816554619815,-18.258774573897377,2.9750154235920113e-19
1787278812.2902012,resting,fast,1787278739.9715214,-244.2543997793532,-186.76246730429023,1342.5763136063897,14.00718504782066,-18.319079983451445,2.979306858289048e-19
1787278812.2993715,resting,fast,1787278739.9715214,-244.24933213131544,-187.96260556962682,1341.261796280828,14.0971954177209,-18.31869990984837,2.9831115526835214e-19
1787278812.3102152,resting,fast,1787278739.9715214,-244.01950622840332,-188.47587461906448,1340.629189479564,14.135690596428848,-18.301462967130085,2.980717009970309e-19
1787278812.322111,resting,fast,1787278739.9715214,-244.27553230875992,-188.89828893682045,1341.0260835829786,14.167371670260355,-18.320664923156812,2.9810453240368435e-19
1787278812.332508,resting,fast,1787278739.9715214,-242.9872607928378,-188.01137277386363,1339.4931628799632,14.10085295803879,-18.22404455946267,2.980481305800171e-19
1787278812.3437862,resting,fast,1787278739.9715214,-242.66547963668336,-186.59380909895333,1341.9669792969935,13.99453568242021,-18.19991097275114,2.982420100197189e-19
1787278812.3551276,resting,fast,1787278739.9715214,-241.59925698823326,-184.54531282214464,1339.0034481464018,13.840898461659595,-18.119944274117465,2.9787187896417033e-19
1787278812.3658552,resting,fast,1787278739.9715214,-242.1257767920465,-184.3592854675402,1340.7629730019717,13.826946410064355,-18.159433259403393,2.977751040577597e-19
1787278812.3769119,resting,fast,1787278739.9715214,-242.6377411726985,-185.19448909770688,1340.404192504052,13.889586682326925,-18.19783058795221,2.9776348559930544e-19
1787278812.3889215,resting,fast,1787278739.9715214,-244.31810282792276,-186.98518706430934,1342.6271414594803,14.023889029822119,-18.323857712094018,2.981284643566284e-19
1787278812.3991032,resting,fast,1787278739.9715214,-244.4375892454441,-186.4778856540114,1343.3960224330067,13.985841424049742,-18.332819193408177,2.979289769741546e-19
1787278812.410163,resting,fast,1787278739.9715214,-243.37441963204446,-186.40632072533833,1341.3828223393912,13.980474054399298,-18.25308147240331,2.9776005665349223e-19
1787278812.4227877,resting,fast,1787278739.9715214,-241.80407227213118,-185.00862692192948,1338.1700348768563,13.87564701914356,-18.135305420409722,2.9729809247704473e-19
1787278812.432405,resting,fast,1787278739.9715214,-242.08033658256272,-186.15228287005573,1339.0313824164396,13.961421215253072,-18.15602524369205,2.978703300391643e-19
1787278812.4434175,resting,fast,1787278739.9715214,-243.49560401972167,-186.26741971238687,1341.2180289601283,13.970056478427939,-18.262170301478974,2.9771159339739674e-19
1787278812.4562404,resting,fast,1787278739.9715214,-244.8499704419496,-186.94518684090747,1343.4464581521906,14.020889013066853,-18.363747783145868,2.97740589829388e-19
1787278812.4654386,resting,fast,1787278739.9715214,-245.32731242671844,-187.27591713793424,1344.178936385425,14.045693785343946,-18.39954843200374,2.977288281533414e-19
1787278812.4768078,resting,fast,1787278739.9715214,-244.85863907095109,-187.07090744156415,1343.5108284043445,14.03031805811587,-18.364397930321182,2.9769544076002025e-19
1787278812.4896352,resting,fast,1787278739.9715214,-244.64114782217302,-187.61324471057003,1342.8535920330678,14.07099335329136,-18.348086086662825,2.979224705663144e-19
1787278812.498862,resting,fast,1787278739.9715214,-244.80403040008923,-187.24199740136316,1341.0923051045183,14.043149805101041,-18.360302280006685,2.978290991851471e-19
1787278812.5100062,resting,fast,1787278739.9715214,-246.18424688090136,-188.2562427782508,1344.783579272539,14.119218208367844,-18.463818516067455,2.981392836076519e-19
1787278812.5223212,resting,fast,1787278739.9715214,-246.28506179047918,-187.39535795624045,1347.816641294331,14.05465184671684,-18.471379634285746,2.981926194226758e-19
1787278812.5321999,resting,fast,1787278739.9715214,-245.03499297506414,-187.30282174586534,1345.8500179822358,14.047711630938824,-18.377624473129607,2.9761016970034764e-19
1787278812.5433567,resting,fast,1787278739.9715214,-243.00355423555766,-185.79957661554647,1336.3275772856605,13.934968246165017,-18.225266567666864,2.9702442548035167e-19
1787278812.5552955,resting,fast,1787278739.9715214,-242.7498300184675,-184.55501924492603,1337.7249187804146,13.841626443368273,-18.206237251384877,2.972988176181666e-19
1787278812.5655596,resting,fast,1787278739.9715214,-243.3836327101476,-184.34039111704112,1340.1992071981576,13.825529333776888,-18.25377245326107,2.9767395363749207e-19
1787278812.5763474,resting,fast,1787278739.9715214,-243.27795459800063,-183.13563033953676,1339.9522526251776,13.735172275464041,-18.245846594849766,2.979177194026302e-19
1787278812.58776,resting,fast,1787278739.9715214,-243.75219321797385,-184.38188747754305,1337.4379622580627,13.828641560814422,-18.28141449134774,2.977366426516142e-19
1787278812.5987718,resting,fast,1787278739.9715214,-243.82830413090187,-184.96352447854804,1337.986224678004,13.872264335890126,-18.287122809817497,2.979004267634635e-19
1787278812.6099346,resting,fast,1787278739.9715214,-244.3378585652149,-186.39302771357245,1342.4402813923143,13.979477078516712,-18.325339392390802,2.980120170934845e-19
1787278812.6210895,resting,fast,1787278739.9715214,-243.21459582408488,-186.17674467036738,1342.5518174341078,13.963255850276557,-18.241094686806072,2.978516806996592e-19
1787278812.6320765,resting,fast,1787278739.9715214,-242.59069479323762,-184.8233226300241,1340.6446156098636,13.861749197250607,-18.194302109492597,2.97662344729798e-19
1787278812.6433423,resting,fast,1787278739.9715214,-242.93287310844926,-184.43847298189496,1340.955492082895,13.832885473641145,-18.219965483133514,2.9764077274980114e-19
1787278812.6542823,resting,fast,1787278739.9715214,-243.88573574111297,-185.16680910682055,1342.628759657976,13.887510683010294,-18.291430180583298,2.978748193804071e-19
1787278812.6651258,resting,fast,1787278739.9715214,-244.2629116385374,-184.85789756798943,1339.8174406417902,13.864342317597963,-18.319718372890108,2.9796701369356336e-19
1787278812.6763291,resting,fast,1787278739.9715214,-243.85267683937445,-185.96088735510773,1336.3288590823295,13.947066551631881,-18.288950762952993,2.979491455433528e-19
1787278812.6876976,resting,fast,1787278739.9715214,-243.8409039376961,-186.41794542285731,1332.5803771399906,13.98134590671322,-18.288067795327102,2.976749182148035e-19
1787278812.698768,resting,fast,1787278739.9715214,-242.73897460909257,-186.57892945720016,1331.6060147698272,13.993419709288805,-18.205423095681823,2.974077317457653e-19
1787278812.7099245,resting,fast,1787278739.9715214,-243.31666474450367,-186.59514092698407,1336.3835863251252,13.994635569522803,-18.248749855837815,2.978717377299343e-19
1787278812.7209795,resting,fast,1787278739.9715214,-244.18852612487672,-186.59285669353847,1342.8047656217177,13.994464252014172,-18.3141394593656,2.981940438475139e-19
1787278812.732074,resting,fast,1787278739.9715214,-243.77299980277576,-186.7888496539614,1342.5057319558773,14.00916372404578,-18.28297498520803,2.9786149593678787e-19
1787278812.743105,resting,fast,1787278739.9715214,-242.96846110418073,-185.94146942870464,1342.5747324100075,13.945610207151606,-18.22263458281339,2.972131175724495e-19
1787278812.7542195,resting,fast,1787278739.9715214,-241.26411767599575,-184.52128065896443,1339.0723201185474,13.839096049421219,-18.094808825699516,2.972993684230533e-19
1787278812.765394,resting,fast,1787278739.9715214,-241.79690599283958,-184.50979877917473,1342.543018701629,13.838234908436934,-18.13476794946277,2.978258917240372e-19
1787278812.776417,resting,fast,1787278739.9715214,-242.52109892948238,-186.0738024707956,1338.3543302790213,13.955535185308552,-18.1890824197111,2.9804653199006124e-19
1787278812.787568,resting,fast,1787278739.9715214,-242.2074229844652,-185.0300284069932,1333.3244932505595,13.877252130523107,-18.165556723834563,2.976616418069333e-19
1787278812.7987316,resting,fast,1787278739.9715214,-243.02407306892064,-186.16957640620137,1331.5803605598658,13.96271823046401,-18.226805480168863,2.96859927398222e-19
1787278812.8097322,resting,fast,1787278739.9715214,-243.5052743395322,-186.54795294479607,1334.903827647603,13.991096470858498,-18.262895575464633,2.9706531544586337e-19
1787278812.8210158,resting,fast,1787278739.9715214,-244.5402214093233,-187.72847530769184,1338.766167829047,14.079635648075513,-18.3405166056991,2.971762196993874e-19
1787278812.8321378,resting,fast,1787278739.9715214,-246.1032959208992,-188.10751417417703,1343.1099918866794,14.108063563061936,-18.457747194067203,2.978229216909539e-19
1787278812.843159,resting,fast,1787278739.9715214,-244.7661204611618,-185.3403119923995,1339.972369429005,13.900523399428852,-18.35745903458689,2.9726585332756084e-19
1787278812.8542485,resting,fast,1787278739.9715214,-245.39970427945127,-186.24611863306166,1341.6395248048766,13.968458897478516,-18.404977820958663,2.9745672708552653e-19
1787278812.8652802,resting,fast,1787278739.9715214,-244.9281020392441,-185.93327602924148,1339.5576735597615,13.944995702192234,-18.369607652943102,2.9751637541861595e-19
1787278812.8764865,resting,fast,1787278739.9715214,-244.47762700239446,-187.21574912653125,1338.0671037994061,14.041181184488682,-18.33582202517936,2.974372588751364e-19
1787278812.8875837,resting,fast,1787278739.9715214,-242.9027769808531,-187.3781158258813,1334.7258924298212,14.053358686939763,-18.217708273563687,2.971191627912041e-19
1787278812.898643,resting,fast,1787278739.9715214,-243.86552263921158,-188.0863182320512,1341.0475343847456,14.10647386740239,-18.28991419794076,2.972139163748385e-19
1787278812.909806,resting,fast,1787278739.9715214,-245.37798951516424,-189.16306127770588,1342.4544065528216,14.187229595826668,-18.403349213637036,2.9760032991137255e-19
1787278812.9209101,resting,fast,1787278739.9715214,-246.4325666100708,-188.8431038580344,1343.866671403629,14.163232789351316,-18.482442495755237,2.9781868558025103e-19
1787278812.9319708,resting,fast,1787278739.9715214,-245.92642001041122,-187.59596642655322,1342.3793372220507,14.069697481990463,-18.444481500780746,2.979699099740592e-19
1787278812.9428973,resting,fast,1787278739.9715214,-245.03055522165278,-184.95124456319775,1343.93009603036,13.871343342238436,-18.37729164162372,2.9792743742211035e-19
1787278812.9540691,resting,fast,1787278739.9715214,-245.26575063754672,-184.82990565047646,1344.2562383395407,13.86224292378451,-18.394931297815624,2.980725032031055e-19
1787278812.9650807,resting,fast,1787278739.9715214,-244.9593225711401,-184.44064826427928,1341.0093657777825,13.833048619819753,-18.371949192835302,2.977692550429642e-19
1787278812.9761899,resting,fast,1787278739.9715214,-245.13547047434486,-184.9910046348342,1342.2961833818508,13.874325347611222,-18.385160285575814,2.9791190213747395e-19
1787278812.98737,resting,fast,1787278739.9715214,-243.60387576169478,-185.57105312106057,1338.5672783856908,13.917828984078387,-18.270290682127097,2.979311466876997e-19
1787278812.9984767,resting,fast,1787278739.9715214,-243.173629411182,-185.93179381398215,1337.4652682213755,13.944884536047287,-18.238022205838554,2.980343795209095e-19
1787278813.0095985,resting,fast,1787278739.9715214,-244.31059826600313,-187.19283746283065,1337.8878684198526,14.039462809711114,-18.32329486995014,2.981832642778897e-19
1787278813.0203934,resting,fast,1787278739.9715214,-245.5896677514561,-186.77187751910435,1340.547497819095,14.007890813931585,-18.41922508135903,2.980502296948559e-19
1787278813.0314193,resting,fast,1787278739.9715214,-245.8817913177213,-187.0301509330301,1346.297025682864,14.02726131997601,-18.44113434882916,2.98482870665168e-19
1787278813.0428696,resting,fast,1787278739.9715214,-244.81663078666816,-187.16480966964184,1342.0729354967416,14.037360725221848,-18.361247309,2.982449236012762e-19
1787278813.0538554,resting,fast,1787278739.9715214,-243.90176056676637,-186.67855659251347,1342.8670863176603,14.000891744437173,-18.29263204250727,2.9787454474606264e-19
1787278813.065018,resting,fast,1787278739.9715214,-243.83914016901736,-186.62543122609065,1342.5659702920975,13.996907341955566,-18.28793551267586,2.979245666557285e-19
1787278813.0761585,resting,fast,1787278739.9715214,-243.98619159696182,-184.26639663868707,1347.6026872941811,13.819979747900138,-18.29896436977215,2.982887277464949e-19
1787278813.087303,resting,fast,1787278739.9715214,-244.46744320328116,-184.55746945576186,1346.4965961221997,13.841810209180995,-18.335058240246013,2.9874365722291713e-19
1787278813.098338,resting,fast,1787278739.9715214,-244.45323251625223,-184.49049635914514,1340.2335075585133,13.836787226934735,-18.333992438718816,2.9810395818574628e-19
1787278813.1094747,resting,fast,1787278739.9715214,-243.5052568816959,-185.8269844073103,1335.0086462798417,13.93702383054691,-18.26289426612707,2.974944661288206e-19
1787278813.1204572,resting,fast,1787278739.9715214,-243.75129345160667,-185.30907587096738,1335.7533381922049,13.898180690321528,-18.28134700887049,2.971405991011535e-19
1787278813.131606,resting,fast,1787278739.9715214,-244.89053976438163,-185.47041889245395,1343.4369015858874,13.91028141693275,-18.36679048232856,2.9750403496869547e-19
1787278813.142788,resting,fast,1787278739.9715214,-245.73743975763273,-186.17665169464465,1348.7118575268387,13.96324887709729,-18.43030798182204,2.9779964331818825e-19
1787278813.1538067,resting,fast,1787278739.9715214,-245.73493840419405,-186.52464471427322,1348.4679695777932,13.98934835356933,-18.430120380314186,2.9781851384052133e-19
1787278813.164888,resting,fast,1787278739.9715214,-245.33533092580683,-186.92215289086187,1347.1154494515476,14.019161466813518,-18.400149819435427,2.978872099091068e-19
1787278813.175992,resting,fast,1787278739.9715214,-246.36407076748628,-187.42591019595864,1346.7467047602722,14.05694326469585,-18.47730530756133,2.981050829808474e-19
1787278813.1870415,resting,fast,1787278739.9715214,-245.80523477401084,-185.8234746885936,1355.0909147970842,13.936760601643417,-18.435392608050627,2.989934056689915e-19
1787278813.198187,resting,fast,1787278739.9715214,-244.46536982336102,-185.29676680705154,1354.0611590657018,13.897257510527698,-18.33490273675173,2.989824523302144e-19
1787278813.2094162,resting,fast,1787278739.9715214,-244.71426772268978,-184.18346093699768,1358.0202598853475,13.813759570273593,-18.35357007920169,2.992526220521911e-19
1787278813.2204094,resting,fast,1787278739.9715214,-245.01006259567885,-185.82038886261432,1348.9737741264753,13.936529164694822,-18.375754694675898,2.982638107930618e-19
1787278813.2314813,resting,fast,1787278739.9715214,-245.99144712615225,-185.56404402278156,1351.7446147306937,13.917303301707395,-18.44935853446146,2.9836021102280487e-19
1787278813.2426944,resting,fast,1787278739.9715214,-244.9096835998448,-185.61607500794992,1342.102630763743,13.921205625595167,-18.368226269988327,2.975523449986023e-19
1787278813.2536998,resting,fast,1787278739.9715214,-245.23075065441344,-185.10272506443664,1345.24346620933,13.88270437983164,-18.392306299080822,2.979589288915078e-19
1787278813.264902,resting,fast,1787278739.9715214,-244.12997179759213,-185.9598327974228,1339.437253761741,13.946987459805374,-18.309747884819323,2.9759303464673245e-19
1787278813.2760913,resting,fast,1787278739.9715214,-245.4889612464517,-185.22023354921032,1351.6924714986499,13.891517516189698,-18.411672093483908,2.981886264759823e-19
1787278813.287034,resting,fast,1787278739.9715214,-246.5394226002668,-186.4350556412104,1352.3260973546503,13.982629173089865,-18.490456695019915,2.9829338886198067e-19
1787278813.2981863,resting,fast,1787278739.9715214,-248.06152245924886,-187.58365675010953,1356.6787570865918,14.068774256257132,-18.60461418444325,2.9868632808440405e-19
1787278813.3093138,resting,fast,1787278739.9715214,-246.84010347819594,-188.9626329760764,1350.5919373943298,14.172197473204651,-18.513007760864525,2.9842501085514265e-19
1787278813.3203864,resting,fast,1787278739.9715214,-246.94723366400785,-187.97547632716794,1353.8797341721101,14.098160724536331,-18.52104252480042,2.9835266281446013e-19
1787278813.3314526,resting,fast,1787278739.9715214,-245.46646917358566,-185.7441254201932,1352.37095557854,13.930809406513351,-18.409985188018773,2.9806431563861963e-19
1787278813.3426476,resting,fast,1787278739.9715214,-246.43806400599397,-185.7271496693985,1354.2049749480548,13.92953622520388,-18.48285480044928,2.9860950765281483e-19
1787278813.3537242,resting,fast,1787278739.9715214,-246.31368603046985,-187.7105506398599,1351.4490783959618,14.07829129798856,-18.47352645228507,2.986659878864773e-19
1787278813.3647623,resting,fast,1787278739.9715214,-247.0689690367667,-190.46487302493085,1352.318873245914,14.284865476868635,-18.530172677757292,2.991360120402557e-19
1787278813.3760235,resting,fast,1787278739.9715214,-245.9997897627768,-190.2424157929296,1350.2509986176728,14.268181184468649,-18.44998423220801,2.985584149629618e-19
1787278813.3869443,resting,fast,1787278739.9715214,-245.7950000482956,-189.61025332908218,1351.7454099669476,14.220768999680136,-18.434625003622088,2.987659491781752e-19
1787278813.3981104,resting,fast,1787278739.9715214,-246.21886116275937,-188.57002510606628,1350.9984828593779,14.142751882953721,-18.466414587206927,2.981051511821717e-19
1787278813.4092813,resting,fast,1787278739.9715214,-245.98773022771684,-188.492764365874,1349.1710261987582,14.136957327439223,-18.449079767078565,2.9806058988782146e-19
1787278813.420267,resting,fast,1787278739.9715214,-245.53862870354942,-187.03679373835905,1350.0124503572888,14.02775953037592,-18.415397152766218,2.978103540655496e-19
1787278813.4313996,resting,fast,1787278739.9715214,-244.9117951583935,-186.04413215352486,1349.6550952015014,13.953309911513063,-18.368384636879377,2.9811584754306134e-19
1787278813.442539,resting,fast,1787278739.9715214,-244.73781140343954,-186.43467537615686,1349.834375242569,13.982600653210358,-18.355335855257827,2.9814497342206447e-19
1787278813.4535584,resting,fast,1787278739.9715214,-244.91293703012843,-187.71332521376246,1347.5074949083455,14.078499391031006,-18.368470277259505,2.9796295602896713e-19
1787278813.4646676,resting,fast,1787278739.9715214,-244.84559753124586,-188.7557379432077,1343.12269094151,14.156680345739463,-18.363419814843226,2.976559124730286e-19
1787278813.4758894,resting,fast,1787278739.9715214,-245.89043629736943,-189.2716946663387,1344.941270275257,14.195377099974014,-18.441782722302648,2.9761880481895845e-19
1787278813.4868333,resting,fast,1787278739.9715214,-246.74866924574098,-189.59883603046558,1346.715455938499,14.21991270228374,-18.506150193430422,2.9796295228197104e-19
1787278813.4979665,resting,fast,1787278739.9715214,-247.10368522473573,-188.95635673527897,1350.166424130669,14.171726755144878,-18.53277639185516,2.9827551279668725e-19
1787278813.5093,resting,fast,1787278739.9715214,-245.97926585844152,-187.2526504711119,1348.476652928076,14.043948785332152,-18.448444939382895,2.9789619284358893e-19
1787278813.5201917,resting,fast,1787278739.9715214,-244.3892657293186,-186.45426038752737,1344.4942954843455,13.98406952906355,-18.329194929698602,2.975720367138957e-19
1787278813.5313103,resting,fast,1787278739.9715214,-243.41555087881488,-185.4694997359719,1344.5395157155717,13.910212480196993,-18.25616631591101,2.9737865913517645e-19
1787278813.542441,resting,fast,1787278739.9715214,-243.62581829773126,-185.59792557966614,1346.5893312256003,13.919844418473932,-18.271936372329463,2.9812050095830247e-19
1787278813.553437,resting,fast,1787278739.9715214,-244.48651217126508,-185.84138699357106,1349.965993130375,13.93810402451668,-18.336488412844687,2.9804031685951686e-19
1787278813.564596,resting,fast,1787278739.9715214,-245.8081143832046,-186.51927424973962,1352.4501770851102,13.988945568729168,-18.435608578739824,2.9829707433794235e-19
1787278813.5758114,resting,fast,1787278739.9715214,-247.40658703488816,-187.12141742890265,1352.822066322201,14.03410630716657,-18.55549402761646,2.978582729999871e-19
1787278813.586782,resting,fast,1787278739.9715214,-247.56737346139334,-188.05520993233392,1351.6563666849734,14.1041407449238,-18.56755300960434,2.9809130287062557e-19
1787278813.5979888,resting,fast,1787278739.9715214,-249.1208237056776,-188.54283486926568,1351.8014527025762,14.140712615193895,-18.68406177792569,2.981252909225706e-19
1787278813.6127365,resting,fast,1787278739.9715214,-247.55591647300344,-188.7988321899071,1347.3712831658695,14.15991241424162,-18.566693735475056,2.980405985497054e-19
1787278813.619915,resting,fast,1787278739.9715214,-245.72631021614097,-185.96689015217396,1344.17199148501,13.947516761411865,-18.429473266210394,2.9745657702620207e-19
1787278813.631154,resting,fast,1787278739.9715214,-244.41985484784027,-186.50940367022406,1343.5601709099328,13.988205275265575,-18.3314891135878,2.9764350063966913e-19
1787278813.642345,resting,fast,1787278739.9715214,-244.88516515150013,-186.2682634378965,1347.5241037219903,13.970119757841278,-18.366387386362334,2.98007654763815e-19
1787278813.6533213,resting,fast,1787278739.9715214,-246.6356653966136,-189.93796561655984,1348.4324514942318,14.245347421240997,-18.497674904745878,2.9840160196100686e-19
1787278813.6644304,resting,fast,1787278739.9715214,-246.20329228594392,-189.33144516462437,1346.5262256640244,14.19985838734593,-18.465246921446017,2.983199791284952e-19
1787278813.6756961,resting,fast,1787278739.9715214,-246.3601281574306,-189.09253821374762,1344.725338241099,14.181940366030165,-18.477009611807155,2.978227004980165e-19
1787278813.686753,resting,fast,1787278739.9715214,-247.93074307427878,-188.30565686964349,1348.8076885809578,14.12292426522217,-18.59480573057074,2.983799958086994e-19
1787278813.6978073,resting,fast,1787278739.9715214,-247.46532832546063,-187.9201416691227,1347.374413094417,14.094010625183191,-18.559899624409375,2.978068420899423e-19
1787278813.7117705,resting,fast,1787278739.9715214,-248.52523333564432,-187.6530353149791,1350.0693333937534,14.073977648622492,-18.639392500173138,2.9837297973406182e-19
1787278813.719814,resting,fast,1787278739.9715214,-246.23196653153673,-187.64948702077425,1346.3048786422742,14.073711526557108,-18.467397489864965,2.9797137710165775e-19
1787278813.7311838,resting,fast,1787278739.9715214,-245.87293351589642,-188.5060661461083,1343.2021932017715,14.137954960957021,-18.440470013692178,2.982403657559573e-19
1787278813.745101,resting,fast,1787278739.9715214,-244.16969613119863,-188.3955803775524,1340.4104338791085,14.129668528315381,-18.312727209839977,2.9790056397594487e-19
1787278813.753284,resting,fast,1787278739.9715214,-243.05817487668673,-188.1672300252675,1336.7880177334928,14.112542251894045,-18.229363115751426,2.9738871017640134e-19
1787278813.764462,resting,fast,1787278739.9715214,-243.03612591103274,-188.29811341064203,1337.712601556389,14.12235850579717,-18.227709443327342,2.970804810472189e-19
1787278813.7785063,resting,fast,1787278739.9715214,-243.67491036562615,-189.85882177539327,1341.2369393621748,14.239411633153484,-18.27561827742204,2.973169444769363e-19
1787278813.7865143,resting,fast,1787278739.9715214,-244.81136882271085,-188.58561409083734,1345.3853807061778,14.143921056811767,-18.360852661703014,2.976872695180503e-19
1787278813.7977226,resting,fast,1787278739.9715214,-245.30955308172406,-187.45427287415635,1348.0314737093295,14.059070465560598,-18.398216481129204,2.9798274135996494e-19
1787278813.808796,resting,fast,1787278739.9715214,-244.26964920389628,-186.0550522790046,1339.382404500141,13.95412892092408,-18.320223690292124,2.974082770056251e-19
1787278813.819833,resting,fast,1787278739.9715214,-245.06225938343005,-186.60851286306195,1340.3040402462748,13.995638464728504,-18.379669453757202,2.975775887808748e-19
1787278813.830993,resting,fast,1787278739.9715214,-245.75694291676655,-186.6456548892237,1344.0537098818777,13.998424116690561,-18.431770718757235,2.9792874535318036e-19
1787278813.845237,resting,fast,1787278739.9715214,-247.53057052141094,-187.66903984905468,1348.5239251653593,14.075177988678039,-18.56479278910553,2.979712908291781e-19
1787278813.8531468,resting,fast,1787278739.9715214,-246.62794150768377,-187.07749549872108,1350.4261483032178,14.030812162403041,-18.497095613076006,2.9799562698228968e-19
1787278813.8643599,resting,fast,1787278739.9715214,-244.6237888617593,-185.3876944188479,1342.2058466472436,13.904077081412243,-18.346784164631792,2.974420868207046e-19
1787278813.8777282,resting,fast,1787278739.9715214,-243.18136626422302,-184.1178825030596,1342.9737894699128,13.808841187728365,-18.23860246981659,2.976688385441643e-19
1787278813.8862078,resting,fast,1787278739.9715214,-244.12846345763091,-185.3795105391588,1341.9294244585135,13.903463290435955,-18.309634759322194,2.976536365361893e-19
1787278813.8975978,resting,fast,1787278739.9715214,-245.36164750382932,-185.92844476350785,1346.576716897035,13.94463335726211,-18.40212356278711,2.979428415265938e-19
1787278813.9118686,resting,fast,1787278739.9715214,-246.22717694844096,-186.6367860275692,1348.8749149923415,13.997758952066665,-18.467038271132807,2.982346175794394e-19
1787278813.9196713,resting,fast,1787278739.9715214,-245.8132721013776,-185.63060406205557,1345.2953057642999,13.92229530465318,-18.43599540760303,2.9773628179793556e-19
1787278813.9310038,resting,fast,1787278739.9715214,-245.19948954688834,-187.6844349593547,1341.3981534823552,14.076332621950403,-18.38996171601638,2.9735177164608027e-19
1787278813.9450874,resting,fast,1787278739.9715214,-245.05921052239273,-187.71988695841503,1342.0170998152744,14.078991521879974,-18.379440789179462,2.9742129244829705e-19
1787278813.952925,resting,fast,1787278739.9715214,-244.17581638497677,-187.582271588671,1345.41415175378,14.068670369149135,-18.313186228872986,2.9780718814508303e-19
1787278813.9641464,resting,fast,1787278739.9715214,-244.65352448598833,-186.18037170388413,1348.1489512454436,13.963527877790444,-18.349014336448683,2.979473811089361e-19
1787278813.9777172,resting,fast,1787278739.9715214,-245.0237298296347,-186.56824129665654,1346.7339584844785,13.9926180972482,-18.376779737222314,2.979189085974369e-19
1787278813.986261,resting,fast,1787278739.9715214,-244.9679071603682,-188.24961397146865,1345.772370406642,14.118721047859442,-18.37259303702757,2.979903083236e-19
1787278813.9973924,resting,fast,1787278739.9715214,-244.86328966538122,-190.3746789001092,1348.1145032969953,14.278100917507036,-18.36474672490347,2.983846064561035e-19
1787278814.0100083,resting,fast,1787278739.9715214,-244.28723265340113,-190.04245491868176,1349.3269237732302,14.253184118899942,-18.321542449004774,2.9844142768100843e-19
1787278814.0196364,resting,fast,1787278739.9715214,-244.42164384466514,-188.12325384319354,1344.7720916404514,14.10924403823832,-18.331623288349476,2.979536678160298e-19
1787278814.030865,resting,fast,1787278739.9715214,-243.58567610858017,-186.65562925889742,1340.451832599786,13.999172194416193,-18.26892570814332,2.973405909265947e-19
1787278814.043799,resting,fast,1787278739.9715214,-244.2332864723362,-186.43498025881843,1343.3227346933227,13.982623519410144,-18.317496485424805,2.973711088557818e-19
1787278814.0530224,resting,fast,1787278739.9715214,-245.6605752110786,-187.54763330323897,1344.8339155973235,14.06607249774149,-18.42454314083045,2.9768989221309873e-19
1787278814.063967,resting,fast,1787278739.9715214,-245.64816819554608,-187.2290208002472,1344.0024741785937,14.042176560017158,-18.4236126146657,2.975592034283532e-19
1787278814.0779579,resting,fast,1787278739.9715214,-245.4655499385758,-187.69774765774184,1338.9462119391474,14.077331074329425,-18.40991624539297,2.970476140701674e-19
1787278814.0861516,resting,fast,1787278739.9715214,-244.70399462714386,-186.43920796568466,1341.1460435023664,13.982940597425173,-18.352799597035514,2.9717864277737886e-19
1787278814.0972533,resting,fast,1787278739.9715214,-246.827164312504,-186.9658874789019,1350.4544256899435,14.022441560916679,-18.51203732343768,2.979911968130188e-19
1787278814.1099176,resting,fast,1787278739.9715214,-245.72883962362675,-186.8021786069172,1350.7113426490969,14.010163395517655,-18.429662971771727,2.9826985040922097e-19
1787278814.1195607,resting,fast,1787278739.9715214,-244.9545471642091,-186.88849428147103,1346.6098290216278,14.01663707110919,-18.371591037315646,2.9804512274582264e-19
1787278814.1307893,resting,fast,1787278739.9715214,-244.08656520125123,-187.50353000777739,1341.2323358149342,14.06276475058218,-18.306492390093638,2.9770536457319154e-19
1787278814.1435485,resting,fast,1787278739.9715214,-244.74836441347406,-186.90317003267944,1339.615319564712,14.017737752449822,-18.356127331010278,2.9744856848121805e-19
1787278814.1528983,resting,fast,1787278739.9715214,-244.96709366956065,-185.90768701710397,1343.6460788450577,13.943076526281619,-18.372532025216913,2.9761910116324364e-19
1787278814.1639652,resting,fast,1787278739.9715214,-243.70412070104567,-185.47089467654826,1342.4369348518585,13.910317100739864,-18.277809052578256,2.977715356987785e-19
1787278814.1775782,resting,fast,1787278739.9715214,-244.46476066625337,-185.62946285640157,1346.4499810084808,13.922209714228945,-18.33485704996889,2.9803711474946903e-19
1787278814.186185,resting,fast,1787278739.9715214,-244.36362076380328,-187.3712826710654,1345.5264649795545,14.052846200328762,-18.327271557284952,2.981625295241508e-19
1787278814.1974728,resting,fast,1787278739.9715214,-245.06447583939416,-186.52536405862077,1347.1843259272491,13.989402304395274,-18.37983568795429,2.978343575937516e-19
1787278814.210239,resting,fast,1787278739.9715214,-242.81970109590247,-185.3029043178493,1341.890091026652,13.897717823837613,-18.211477582192515,2.9747571434326276e-19
1787278814.2194445,resting,fast,1787278739.9715214,-242.69732429038004,-184.9322681668874,1340.8524196605804,13.869920112515363,-18.202299321778334,2.9744253643545153e-19
1787278814.2305498,resting,fast,1787278739.9715214,-243.1964975501155,-185.61360314558976,1339.853286795612,13.921020235917926,-18.23973731625845,2.975076733389928e-19
1787278814.2431855,resting,fast,1787278739.9715214,-245.09746765832688,-188.05589111738334,1340.1414700054693,14.104191833802378,-18.382310074374416,2.9776631516338917e-19
1787278814.2526777,resting,fast,1787278739.9715214,-244.75641383512038,-187.15680964064006,1336.7704266125775,14.036760723046687,-18.356731037633878,2.9728412807278155e-19
1787278814.264003,resting,fast,1787278739.9715214,-245.0024877735682,-187.64462529184664,1336.9074955376536,14.073346896887362,-18.375186583017793,2.971695132327672e-19
1787278814.2762444,resting,fast,1787278739.9715214,-244.74274640999602,-186.57111278787045,1341.0008960333262,13.99283345908906,-18.355705980749534,2.97186809078145e-19
1787278814.2862213,resting,fast,1787278739.9715214,-246.46177492364905,-187.27803061768748,1347.0124906731808,14.045852296325112,-18.48463311927354,2.9788859607748047e-19
1787278814.297347,resting,fast,1787278739.9715214,-246.681872904383,-185.83809571117638,1350.6482554828826,13.937857178337342,-18.501140467828286,2.980731904810952e-19
1787278814.3082514,resting,fast,1787278739.9715214,-246.40131549397802,-184.22299171840803,1350.6973968528846,13.816724378879531,-18.480098662048306,2.980356921908282e-19
1787278814.3193872,resting,fast,1787278739.9715214,-244.5012371749267,-184.5488161947577,1346.478615402094,13.841161214605524,-18.33759278811921,2.974095945639956e-19
1787278814.330512,resting,fast,1787278739.9715214,-244.47816523769097,-185.29049902619101,1344.325551851346,13.89678742696319,-18.335862392826506,2.9738095766187035e-19
1787278814.3422654,resting,fast,1787278739.9715214,-244.48040381720102,-186.19418340267282,1341.6939743224311,13.964563755199183,-18.336030286289812,2.9765852904712233e-19
1787278814.352819,resting,fast,1787278739.9715214,-244.98570630411132,-187.26205580230032,1343.4119139758614,14.044654185171144,-18.37392797280814,2.9766503027140605e-19
1787278814.3640046,resting,fast,1787278739.9715214,-245.9195105847116,-188.0293904319634,1341.2622685659471,14.102204282396333,-18.443963293853166,2.9783500276246544e-19
1787278814.3750806,resting,fast,1787278739.9715214,-245.47123549988964,-189.5341478965173,1340.5476317780858,14.215061092237708,-18.41034266249129,2.974512742151134e-19
1787278814.386115,resting,fast,1787278739.9715214,-245.0691733910803,-188.8782979507797,1336.4785526133683,14.165872346307285,-18.38018800433096,2.971930104952497e-19
1787278814.3972657,resting,fast,1787278739.9715214,-243.44337163385944,-187.71938661333013,1336.521529167033,14.078953995998663,-18.2582528725394,2.9675645405452383e-19
1787278814.4081852,resting,fast,1787278739.9715214,-244.49740265394348,-187.58422990231327,1340.7570934345067,14.068817242672143,-18.337305199045666,2.9688340456757655e-19
1787278814.4192898,resting,fast,1787278739.9715214,-243.69701853953256,-185.12896998550002,1340.65801213157,13.884672748911488,-18.27727639046465,2.9706619335875187e-19
1787278814.4304206,resting,fast,1787278739.9715214,-244.50912979722716,-187.50430692818702,1341.9183152540272,14.062823019612669,-18.338184734791696,2.9762374396677005e-19
1787278814.4415624,resting,fast,1787278739.9715214,-243.84278873634184,-186.64511955793012,1336.3538037133158,13.998383966843637,-18.28820915522566,2.972971083220653e-19
1787278814.4525924,resting,fast,1787278739.9715214,-245.52409410925748,-188.12531805221613,1343.2925475285747,14.109398853915128,-18.414307058194332,2.976112476298612e-19
1787278814.4636328,resting,fast,1787278739.9715214,-244.4312452615236,-186.5650211415142,1342.6434558633382,13.99237658561228,-18.33234339461402,2.9754367075732314e-19
1787278814.4747074,resting,fast,1787278739.9715214,-244.72120895749094,-186.06298910799921,1344.946390490285,13.954724183098723,-18.3540906718115,2.976226334818904e-19
1787278814.4859357,resting,fast,1787278739.9715214,-244.28215564385073,-185.96842953323915,1343.5627847239875,13.947632214991732,-18.3211616732885,2.975429441437479e-19
1787278814.4971728,resting,fast,1787278739.9715214,-244.59943144885483,-185.5404326041845,1343.5834705713614,13.915532445312724,-18.344957358664104,2.973626671527324e-19
1787278814.508171,resting,fast,1787278739.9715214,-245.3285952455958,-187.57098424501885,1346.5760639568116,14.067823818375434,-18.399644643419585,2.9833023439658017e-19
1787278814.5191689,resting,fast,1787278739.9715214,-245.38059665136325,-187.80660919675586,1343.066568727817,14.085495689755493,-18.403544748851978,2.9823401293737493e-19
1787278814.5303028,resting,fast,1787278739.9715214,-244.89123783325294,-189.0429974543946,1343.864852392654,14.17822480907832,-18.3668428374937,2.9834191482967796e-19
1787278814.541597,resting,fast,1787278739.9715214,-245.05567212775395,-188.47631602018566,1341.7845975150894,14.135723701512507,-18.37917540958133,2.9750403358675754e-19
1787278814.552557,resting,fast,1787278739.9715214,-246.73525085215852,-188.71023344015668,1347.0951653758575,14.153267508010803,-18.50514381391165,2.980821931187561e-19
1787278814.5636213,resting,fast,1787278739.9715214,-247.4200260760549,-187.11615493942315,1344.957614457956,14.033711620455367,-18.556501955703915,2.9792311462707464e-19
1787278814.5748065,resting,fast,1787278739.9715214,-247.57863078587843,-186.24472959948264,1346.1097288374358,13.968354719959923,-18.568397308940526,2.9787999659084064e-19
1787278814.585804,resting,fast,1787278739.9715214,-246.639988961178,-187.9782842237131,1339.623285632878,14.098371316777264,-18.497999172088022,2.975547624077324e-19
1787278814.5970228,resting,fast,1787278739.9715214,-246.66432993184708,-188.2834544219146,1343.6918265281502,14.121259081642297,-18.49982474488815,2.9779016481222703e-19
1787278814.6080122,resting,fast,1787278739.9715214,-245.54235044588995,-189.23535885007334,1341.5469786197,14.192651913754236,-18.4156762834415,2.9777338286996236e-19
1787278814.6191354,resting,fast,1787278739.9715214,-244.59124056514293,-184.61410262998754,1341.7940106495016,13.846057697247861,-18.34434304238559,2.9724359583584347e-19
1787278814.630206,resting,fast,1787278739.9715214,-245.12179127135778,-184.21073162430037,1340.0083180967022,13.815804871821388,-18.384134345351555,2.9716108272554455e-19
1787278814.6410913,resting,fast,1787278739.9715214,-245.2225939156583,-183.47472417668985,1342.9721307206974,13.760604313250315,-18.391694543674085,2.9726775435445105e-19
1787278814.6521695,resting,fast,1787278739.9715214,-244.42637331977812,-184.29124929138118,1343.6882357797376,13.821843696852202,-18.331977998983376,2.9720286340881777e-19
1787278814.6634948,resting,fast,1787278739.9715214,-243.46264080322317,-185.05384112385866,1346.6079690479537,13.879038084288272,-18.25969806024156,2.9763356983028037e-19
1787278814.6746178,resting,fast,1787278739.9715214,-243.9736774655853,-185.0704804361136,1346.261359267247,13.880286032707449,-18.298025809918556,2.976647102084248e-19
1787278814.6856987,resting,fast,1787278739.9715214,-245.1080309210397,-186.7575897414098,1345.7093445322453,14.00681923060468,-18.383102319077793,2.9763118728073167e-19
1787278814.6969028,resting,fast,1787278739.9715214,-244.40505340262507,-186.87445357719764,1337.881445469001,14.015584018288738,-18.33037900519659,2.966769270019871e-19
1787278814.7079227,resting,fast,1787278739.9715214,-242.9611102959575,-185.82233103146507,1334.2658974519227,13.93667482735879,-18.222083272196684,2.9654509270057927e-19
1787278814.7189968,resting,fast,1787278739.9715214,-243.77709130782887,-185.58420541083308,1341.230123333201,13.918815405811333,-18.283281848086972,2.9761852319613953e-19
1787278814.7302027,resting,fast,1787278739.9715214,-244.32920981673442,-185.1663074253637,1345.0996975279459,13.887473056901246,-18.324690736254993,2.9789926387002125e-19
1787278814.7412007,resting,fast,1787278739.9715214,-245.62409429966692,-185.98134309458612,1348.8944670462379,13.948600732092917,-18.421807072474735,2.982929916807855e-19
1787278814.7522259,resting,fast,1787278739.9715214,-245.05895868554353,-184.7818417395696,1344.5365991179815,13.85863813046679,-18.37942190141569,2.9726321296124676e-19
1787278814.7634747,resting,fast,1787278739.9715214,-245.57720302924417,-185.54372301068895,1346.0106596341875,13.915779225800595,-18.418290227192955,2.9776277095246954e-19
1787278814.7745597,resting,fast,1787278739.9715214,-245.49892367277107,-186.02761158336227,1346.3871774014724,13.952070868751012,-18.4124192754577,2.9760516359901037e-19
1787278814.785585,resting,fast,1787278739.9715214,-245.798289455764,-187.27306811872052,1345.7946660492462,14.045480108902698,-18.43487170918206,2.9791573533144846e-19
1787278814.7966914,resting,fast,1787278739.9715214,-244.45113771366005,-185.84613393814254,1339.4163180981277,13.938460045359665,-18.333835328524465,2.9718439285856825e-19
1787278814.807256,resting,fast,1787278739.9715214,-244.17523100032258,-186.5899839206894,1338.4151112141399,13.994248794050652,-18.313142325023968,2.971433099900186e-19
1787278814.8185377,resting,fast,1787278739.9715214,-242.5631052001395,-184.68969798594856,1337.81945234457,13.851727348945008,-18.19223289001026,2.9725346566152336e-19
1787278814.8298018,resting,fast,1787278739.9715214,-243.22248443514354,-184.95123893214338,1337.3060760809394,13.871342919909598,-18.241686332635794,2.9714834424266365e-19
1787278814.8410325,resting,fast,1787278739.9715214,-243.55656261331524,-183.80409665391483,1338.180776696082,13.785307249042464,-18.26674219599837,2.974408670441927e-19
1787278814.8521748,resting,fast,1787278739.9715214,-246.05815845960615,-187.17318967795643,1342.8968567538768,14.037989225845525,-18.454361884470366,2.9776041332178556e-19
1787278814.863283,resting,fast,1787278739.9715214,-246.25567192687913,-187.5635061979866,1347.0717679647742,14.067262964847874,-18.469175394515702,2.983376361432609e-19
1787278814.8744817,resting,fast,1787278739.9715214,-245.40703079576588,-187.92281427887735,1343.1733523089342,14.094211070914529,-18.405527309682306,2.975926074045361e-19
1787278814.8854346,resting,fast,1787278739.9715214,-246.073597346503,-188.90112087335604,1346.4885827980115,14.167584065500595,-18.455519800987645,2.9756964899528045e-19
1787278814.8966777,resting,fast,1787278739.9715214,-246.61856094118184,-189.94468428129392,1347.9538676472084,14.245851321095916,-18.496392070588577,2.978504600908499e-19
1787278814.907596,resting,fast,1787278739.9715214,-247.3596139618844,-189.42392075824966,1350.7315589405052,14.206794056867782,-18.551971047141173,2.982829129826063e-19
1787278814.9186761,resting,fast,1787278739.9715214,-247.62286972697575,-187.55650882912585,1352.344076725397,14.066738162183231,-18.571715229523036,2.9847312864564423e-19
1787278814.9299283,resting,fast,1787278739.9715214,-247.65052951678763,-186.62914467827784,1352.4912282825508,13.99718585086956,-18.573789713758927,2.982370417832544e-19
1787278814.9409168,resting,fast,1787278739.9715214,-247.78988424926547,-187.08548119966633,1353.9816981382237,14.03141108997389,-18.584241318694765,2.983540085325736e-19
1787278814.9520078,resting,fast,1787278739.9715214,-246.29096052987416,-185.86362024709354,1350.842052202529,13.939771518530623,-18.47182203974046,2.9830271534920557e-19
1787278814.9631517,resting,fast,1787278739.9715214,-245.66769964221703,-185.9678113253143,1347.6824505639443,13.947585849397274,-18.42507747316622,2.98202596074315e-19
1787278814.9741676,resting,fast,1787278739.9715214,-245.52644574663054,-186.30858085573948,1348.7868832441281,13.973143564179427,-18.414483430997052,2.98168455052954e-19
1787278814.985299,resting,fast,1787278739.9715214,-246.27298802244104,-188.06232859048907,1349.4188489682865,14.104674644285414,-18.470474101682996,2.9798805649300527e-19
1787278814.996428,resting,fast,1787278739.9715214,-247.86407087032467,-187.22112750706253,1355.5475210368577,14.041584563028525,-18.58980531527415,2.9797302452726323e-19
1787278815.0073357,resting,fast,1787278739.9715214,-248.39592301770836,-186.96206934529675,1355.4609210550452,14.022155200896098,-18.629694226328112,2.980847299986487e-19
1787278815.01878,resting,fast,1787278739.9715214,-247.51422521344966,-187.31862102882303,1352.8208252565191,14.048896577160551,-18.563566891008534,2.9748132753819404e-19
1787278815.0297916,resting,fast,1787278739.9715214,-246.49803568579,-187.88888387176632,1349.6552721127946,14.091666290381344,-18.4873526764342,2.97418201506228e-19
1787278815.0407712,resting,fast,1787278739.9715214,-245.29286131504932,-186.40652807110052,1346.8116466216352,13.980489605331275,-18.396964598628337,2.970822343845174e-19
1787278815.0518007,resting,fast,1787278739.9715214,-245.37104713868257,-185.46376123897096,1349.3827287106624,13.90978209292182,-18.402828535401085,2.9776645727971516e-19
1787278815.0630126,resting,fast,1787278739.9715214,-244.20173039884912,-185.6018142162378,1345.3780545465024,13.920136066216873,-18.31512977991339,2.973460700545337e-19
1787278815.0740771,resting,fast,1787278739.9715214,-244.5992330005697,-186.32483199407227,1345.5416133903864,13.974362399554128,-18.344942475042643,2.9737483744311672e-19
1787278815.0851707,resting,fast,1787278739.9715214,-245.32904399108384,-187.248041169653,1344.371656365679,14.043603087722818,-18.3996782993312,2.97235862733738e-19
1787278815.096351,resting,fast,1787278739.9715214,-246.2188494326315,-187.57807183519333,1347.7956946929944,14.068355387638253,-18.466413707447046,2.9771259397958234e-19
1787278815.1074154,resting,fast,1787278739.9715214,-246.47267833909473,-188.8823737340025,1350.2069703567713,14.166178030049,-18.485450875431972,2.9796838901064375e-19
1787278815.1184359,resting,fast,1787278739.9715214,-244.76116657641842,-188.84232679796003,1347.0115229074627,14.163174509845806,-18.35708749323142,2.9779066774441854e-19
1787278815.129706,resting,fast,1787278739.9715214,-243.92564559834818,-187.5779344050319,1343.168070903438,14.068345080376492,-18.294423419875926,2.973390852069689e-19
1787278815.140621,resting,fast,1787278739.9715214,-243.3114622080043,-186.1667565818883,1344.2653277177951,13.962506743640706,-18.248359665600155,2.97569522283903e-19
1787278815.1517746,resting,fast,1787278739.9715214,-243.37471834781581,-184.37467400739877,1346.2071076944312,13.828100550553746,-18.253103876086087,2.9760153724306386e-19
1787278815.1629424,resting,fast,1787278739.9715214,-244.8956533523974,-185.83665584910875,1350.9687734766694,13.937749188682037,-18.367174001429753,2.9822192989801676e-19
1787278815.1739616,resting,fast,1787278739.9715214,-245.27980402550793,-185.11606394289868,1347.0502579559497,13.883704795715989,-18.395985301912646,2.9752759109545813e-19
1787278815.1851115,resting,fast,1787278739.9715214,-245.16060354028332,-186.4672361947438,1342.6791974562066,13.985042714604592,-18.38704526552109,2.9762410198333876e-19
1787278815.1962128,resting,fast,1787278739.9715214,-244.238776735368,-185.07914944284505,1342.6195035236133,13.880936208212194,-18.317908255152425,2.974137795203105e-19
1787278815.2071629,resting,fast,1787278739.9715214,-245.19534708652418,-186.89935554660553,1343.1627020539518,14.017451665994361,-18.389651031489116,2.9768446469460744e-19
1787278815.2185051,resting,fast,1787278739.9715214,-247.49862149541286,-185.4618597535865,1354.4825274078585,13.909639481517932,-18.56239661215561,2.9774869274350006e-19
1787278815.2295864,resting,fast,1787278739.9715214,-247.82842205933548,-187.0385339770461,1350.567373945706,14.027890048277232,-18.58713165444994,2.973522181794136e-19
1787278815.2405412,resting,fast,1787278739.9715214,-246.42855741425728,-185.44704812433054,1349.0969622869043,13.908528609323742,-18.4821418060692,2.973184025839075e-19
1787278815.2513742,resting,fast,1787278739.9715214,-243.8502523675338,-186.72719645984205,1336.745935828084,14.004539734487015,-18.288768927565037,2.968822794510674e-19
1787278815.2626307,resting,fast,1787278739.9715214,-243.79232030619414,-185.88675509657094,1339.538082276119,13.94150663224173,-18.284424022964636,2.9693426834009234e-19
1787278815.2736132,resting,fast,1787278739.9715214,-244.43069806001085,-187.49264664638724,1342.8310410534586,14.061948498477793,-18.332302354500833,2.9741883124308283e-19
1787278815.284656,resting,fast,1787278739.9715214,-245.62216708908954,-186.57335646952527,1347.3220827054947,13.993001735213173,-18.421662531681406,2.976696516253455e-19
1787278815.295696,resting,fast,1787278739.9715214,-245.49380261925444,-186.76501246391888,1346.5758003370674,14.007375934792837,-18.412035196444016,2.9787965295859934e-19
1787278815.3069348,resting,fast,1787278739.9715214,-245.11647801461868,-187.64584621259235,1344.7248668687416,14.073438465943372,-18.383735851096205,2.9742654306206447e-19
1787278815.3179054,resting,fast,1787278739.9715214,-245.2085872453249,-187.9318648301322,1346.7285076097296,14.094889862258658,-18.39064404339922,2.9731045410427054e-19
1787278815.3291256,resting,fast,1787278739.9715214,-244.75451970231325,-187.29724790874536,1344.7399520121626,14.047293593154766,-18.356588977673347,2.9728389502621873e-19
1787278815.3401604,resting,fast,1787278739.9715214,-244.8440225438685,-185.54322572843682,1344.572892848143,13.915741929631555,-18.363301690789854,2.9733299819125174e-19
1787278815.3513603,resting,fast,1787278739.9715214,-244.82746426722542,-184.85321471064083,1346.0952959886154,13.8639911032969,-18.362059820041715,2.973506919559559e-19
1787278815.3625681,resting,fast,1787278739.9715214,-244.55741551272286,-184.58687958925304,1346.094269366452,13.844015969192544,-18.341806163453924,2.9680187219064684e-19
1787278815.3735797,resting,fast,1787278739.9715214,-245.72602916225742,-185.94109517556478,1347.4922427535357,13.945582138166234,-18.429452187169154,2.9703562796594943e-19
1787278815.384884,resting,fast,1787278739.9715214,-244.95760432512498,-186.40146149868895,1342.284952978881,13.980109612400401,-18.37182032438414,2.9703670974174596e-19
1787278815.3959584,resting,fast,1787278739.9715214,-245.3829794773751,-187.6868180000116,1347.3321135599117,14.076511349999624,-18.40372346080307,2.9803461181323425e-19
1787278815.4069371,resting,fast,1787278739.9715214,-244.73291342127095,-187.0711279062176,1349.9797997646465,14.03033459296525,-18.354968506595014,2.9792225122420725e-19
1787278815.418082,resting,fast,1787278739.9715214,-246.77283946668513,-188.37490939536258,1358.2895544063185,14.12811820465095,-18.50796296000138,2.985461376058357e-19
1787278815.4292564,resting,fast,1787278739.9715214,-246.5991362410782,-188.04900894582863,1354.2274988953695,14.103675670936088,-18.49493521808077,2.98173874844603e-19
1787278815.440188,resting,fast,1787278739.9715214,-246.26008582852182,-187.88873988761895,1352.6112702150558,14.091655491570211,-18.46950643713906,2.983687910975812e-19
1787278815.4513586,resting,fast,1787278739.9715214,-245.06683056270458,-187.1654175612224,1348.6309136044683,14.037406317090433,-18.380012292202544,2.9846974749653463e-19
1787278815.4626062,resting,fast,1787278739.9715214,-244.8467562593246,-186.7417307485233,1347.3080754324337,14.005629806138092,-18.363506719448992,2.983547338368013e-19
1787278815.473575,resting,fast,1787278739.9715214,-245.12258134782815,-187.0021916677216,1346.5743383988183,14.025164375077996,-18.384193601087027,2.978895853939637e-19
1787278815.484684,resting,fast,1787278739.9715214,-245.39815720976958,-187.81741102410808,1341.9956676718039,14.08630582680718,-18.404861790732383,2.9698810826736297e-19
1787278815.4958556,resting,fast,1787278739.9715214,-246.74243407029053,-189.27945732511796,1346.8120031738135,14.195959299382611,-18.505682555271555,2.9692177847188163e-19
1787278815.5068457,resting,fast,1787278739.9715214,-246.77053567163648,-189.40991172266774,1348.1732260922918,14.205743379198825,-18.507790175372612,2.96920961177309e-19
1787278815.5180564,resting,fast,1787278739.9715214,-244.44045002626308,-187.8390024278723,1344.2635270327237,14.087925182089482,-18.33303375196963,2.96727214306399e-19
1787278815.5289667,resting,fast,1787278739.9715214,-243.3350285136762,-185.5688220951314,1343.2720737925056,13.917661657133682,-18.250127138525734,2.965374377636947e-19
1787278815.540196,resting,fast,1787278739.9715214,-244.05779107269927,-185.03995667088714,1344.4455120007633,13.877996750315436,-18.304334330452072,2.9661846703390495e-19
1787278815.5513132,resting,fast,1787278739.9715214,-244.37440607189774,-185.55571930606618,1348.5258377182881,13.916678947953717,-18.328080455392005,2.9679948151090044e-19
1787278815.5624902,resting,fast,1787278739.9715214,-244.81424189778636,-186.6505137998803,1348.7812916128541,13.998788534989718,-18.361068142333785,2.9707390070208533e-19
1787278815.5734227,resting,fast,1787278739.9715214,-244.83358024993368,-186.97252348181257,1349.0061057516277,14.022939261134798,-18.362518518744807,2.9724363514097905e-19
1787278815.584652,resting,fast,1787278739.9715214,-245.98546765927813,-187.26507256279467,1346.2374606203166,14.044880442208314,-18.448910074445777,2.9736201854784197e-19
1787278815.5957298,resting,fast,1787278739.9715214,-246.58344503231046,-186.59687840136382,1345.5082935997825,13.99476588010116,-18.49375837742305,2.9729511747827446e-19
1787278815.6067667,resting,fast,1787278739.9715214,-246.85468353199167,-187.21450507257157,1345.21240913141,14.041087880441584,-18.51410126489899,2.976516643114506e-19
1787278815.6178746,resting,fast,1787278739.9715214,-246.28925667517296,-186.26003682386215,1352.1317009254954,13.969502761788352,-18.471694250637626,2.9803112268506176e-19
1787278815.629006,resting,fast,1787278739.9715214,-243.99949878259167,-186.0590732092288,1346.9775941753624,13.954430490691113,-18.29996240869422,2.980163868328831e-19
1787278815.6400366,resting,fast,1787278739.9715214,-242.2741109030344,-184.8649573817819,1342.358757357747,13.864871803632344,-18.170558317727398,2.9743949820227308e-19
1787278815.6511652,resting,fast,1787278739.9715214,-242.32761914825323,-185.9249553918197,1337.143335607977,13.944371654385282,-18.17457143611884,2.970140357353273e-19
1787278815.6619873,resting,fast,1787278739.9715214,-244.7279805013054,-186.58920785908106,1343.539208276824,13.994190589429994,-18.35459853759783,2.9729781787566044e-19
1787278815.6730547,resting,fast,1787278739.9715214,-245.25967721589905,-186.1720462311274,1346.8750834391003,13.96290346733348,-18.394475791192185,2.9763390340830127e-19
1787278815.6844559,resting,fast,1787278739.9715214,-245.33930045528678,-186.48632026762368,1346.3273555905425,13.986474020070634,-18.40044753414631,2.979395126605172e-19
1787278815.6957035,resting,fast,1787278739.9715214,-244.10477445811784,-186.51252529148917,1344.7544387161643,13.988439396860489,-18.30785808435857,2.9749666772608296e-19
1787278815.7068245,resting,fast,1787278739.9715214,-245.14968566451853,-188.1615184354024,1342.6956144759397,14.11211388265399,-18.386226424838583,2.97461695596005e-19
1787278815.7177815,resting,fast,1787278739.9715214,-245.61312737576782,-188.33081970369756,1343.155637892637,14.124811477776053,-18.42098455318223,2.9720621040586234e-19
1787278815.7322757,resting,fast,1787278739.9715214,-247.22226990810987,-188.7596670204615,1348.3162407959144,14.156975026533548,-18.541670243108058,2.979193741808222e-19
1787278815.7399225,resting,fast,1787278739.9715214,-245.73460772349563,-187.76946706769138,1349.483421678754,14.08271003007562,-18.430095579261803,2.9798170777563026e-19
1787278815.751317,resting,fast,1787278739.9715214,-245.9651373304955,-186.92039773222302,1353.3693264984404,14.019029829915443,-18.447385299787065,2.9827036195019086e-19
1787278815.7652593,resting,fast,1787278739.9715214,-243.76871800782783,-187.2858841495571,1343.5895162110146,14.04644131121562,-18.28265385058682,2.972954675449362e-19
1787278815.7732828,resting,fast,1787278739.9715214,-243.03151161101187,-186.27062307591848,1343.9920663587209,13.970296730692798,-18.227363370825493,2.973280967209126e-19
1787278815.7846053,resting,fast,1787278739.9715214,-242.8934484079814,-186.79198054486517,1338.1787989275808,14.00939854086386,-18.21700863059835,2.9690205969164785e-19
1787278815.7985168,resting,fast,1787278739.9715214,-244.78253345098847,-186.44481287288716,1344.796675820763,13.983360965465412,-18.358690008823977,2.974893576603236e-19
1787278815.8066397,resting,fast,1787278739.9715214,-244.80198750825866,-186.79180875817667,1339.0772263606113,14.00938565686187,-18.360149063119067,2.9672803184136177e-19
1787278815.8179705,resting,fast,1787278739.9715214,-244.69962233702836,-186.4929791570272,1342.715273461462,13.986973436775973,-18.35247167527698,2.9720771784024547e-19
1787278815.8313508,resting,fast,1787278739.9715214,-242.46553891432495,-185.328097324155,1338.1406609535525,13.899607299310492,-18.184915418574178,2.971973310866267e-19
1787278815.839862,resting,fast,1787278739.9715214,-243.57300331957185,-185.1649902976868,1341.441496003229,13.88737427232542,-18.2679752489677,2.976220206501218e-19
1787278815.8512619,resting,fast,1787278739.9715214,-243.40279791369494,-184.6473140304596,1339.7632156158443,13.84854855228308,-18.25520984352699,2.972480900686092e-19
1787278815.8642068,resting,fast,1787278739.9715214,-243.90545855469327,-184.2869269427573,1339.6539789664284,13.821519520705383,-18.292909391601846,2.9695040995767883e-19
1787278815.873109,resting,fast,1787278739.9715214,-244.3315334420936,-185.7192353951565,1339.735715992877,13.92894265463531,-18.32486500815679,2.972534358045496e-19
1787278815.8845634,resting,fast,1787278739.9715214,-244.40812652409068,-186.69182495212442,1342.8247561476574,14.001886871408164,-18.330609489306454,2.9766276958347587e-19
1787278815.898252,resting,fast,1787278739.9715214,-245.4913330069553,-188.42437403520432,1346.5983291306775,14.13182805263931,-18.411849975521392,2.9819883600725146e-19
1787278815.9063673,resting,fast,1787278739.9715214,-244.854179681603,-188.95308421627112,1343.6050366813497,14.171481316219218,-18.36406347611993,2.9767049704049675e-19
1787278815.9177587,resting,fast,1787278739.9715214,-244.55036918846372,-188.80131050595253,1340.8881473195333,14.160098287945122,-18.3412776891349,2.9750873586592015e-19
1787278815.9306698,resting,fast,1787278739.9715214,-244.4597549979312,-187.31147451780168,1341.4558725705947,14.04836058883389,-18.334481624844585,2.971824905793452e-19
1787278815.939722,resting,fast,1787278739.9715214,-244.74414906818265,-186.9361791368998,1343.6498862142153,14.020213435266218,-18.355811180113598,2.9768841427428917e-19
1787278815.951256,resting,fast,1787278739.9715214,-244.98945635875725,-188.00095523267225,1342.1205885192148,14.10007164244934,-18.37420922690648,2.975274989792456e-19
1787278815.9642267,resting,fast,1787278739.9715214,-244.47775183651402,-189.72708924255892,1338.9990441855925,14.229531693190584,-18.335831387738175,2.973878177774295e-19
1787278815.9729948,resting,fast,1787278739.9715214,-245.08704843322494,-188.96547265942365,1338.7622323156365,14.17241044945563,-18.38152863249187,2.971384906964318e-19
1787278815.9838874,resting,fast,1787278739.9715214,-244.47628791699708,-188.20331947563807,1339.1543287660688,14.11524896067164,-18.335721593774487,2.970229360826164e-19
1787278815.995096,resting,fast,1787278739.9715214,-244.75665515109313,-187.55528812391356,1340.0524272378707,14.066646609292153,-18.356749136331864,2.97422530075011e-19
1787278816.0061872,resting,fast,1787278739.9715214,-241.68192179995594,-187.3503461541237,1333.533268801607,14.051275961558023,-18.126144134996515,2.970206138094784e-19
1787278816.017624,resting,fast,1787278739.9715214,-240.83842451073224,-186.14698357539362,1330.007860225306,13.961023768153314,-18.062881838304868,2.9696620112391353e-19
1787278816.0285895,resting,fast,1787278739.9715214,-239.8075100400324,-184.6944743879668,1328.2618047188016,13.852085579096215,-17.98556325300226,2.9674484814990015e-19
1787278816.039653,resting,fast,1787278739.9715214,-242.35737919731628,-184.40623648489589,1335.823735895633,13.830467736366021,-18.176803439798512,2.9712721809222337e-19
1787278816.0512054,resting,fast,1787278739.9715214,-242.95104167585623,-183.74580775962602,1341.6683929402543,13.780935581970699,-18.221328125689162,2.9694954821123927e-19
1787278816.0631227,resting,fast,1787278739.9715214,-243.56395288491376,-184.39801029893795,1342.863181955844,13.82985077241904,-18.267296466368478,2.9667111958139434e-19
1787278816.0729086,resting,fast,1787278739.9715214,-243.2787242604786,-184.4292529015953,1344.004470393883,13.832193967618412,-18.24590431953562,2.96691691125754e-19
1787278816.084379,resting,fast,1787278739.9715214,-244.73977791422158,-184.96299196555185,1342.212947219724,13.872224397415085,-18.355483343566455,2.9727286327585226e-19
1787278816.095576,resting,fast,1787278739.9715214,-245.6025936941901,-185.65721243387577,1344.7150991845328,13.924290932539225,-18.4201945270639,2.977580234256806e-19
1787278816.1064835,resting,fast,1787278739.9715214,-244.644962644285,-187.23845120933117,1341.1157886422034,14.04288384069864,-18.348372198321073,2.975350934455732e-19
1787278816.1176014,resting,fast,1787278739.9715214,-245.77137060680116,-189.7289156204307,1345.0127160792626,14.229668671531318,-18.432852795509902,2.9793173842317316e-19
1787278816.1291642,resting,fast,1787278739.9715214,-245.37893069894244,-189.65377192779113,1345.0024419597876,14.224032894583122,-18.403419802420515,2.979506905312552e-19
1787278816.1398,resting,fast,1787278739.9715214,-245.97091712807332,-190.37115677123722,1346.5340582819545,14.27783675784146,-18.447818784605133,2.9838560219928534e-19
1787278816.150996,resting,fast,1787278739.9715214,-242.95881736589808,-187.81595617443998,1340.1733529815347,14.086196713081794,-18.22191130244196,2.9754936025876747e-19
1787278816.162192,resting,fast,1787278739.9715214,-241.86009043916556,-186.8857167367895,1339.532671107222,14.016428755257952,-18.139506782937104,2.9742346490455375e-19
1787278816.1730378,resting,fast,1787278739.9715214,-241.61839210389053,-184.91135683829623,1339.2679601375703,13.868351762871203,-18.12137940779167,2.9697696560887554e-19
1787278816.1841612,resting,fast,1787278739.9715214,-242.66394060760422,-187.279420558394,1344.8225416951618,14.045956541878557,-18.19979554556997,2.9762537000570446e-19
1787278816.1959786,resting,fast,1787278739.9715214,-244.66374145675627,-187.7909751736703,1346.9421161765467,14.084323138023837,-18.34978060925645,2.9765920727669277e-19
1787278816.2060897,resting,fast,1787278739.9715214,-244.66008611278494,-188.90643805253364,1347.7294572757173,14.167982853938941,-18.349506458458904,2.980214754543768e-19
1787278816.2174413,resting,fast,1787278739.9715214,-243.84789993137338,-187.4843166026568,1340.5421772531963,14.061323745198028,-18.288592494852658,2.9706418577142375e-19
1787278816.2287269,resting,fast,1787278739.9715214,-242.25866484933204,-187.73048761485154,1335.7834353112985,14.079786571112937,-18.16939986369961,2.971702484781892e-19
1787278816.2393904,resting,fast,1787278739.9715214,-241.7772265952476,-185.3543223587218,1329.579558168266,13.901574176902901,-18.13329199464362,2.963068528619925e-19
1787278816.2504935,resting,fast,1787278739.9715214,-243.14551771759807,-185.74669079394664,1339.4408933877558,13.931001809544785,-18.23591382881969,2.971617465743779e-19
1787278816.2620995,resting,fast,1787278739.9715214,-244.83476884320544,-185.89599853620086,1344.735774381149,13.942199890213775,-18.362607663240475,2.976128788622252e-19
1787278816.272575,resting,fast,1787278739.9715214,-245.99803590545025,-187.07682829614748,1347.5962673662643,14.030762122209968,-18.449852692908543,2.9819159881261124e-19
1787278816.284192,resting,fast,1787278739.9715214,-244.22189885257785,-185.687187013241,1341.1052843670486,13.926539025991861,-18.316642413943292,2.9776140272457896e-19
1787278816.2951744,resting,fast,1787278739.9715214,-243.29771656345974,-185.20400747588508,1337.7513798764294,13.890300560690225,-18.24732874225939,2.9701966463528474e-19
1787278816.3060787,resting,fast,1787278739.9715214,-242.26002365403428,-184.21251057901634,1337.4349915851099,13.815938293425237,-18.1695017740524,2.963632607294925e-19
1787278816.317337,resting,fast,1787278739.9715214,-242.9343834505994,-184.5286566054084,1337.0423154323007,13.83964924540452,-18.220078758794784,2.963649059424454e-19
1787278816.3287036,resting,fast,1787278739.9715214,-242.84960867691143,-184.78919255109224,1336.6404540513258,13.859189441330702,-18.21372065076813,2.964779679729626e-19
1787278816.339612,resting,fast,1787278739.9715214,-243.49331986685456,-186.35116882622822,1340.9286794856007,13.976337661966088,-18.26199899001407,2.974926337884194e-19
1787278816.3508232,resting,fast,1787278739.9715214,-243.4534855781535,-186.79165303228626,1343.0883887417667,14.009373977420243,-18.259011418361297,2.974640399396756e-19
1787278816.3626068,resting,fast,1787278739.9715214,-242.74392105192464,-187.38339902324662,1339.43848698101,14.053754926742403,-18.205794078894222,2.972157222950306e-19
1787278816.3730018,resting,fast,1787278739.9715214,-243.51802062921115,-187.19557703815133,1339.7451963617323,14.039668277860262,-18.263851547190605,2.971183517248289e-19
1787278816.3839633,resting,fast,1787278739.9715214,-243.95464679181214,-187.40349463739983,1339.6518021777383,14.055262097803624,-18.296598509385788,2.970211162675073e-19
1787278816.395321,resting,fast,1787278739.9715214,-244.42144602150483,-186.7271458463548,1341.855651795916,14.004535938475417,-18.331608451612645,2.9717404092550675e-19
1787278816.4060986,resting,fast,1787278739.9715214,-243.62582973133385,-186.64045115614874,1341.7863918869743,13.99803383670994,-18.27193722984959,2.9707693114571495e-19
1787278816.4172106,resting,fast,1787278739.9715214,-243.5613935159995,-185.53267166904482,1340.4849865640726,13.914950375177103,-18.26710451369994,2.9689407850544662e-19
1787278816.4284925,resting,fast,1787278739.9715214,-245.5848945181374,-184.8433681298328,1348.886602798525,13.863252609736524,-18.418867088859955,2.9747473348655873e-19
1787278816.4394388,resting,fast,1787278739.9715214,-245.8634103774598,-185.98916100880217,1349.373551292475,13.94918707565903,-18.439755778309333,2.9796198583548373e-19
1787278816.4507065,resting,fast,1787278739.9715214,-245.45177638054292,-187.30356966797387,1350.9817424177008,14.047767725096993,-18.40888322854068,2.984073614340104e-19
1787278816.4624436,resting,fast,1787278739.9715214,-243.95061718890565,-188.51463753306814,1344.4699299627782,14.138597814979224,-18.296296289167827,2.980674012953682e-19
1787278816.4724934,resting,fast,1787278739.9715214,-243.79068537676676,-187.80832121905235,1342.9086574540388,14.085624091427963,-18.284301403257395,2.9771798251581443e-19
1787278816.4839938,resting,fast,1787278739.9715214,-244.1816005969863,-186.20577534906158,1344.3716388173061,13.965433151178448,-18.313620044773984,2.980394584509945e-19
1787278816.4950666,resting,fast,1787278739.9715214,-244.59363772605457,-184.99866311420544,1344.6682748951216,13.874899733564124,-18.344522829454,2.980288262989165e-19
1787278816.5061557,resting,fast,1787278739.9715214,-243.99123770832148,-183.34715658869698,1342.1166242619884,13.751036744151012,-18.299342828124104,2.9766880015934954e-19
1787278816.5171685,resting,fast,1787278739.9715214,-245.24677196016046,-184.60495583976206,1340.5864345969594,13.845371687980847,-18.393507897011943,2.9756316049068973e-19
1787278816.5283434,resting,fast,1787278739.9715214,-245.65419052281368,-185.5390867416437,1341.4650604131193,13.915431505622042,-18.424064289210776,2.977044663755663e-19
1787278816.539284,resting,fast,1787278739.9715214,-246.4500524504142,-187.31924275203335,1342.5049677910656,14.04894320640135,-18.483753933781117,2.9829251954658135e-19
1787278816.55057,resting,fast,1787278739.9715214,-244.98107294365263,-187.07299775996046,1342.0760120367058,14.030474831996035,-18.373580470773987,2.9812728956104984e-19
1787278816.5616837,resting,fast,1787278739.9715214,-243.76128487460255,-186.49906487608507,1340.432373412562,13.987429865705241,-18.282096365595187,2.9773078782900193e-19
1787278816.5726402,resting,fast,1787278739.9715214,-243.8760482384846,-186.43262452094757,1339.6050159692104,13.982446839069798,-18.290703617886173,2.9783316893967806e-19
1787278816.5836453,resting,fast,1787278739.9715214,-244.44860700749678,-186.4907863105849,1339.6512196460108,13.986808973292558,-18.33364552556197,2.9778718204375945e-19
1787278816.5947034,resting,fast,1787278739.9715214,-244.6691835701954,-187.05476213885606,1340.6134136516275,14.02910716041291,-18.350188767764685,2.977935504499282e-19
1787278816.6055732,resting,fast,1787278739.9715214,-243.95319819155475,-184.5763893117038,1345.4285180049783,13.843229198376779,-18.296489864366556,2.9753501359542453e-19
1787278816.6170118,resting,fast,1787278739.9715214,-242.22307238298754,-183.21033408509163,1338.0510909462837,13.740775056380887,-18.166730428723795,2.968604274147466e-19
1787278816.6282759,resting,fast,1787278739.9715214,-243.68024430556807,-183.29590085783082,1345.5844873792694,13.74719256433622,-18.27601832291765,2.9737361272521533e-19
1787278816.6394198,resting,fast,1787278739.9715214,-243.91094607484183,-184.76864055200792,1340.8870903884554,13.857648041399248,-18.293320955613105,2.966313375806425e-19
1787278816.6505299,resting,fast,1787278739.9715214,-244.15374867472883,-185.6687131681748,1346.6627959964126,13.925153487611798,-18.31153115060434,2.967091999885779e-19
1787278816.661598,resting,fast,1787278739.9715214,-243.87712421293008,-186.76639748954165,1343.5625844852557,14.00747981171455,-18.290784315969525,2.968350908971473e-19
1787278816.6726213,resting,fast,1787278739.9715214,-245.24367162561566,-186.5866499596092,1351.6100787378791,13.993998746969599,-18.39327537192097,2.9776967764922784e-19
1787278816.6838822,resting,fast,1787278739.9715214,-247.0771497593919,-187.63123079276522,1355.0099313206183,14.072342309456378,-18.530786231954217,2.987927787093554e-19
1787278816.6945024,resting,fast,1787278739.9715214,-245.80272575851131,-185.59440857848392,1352.0491622434956,13.919580643384922,-18.43520443188803,2.984769428392646e-19
1787278816.7059557,resting,fast,1787278739.9715214,-244.11069001701208,-184.6501810609335,1344.7445374933786,13.84876357956897,-18.30830175127562,2.977496031031915e-19
1787278816.717173,resting,fast,1787278739.9715214,-244.3868558344434,-185.34999252494333,1340.6678875446296,13.901249439369483,-18.329014187583226,2.971458541054043e-19
1787278816.727968,resting,fast,1787278739.9715214,-244.36313014192774,-186.7493085025145,1339.6284961576175,14.006198137687296,-18.327234760644416,2.970131327139944e-19
1787278816.7392247,resting,fast,1787278739.9715214,-244.74267302907674,-186.94421146794173,1339.846383629737,14.020815860094405,-18.35570047718042,2.971851532985588e-19
1787278816.75049,resting,fast,1787278739.9715214,-243.18232007861252,-185.91602036431493,1340.2206385063919,13.943701527322137,-18.238674005895895,2.970724596306484e-19
1787278816.7611024,resting,fast,1787278739.9715214,-243.93037091062934,-186.23137720305738,1344.7423376910237,13.967353290228264,-18.294777818296986,2.975253280467964e-19
1787278816.7725084,resting,fast,1787278739.9715214,-244.41363235036033,-188.97902778409536,1347.16123997653,14.173427083805922,-18.331022426276718,2.9826263447609757e-19
1787278816.7837572,resting,fast,1787278739.9715214,-244.99613699338124,-188.4611193237023,1350.7820089167571,14.134583949276493,-18.37471027450343,2.984917025831533e-19
1787278816.794593,resting,fast,1787278739.9715214,-245.2621349269225,-188.35109689858552,1346.3187157085986,14.126332267392957,-18.394660119519266,2.9816728605095443e-19
1787278816.8059015,resting,fast,1787278739.9715214,-246.06042598832255,-185.26458122912084,1351.4089258333088,13.894843592182884,-18.454531949124153,2.9783723337770847e-19
1787278816.8171792,resting,fast,1787278739.9715214,-247.41195746393032,-185.9215843236101,1352.238213591966,13.944118824269456,-18.555896809794753,2.9817257379745584e-19
1787278816.8277955,resting,fast,1787278739.9715214,-247.07327502356702,-186.66267515015159,1353.1051799909774,13.999700636260375,-18.53049562676732,2.982998083459012e-19
1787278816.8391259,resting,fast,1787278739.9715214,-247.08436614929133,-189.34451431640798,1345.7831447322233,14.200838573729616,-18.531327461196653,2.976965197119873e-19
1787278816.8502681,resting,fast,1787278739.9715214,-245.05214462957292,-189.09358363865283,1340.2488964979611,14.182018772897838,-18.378910847217796,2.970390480152823e-19
1787278816.8611143,resting,fast,1787278739.9715214,-244.56235240593242,-188.95089568078117,1337.0749161914873,14.17131717605729,-18.34217643044493,2.968711430649326e-19
1787278816.8723645,resting,fast,1787278739.9715214,-243.64957552190253,-187.9481157927022,1339.003390419156,14.096108684451782,-18.273718164142473,2.9690050749919303e-19
1787278816.8835309,resting,fast,1787278739.9715214,-244.72386932927975,-187.18556353194037,1342.7402370659865,14.038917264894511,-18.35429019969542,2.9754215865021083e-19
1787278816.8942935,resting,fast,1787278739.9715214,-243.00130065636995,-184.2288157630486,1340.999002452224,13.817161182227753,-18.225097549227343,2.9668126797214676e-19
1787278816.9057043,resting,fast,1787278739.9715214,-243.123389025111,-186.67863418802642,1339.6650196832352,14.000897564100828,-18.23425417688317,2.9707485767097336e-19
1787278816.9169307,resting,fast,1787278739.9715214,-242.73955849685944,-187.32199302003744,1337.8580559417687,14.049149476501587,-18.205466887264237,2.968494556923083e-19
1787278816.9278102,resting,fast,1787278739.9715214,-244.38072020263235,-189.18295050095423,1340.8899762566753,14.188721287570733,-18.328554015197213,2.9738995885184183e-19
1787278816.93913,resting,fast,1787278739.9715214,-245.04869104206182,-187.9314651181329,1344.0802734208164,14.094859883858863,-18.37865182815436,2.975032862393963e-19
1787278816.9500358,resting,fast,1787278739.9715214,-245.87714133741838,-188.46768535247008,1350.2133637543857,14.135076401433867,-18.440785600306285,2.9818259236177415e-19
1787278816.960783,resting,fast,1787278739.9715214,-246.20121435500505,-188.10197760095718,1353.5169851718265,14.107648320070385,-18.46509107662527,2.9871926356392924e-19
1787278816.9722767,resting,fast,1787278739.9715214,-245.3581907935045,-187.97877898667377,1354.3673133857383,14.09840842399949,-18.40186430951286,2.9883423859550755e-19
1787278816.9834497,resting,fast,1787278739.9715214,-243.93822248562856,-186.75062955056603,1347.5719627002081,14.00629721629129,-18.295366686421985,2.9795641832293724e-19
1787278816.9942727,resting,fast,1787278739.9715214,-244.9246414806662,-187.6937566022542,1347.0850854741047,14.077031745167947,-18.369348111049632,2.977249389991545e-19
1787278817.0056071,resting,fast,1787278739.9715214,-244.0261896825591,-184.83908306307637,1344.2816756585753,13.862931229729728,-18.301964226191814,2.9704468112377932e-19
1787278817.016827,resting,fast,1787278739.9715214,-245.06438849349206,-185.4106836728139,1350.031138614505,13.905801275459954,-18.379829137011683,2.9737102310135727e-19
1787278817.0275185,resting,fast,1787278739.9715214,-243.89283553223095,-184.23278167226397,1350.2642411267998,13.817458625418727,-18.29196266491718,2.974319674831273e-19
1787278817.0389855,resting,fast,1787278739.9715214,-245.68371758126204,-186.74203039066572,1353.3452363748993,14.005652279298861,-18.426278818594405,2.981598399175608e-19
1787278817.0501165,resting,fast,1787278739.9715214,-245.30989165467918,-188.02883712665596,1347.7800778066967,14.102162784497896,-18.398241874100677,2.9838036931201304e-19
1787278817.0606863,resting,fast,1787278739.9715214,-246.4907687437949,-189.26040820210517,1346.76252996753,14.194530615156896,-18.48680765578453,2.982984297449275e-19
1787278817.0721822,resting,fast,1787278739.9715214,-245.71715376536258,-190.16604037248806,1346.3129196410036,14.262453027935525,-18.42878653240212,2.979911260351956e-19
1787278817.08293,resting,fast,1787278739.9715214,-245.64872348706513,-188.76900348781612,1349.5795556103194,14.157675261585016,-18.4236542615297,2.9757725153155476e-19
1787278817.0939827,resting,fast,1787278739.9715214,-245.48398421101456,-188.0127315989838,1352.1874759852262,14.10095486992238,-18.411298815825916,2.978844178990446e-19
1787278817.1054251,resting,fast,1787278739.9715214,-244.8205396166909,-186.71771770784324,1347.6240981666679,14.003828828086984,-18.36154047125143,2.980106446085461e-19
1787278817.1166582,resting,fast,1787278739.9715214,-243.90235449444162,-185.93104391086547,1347.6834547249518,13.944828293313666,-18.29267658708291,2.9795195875388276e-19
1787278817.127352,resting,fast,1787278739.9715214,-242.6154304096467,-186.50793045219677,1344.8302153562518,13.988094783913343,-18.196157280723426,2.9760834703942766e-19
1787278817.1389346,resting,fast,1787278739.9715214,-243.18597145986996,-186.072539950109,1349.0636090646576,13.955440496256902,-18.238947859490146,2.9784395119554523e-19
1787278817.150111,resting,fast,1787278739.9715214,-244.86221220365815,-187.30061900550538,1347.801714065591,14.047546425411827,-18.364665915274273,2.979255179026463e-19
1787278817.1607637,resting,fast,1787278739.9715214,-245.33568590365257,-185.75343776878424,1348.8735601620674,13.931507832657918,-18.40017644277377,2.9797472946886714e-19
1787278817.17213,resting,fast,1787278739.9715214,-246.75961870967558,-187.65523566364197,1351.2601333232697,14.074142674771895,-18.506971403225407,2.980759021397418e-19
1787278817.1832185,resting,fast,1787278739.9715214,-246.2672235892146,-188.0704163278641,1350.8131931953403,14.105281224588825,-18.47004176919097,2.980463885102223e-19
1787278817.1939225,resting,fast,1787278739.9715214,-245.4089838776822,-189.0168771576358,1349.3470703394005,14.176265786821507,-18.405673790825972,2.9793440886385804e-19
1787278817.205408,resting,fast,1787278739.9715214,-244.88894950029817,-187.0057818683132,1349.3760404271607,14.025433640122262,-18.366671212522277,2.9789105563267058e-19
1787278817.2166038,resting,fast,1787278739.9715214,-245.73480709926707,-186.7570336106627,1349.883035659269,14.006777520798426,-18.430110532444814,2.9787270337950763e-19
1787278817.2275183,resting,fast,1787278739.9715214,-246.94030591573528,-187.09510087888373,1350.6511340687894,14.032132565915195,-18.520522943680163,2.9778154801017084e-19
1787278817.238703,resting,fast,1787278739.9715214,-246.54217480417128,-188.73914418574384,1347.8986057682732,14.15543581392966,-18.490663110312404,2.976731066271406e-19
1787278817.2498896,resting,fast,1787278739.9715214,-245.4918497462554,-188.3063016670668,1347.0174030764929,14.122972625028897,-18.41188873096884,2.9778532368484664e-19
1787278817.26081,resting,fast,1787278739.9715214,-246.1096054188224,-188.45600113399848,1348.8615150223932,14.134200085048793,-18.458220406411506,2.9815606176429096e-19
1787278817.2720504,resting,fast,1787278739.9715214,-245.74169155693335,-187.094909662978,1349.7044541759196,14.032118224722371,-18.4306268667697,2.9829899424704223e-19
1787278817.283135,resting,fast,1787278739.9715214,-247.34539162577903,-188.11252204317555,1352.0685647465734,14.108439153237004,-18.55090437193317,2.9818120834543845e-19
1787278817.2938128,resting,fast,1787278739.9715214,-246.54385818189576,-187.83437665945064,1352.3311227849417,14.087578249457625,-18.490789363642286,2.9841648985523405e-19
1787278817.3053145,resting,fast,1787278739.9715214,-246.53277959417528,-188.27640874145425,1351.0103369067356,14.120730655607804,-18.48995846956285,2.979068418769211e-19
1787278817.3163204,resting,fast,1787278739.9715214,-245.39240291581018,-186.59052500632708,1350.4140718115495,13.994289375473162,-18.404430218685476,2.982209497690084e-19
1787278817.3270695,resting,fast,1787278739.9715214,-245.46645363526522,-184.95172842696013,1350.2293452671865,13.871379632020737,-18.409984022644586,2.978182290351049e-19
1787278817.3384576,resting,fast,1787278739.9715214,-244.50234576797402,-184.66480244931097,1344.808046663441,13.849860183697078,-18.337675932598074,2.978701358864164e-19
1787278817.3497286,resting,fast,1787278739.9715214,-244.38731064854483,-185.3724012578365,1346.7146451715935,13.902930094336373,-18.3290482986408,2.977062355142323e-19
1787278817.3602529,resting,fast,1787278739.9715214,-244.47641840834467,-186.83063205535802,1343.4756144835237,14.012297404150534,-18.33573138062573,2.974850703580771e-19
1787278817.3717716,resting,fast,1787278739.9715214,-245.5224380503264,-188.223161738444,1347.9737605473938,14.116737130382209,-18.414182853774193,2.9760306342308937e-19
1787278817.3826606,resting,fast,1787278739.9715214,-244.9509593803382,-187.75913515170612,1343.1745144148272,14.081935136376874,-18.371321953525076,2.97273851574178e-19
1787278817.3935568,resting,fast,1787278739.9715214,-245.43726530034792,-188.81413804806027,1347.106917776072,14.16106035360345,-18.40779489752599,2.980594909209e-19
1787278817.4051726,resting,fast,1787278739.9715214,-243.63365800081328,-187.3817330296746,1341.6890189515589,14.053629977224379,-18.27252435006116,2.9772049623033704e-19
1787278817.4163387,resting,fast,1787278739.9715214,-244.28849093547387,-187.80298343866014,1343.6122342346089,14.08522375789818,-18.3216368201604,2.9800545388658717e-19
1787278817.4270213,resting,fast,1787278739.9715214,-243.8299144413072,-186.90466258934646,1343.735075904321,14.017849694199928,-18.287243583097833,2.971659715264243e-19
1787278817.4384444,resting,fast,1787278739.9715214,-245.08809740916195,-186.793522236659,1347.4248760621094,14.00951416774831,-18.381607305686998,2.972332620955411e-19
1787278817.4495516,resting,fast,1787278739.9715214,-244.65441247039735,-185.30806145339727,1352.3780205065405,13.89810460900367,-18.349080935279765,2.976821233831624e-19
1787278817.4604132,resting,fast,1787278739.9715214,-245.89705396576528,-185.68708737661325,1354.2332237801302,13.926531553244846,-18.442279047432244,2.9855530904031246e-19
1787278817.47174,resting,fast,1787278739.9715214,-246.2642125197376,-184.97556536624973,1354.3539717402882,13.873167402467278,-18.46981593898017,2.9848128693091125e-19
1787278817.4829175,resting,fast,1787278739.9715214,-246.8097841462436,-187.56669999757025,1349.5536100843628,14.067502499816985,-18.510733810968027,2.9814853140977536e-19
1787278817.4939327,resting,fast,1787278739.9715214,-244.55758710048076,-187.3236683125009,1346.4737951397192,14.04927512343669,-18.34181903253588,2.9784393296624852e-19
1787278817.5051682,resting,fast,1787278739.9715214,-244.50728384311378,-188.60842902226034,1349.194525827209,14.145632176668176,-18.338046288233443,2.984632024008976e-19
1787278817.518935,resting,fast,1787278739.9715214,-244.32427537502963,-188.1076629950577,1349.8979446717758,14.1080747246282,-18.32432065312694,2.9838368768665136e-19
1787278817.526884,resting,fast,1787278739.9715214,-244.50930631105393,-188.32697651291107,1347.7924152911646,14.124523238467422,-18.33819797332889,2.9810662300919455e-19
1787278817.538264,resting,fast,1787278739.9715214,-243.8369978065898,-187.8795501980029,1343.747929297463,14.090966264849232,-18.287774835494126,2.974165305298281e-19
1787278817.551974,resting,fast,1787278739.9715214,-243.67013396764878,-186.99459524165275,1344.0625860522732,14.024594643122544,-18.27526004757361,2.9739456263838164e-19
1787278817.560383,resting,fast,1787278739.9715214,-243.55173750698532,-187.3492150268429,1344.3727271321777,14.051191127012192,-18.26638031302381,2.9752531681918816e-19
1787278817.5716994,resting,fast,1787278739.9715214,-244.4301044756171,-187.3213035237942,1346.6011757766091,14.049097764283378,-18.33225783567105,2.9779305152260307e-19
1787278817.5851514,resting,fast,1787278739.9715214,-245.2307826381243,-189.07584474826842,1349.4585750367942,14.180688356119251,-18.39230869785932,2.9815605579508026e-19
1787278817.5935652,resting,fast,1787278739.9715214,-243.79241302321543,-188.09839761079377,1344.9154423426162,14.10737982080845,-18.284430976740836,2.975464842984114e-19
1787278817.6046755,resting,fast,1787278739.9715214,-243.10160085928737,-187.97872775665644,1346.7903775727837,14.098404581748031,-18.232620064446408,2.9782466602553277e-19
1787278817.618242,resting,fast,1787278739.9715214,-242.35212285835996,-185.55026030612828,1341.1792523399936,13.916269522958192,-18.176409214376832,2.9703337041260235e-19
1787278817.6269927,resting,fast,1787278739.9715214,-244.95667440706939,-185.71349707059574,1342.0520042966555,13.928512280293322,-18.37175058053002,2.972648938460091e-19
1787278817.6381721,resting,fast,1787278739.9715214,-245.26070846831635,-184.21412910590618,1339.8456278898439,13.816059682941688,-18.394553135123502,2.96753299091149e-19
1787278817.6520305,resting,fast,1787278739.9715214,-246.54751922618516,-185.4724239157448,1345.2920627205194,13.910431793679795,-18.491063941963738,2.9761891451375124e-19
1787278817.6600983,resting,fast,1787278739.9715214,-246.6217448821585,-186.31581440713478,1350.3370643325788,13.973686080533884,-18.49663086616153,2.978248628069865e-19
1787278817.6715991,resting,fast,1787278739.9715214,-247.06753150576014,-188.77494284370493,1350.238624863082,14.15812071327679,-18.530064862931816,2.985150218044669e-19
1787278817.6822526,resting,fast,1787278739.9715214,-245.44054205330713,-187.71344284284135,1344.7160671408901,14.078508213211894,-18.40804065399776,2.9764942061856816e-19
1787278817.69352,resting,fast,1787278739.9715214,-243.27399988447678,-186.55751575832085,1337.1040216790489,13.99181368187286,-18.24554999133546,2.9732012252297767e-19
1787278817.704884,resting,fast,1787278739.9715214,-242.36811661997626,-186.35725226655006,1335.1308088266478,13.976793919990204,-18.177608746498073,2.9661908573006765e-19
1787278817.719087,resting,fast,1787278739.9715214,-243.33297100671325,-188.06048654196763,1336.1819073208926,14.104536490646414,-18.249972825503086,2.9698488107861384e-19
1787278817.7267375,resting,fast,1787278739.9715214,-244.94674273313603,-187.02782155932493,1342.5100465905825,14.027086616948413,-18.371005704985194,2.9701061885063304e-19
1787278817.7382302,resting,fast,1787278739.9715214,-244.09994758807215,-184.52529320913902,1342.102596200376,13.839396990684595,-18.307496069105106,2.9679830166030004e-19
1787278817.7525988,resting,fast,1787278739.9715214,-243.09960629019997,-183.5979358432861,1341.8859601592003,13.769845188245032,-18.23247047176489,2.969454111675595e-19
1787278817.7599869,resting,fast,1787278739.9715214,-243.96746534558451,-185.2781174860844,1342.710325985313,13.895858811455046,-18.297559900918642,2.977624009763562e-19
1787278817.771449,resting,fast,1787278739.9715214,-244.5263019409408,-186.8813348806499,1343.031304574196,14.016100116047614,-18.33947264557029,2.9814415267628257e-19
1787278817.7857785,resting,fast,1787278739.9715214,-246.41901984100832,-188.76627854931587,1344.4771828631447,14.157470891197622,-18.481426488075286,2.983733837357043e-19
1787278817.7936082,resting,fast,1787278739.9715214,-245.65560577328642,-188.17837822441936,1344.7439116616888,14.113378366830265,-18.424170432996284,2.980879092945108e-19
1787278817.8047462,resting,fast,1787278739.9715214,-247.5936890455955,-187.9377692285792,1346.6357771235062,14.095332692142083,-18.569526678419663,2.9818810367320426e-19
1787278817.815937,resting,fast,1787278739.9715214,-246.44412555607278,-185.54877273277532,1345.4927536529785,13.91615795495672,-18.483309416705154,2.978781540474964e-19
1787278817.826917,resting,fast,1787278739.9715214,-245.22713156605687,-185.52098150070185,1338.371470245379,13.914073612551338,-18.39203486745408,2.9749675115548324e-19
1787278817.8380713,resting,fast,1787278739.9715214,-244.68359970997017,-188.21926594600734,1340.3603086799894,14.116444945949329,-18.35126997824767,2.9747442937853563e-19
1787278817.8517005,resting,fast,1787278739.9715214,-243.50195244065117,-189.21480747165776,1341.2700547499326,14.191110560373037,-18.262646433048758,2.9753354119543233e-19
1787278817.8599415,resting,fast,1787278739.9715214,-244.8002513237393,-189.7212415263142,1343.7901150190037,14.229093114472324,-18.360018849280394,2.9772860396396456e-19
1787278817.8714805,resting,fast,1787278739.9715214,-243.84435187797908,-186.93785019482118,1338.253001345668,14.020338764610532,-18.28832639084824,2.9773612244913126e-19
1787278817.8855722,resting,fast,1787278739.9715214,-244.8439601724017,-187.2176282297097,1336.1434962782214,14.041322117226958,-18.363297012930033,2.974985737793023e-19
1787278817.8930483,resting,fast,1787278739.9715214,-244.16295342563672,-186.5488403174353,1340.3852911879158,13.991163023806383,-18.3122215069223,2.9757421137124246e-19
1787278817.9041743,resting,fast,1787278739.9715214,-244.61446194937298,-186.68478026339255,1345.1834019713142,14.001358519753342,-18.346084646202918,2.976212452210601e-19
1787278817.9185357,resting,fast,1787278739.9715214,-244.00069050524462,-184.84655882111144,1345.3381790038156,13.863491911582035,-18.30005178789316,2.9767045056977723e-19
1787278817.9266572,resting,fast,1787278739.9715214,-244.27654826975822,-185.07793896700662,1347.7457288177948,13.880845422524505,-18.320741120231716,2.9757322350004465e-19
1787278817.938106,resting,fast,1787278739.9715214,-243.6396904230155,-185.49328956787474,1345.0360363691643,13.91199671758952,-18.27297678172591,2.9768196564030555e-19
1787278817.9516828,resting,fast,1787278739.9715214,-244.98943809940056,-188.07562117152463,1349.716023976246,14.105671587863359,-18.37420785745519,2.9798101447869576e-19
1787278817.9598575,resting,fast,1787278739.9715214,-245.6236497158402,-188.83773224824233,1345.4845717573398,14.162829918617124,-18.421773728688116,2.9811473476809923e-19
1787278817.971214,resting,fast,1787278739.9715214,-246.51525487165372,-188.82848408377106,1348.4775164035082,14.162136306281685,-18.48864411537376,2.981330089933198e-19
1787278817.984567,resting,fast,1787278739.9715214,-245.28619549180485,-186.26585610854238,1342.4982232088905,13.969939208139696,-18.39646466188521,2.976271590311491e-19
1787278817.9933758,resting,fast,1787278739.9715214,-244.37349531473183,-185.71648947446204,1341.9629305759727,13.928736710583568,-18.328012148604742,2.9764115650731237e-19
1787278818.0045767,resting,fast,1787278739.9715214,-243.17719054475083,-185.3571474418644,1338.8273031603812,13.901786058138672,-18.23828929085611,2.972800010883306e-19
1787278818.0173862,resting,fast,1787278739.9715214,-243.99885769884668,-185.53973923367596,1345.480729918262,13.915480442524572,-18.299914327413617,2.9777344528040764e-19
1787278818.0268707,resting,fast,1787278739.9715214,-243.93045321627915,-185.0220382655142,1344.8593821997283,13.876652869912352,-18.294783991220783,2.973865365001362e-19
1787278818.037773,resting,fast,1787278739.9715214,-246.52861225458082,-185.80965904305378,1351.1328730666946,13.935724428228088,-18.489645919093228,2.9805062958021097e-19
1787278818.049914,resting,fast,1787278739.9715214,-245.94704333627624,-187.21004500815377,1350.3274377473435,14.040753375610326,-18.446028250220706,2.9814160426814384e-19
1787278818.0599275,resting,fast,1787278739.9715214,-245.35007296402864,-187.71140624401676,1346.846082137782,14.07835546829995,-18.40125547230167,2.983370001159094e-19
1787278818.071202,resting,fast,1787278739.9715214,-244.0521781801467,-187.68485142010138,1341.417617418897,14.076363856506592,-18.30391336351076,2.979685723006408e-19
1787278818.0840738,resting,fast,1787278739.9715214,-242.8227474553164,-185.29362447793926,1335.587786562969,13.897021835844246,-18.21170605914859,2.973106614928104e-19
1787278818.0932045,resting,fast,1787278739.9715214,-243.27904918411468,-184.64860047923287,1338.045438637274,13.84864503594125,-18.245928688808476,2.9692787399704676e-19
1787278818.10439,resting,fast,1787278739.9715214,-242.5791215983313,-184.35024174220837,1342.3169519914363,13.826268130664491,-18.193434119874723,2.9700703158413876e-19
1787278818.1169043,resting,fast,1787278739.9715214,-243.7966547645742,-185.58650878343622,1344.5910603917991,13.918988158756708,-18.284749107342805,2.971351426232423e-19
1787278818.1265063,resting,fast,1787278739.9715214,-244.475828384539,-186.6843953209833,1344.1379230259708,14.001329649072492,-18.335687128840135,2.97537038584161e-19
1787278818.1378522,resting,fast,1787278739.9715214,-244.02892902851318,-185.77234257476778,1338.855590157441,13.93292569310643,-18.302169677138465,2.9729666798322503e-19
1787278818.1510613,resting,fast,1787278739.9715214,-244.68400048472222,-187.04518054528864,1339.0358672755783,14.028388540895538,-18.351300036354054,2.974827958706767e-19
1787278818.1597779,resting,fast,1787278739.9715214,-244.85454134113797,-187.17953778337176,1340.3300539632155,14.038465333751805,-18.3640906005853,2.9740457606666156e-19
1787278818.1710641,resting,fast,1787278739.9715214,-245.71097306189904,-188.85523726444933,1341.823529986169,14.164142794832461,-18.42832297964233,2.9743746331279124e-19
1787278818.183763,resting,fast,1787278739.9715214,-245.38407926433274,-189.08957349459172,1343.2372252473751,14.18171801209299,-18.403805944824747,2.9758282734424937e-19
1787278818.193081,resting,fast,1787278739.9715214,-244.25075676741153,-187.8795210907632,1341.5406206103007,14.090964081806337,-18.318806757555706,2.975386608063776e-19
1787278818.204411,resting,fast,1787278739.9715214,-244.05376720929553,-187.4964624013097,1339.728951742446,14.062234680096953,-18.304032540696937,2.974409263685363e-19
1787278818.2168615,resting,fast,1787278739.9715214,-244.2779540953893,-187.23427809048997,1341.3986699753905,14.042570856785435,-18.320846557154034,2.976146557167297e-19
1787278818.2265222,resting,fast,1787278739.9715214,-244.91962014290812,-186.20082175090795,1346.4958897398146,13.965061631316988,-18.368971510717927,2.980812286974409e-19
1787278818.2375937,resting,fast,1787278739.9715214,-245.49464441923146,-186.34184020854298,1349.7027607317787,13.975638015639635,-18.412098331442024,2.980553746937473e-19
1787278818.2496724,resting,fast,1787278739.9715214,-246.7062693232224,-186.95080681831007,1350.0437351790815,14.02131051137211,-18.50297019924163,2.98078214546519e-19
1787278818.259751,resting,fast,1787278739.9715214,-247.58161953378612,-188.81830462000823,1351.874992964381,14.161372846499393,-18.56862146503373,2.9805671986070524e-19
1787278818.2710874,resting,fast,1787278739.9715214,-247.71942440682915,-187.7827048212979,1354.8963332186531,14.083702861596056,-18.57895683051207,2.987307439099349e-19
1787278818.2823737,resting,fast,1787278739.9715214,-246.43539908213052,-187.09833788245885,1351.2899073466024,14.032375341183144,-18.48265493115963,2.9841196337198447e-19
1787278818.2930715,resting,fast,1787278739.9715214,-245.67254263571112,-187.27889476103758,1345.3831208454749,14.045917107076821,-18.425440697678262,2.9791546243225787e-19
1787278818.304385,resting,fast,1787278739.9715214,-244.91197803950172,-187.17319523640265,1341.2971232709488,14.037989642729006,-18.36839835296238,2.9718838021023806e-19
1787278818.315372,resting,fast,1787278739.9715214,-244.81410709979673,-186.6298777348244,1342.6564972355418,13.997240830110474,-18.361058032484557,2.973510255244995e-19
1787278818.3262842,resting,fast,1787278739.9715214,-244.39251481983638,-185.2876903862972,1341.6072849256025,13.896576778971156,-18.329438611487696,2.9747636413451775e-19
1787278818.337541,resting,fast,1787278739.9715214,-244.24092283527762,-185.5102220406285,1342.9590864099018,13.913266653046026,-18.318069212645582,2.977017195423147e-19
1787278818.348661,resting,fast,1787278739.9715214,-244.60780234927051,-186.8732853411958,1341.3292964515922,14.015496400588535,-18.345585176195208,2.975960524629084e-19
1787278818.3596873,resting,fast,1787278739.9715214,-246.63540281260475,-188.04000426018467,1346.227225129548,14.10300031951282,-18.497655210945297,2.977793226845489e-19
1787278818.3709042,resting,fast,1787278739.9715214,-246.78442821566614,-187.31553501998235,1346.1795056375295,14.0486651264974,-18.508832116174787,2.9778160163689377e-19
1787278818.3820827,resting,fast,1787278739.9715214,-246.8571203629076,-186.4359924618676,1347.3864693830828,13.982699434638992,-18.51428402721789,2.975507067265667e-19
1787278818.3930902,resting,fast,1787278739.9715214,-246.6330410509322,-187.01175020547328,1349.1185580234878,14.025881265409243,-18.497478078819775,2.980261867253196e-19
1787278818.4041831,resting,fast,1787278739.9715214,-247.29158910034812,-188.74350739250792,1347.5122195025715,14.155763054437106,-18.54686918252616,2.982184367942509e-19
1787278818.4152994,resting,fast,1787278739.9715214,-247.19782850020192,-188.81529633959724,1346.1584552909653,14.161147225468756,-18.539837137514894,2.98223562288994e-19
1787278818.426253,resting,fast,1787278739.9715214,-245.61656632148924,-187.8148043581583,1340.5505670966804,14.086110326860737,-18.42124247411155,2.97599843166238e-19
1787278818.4375005,resting,fast,1787278739.9715214,-245.42560998681847,-187.39713501307676,1341.460036107118,14.054785125979397,-18.406920749011157,2.97612160038974e-19
1787278818.4485745,resting,fast,1787278739.9715214,-245.15218402841538,-187.3228839303389,1344.9038109017592,14.0492162947743,-18.386413802130903,2.978611864060733e-19
1787278818.4594312,resting,fast,1787278739.9715214,-244.0270389398761,-186.08879444430033,1339.614359766164,13.956659583321429,-18.302027920490467,2.971783907828116e-19
1787278818.4706898,resting,fast,1787278739.9715214,-242.31281002431524,-185.81890089080218,1332.9846829815824,13.936417566808917,-18.173460751823512,2.965536157840394e-19
1787278818.481771,resting,fast,1787278739.9715214,-241.93856722172904,-185.85171054947875,1331.9584251459682,13.938878291209694,-18.145392541629434,2.9668709701926475e-19
1787278818.4929883,resting,fast,1787278739.9715214,-242.4755053083777,-186.6966178121512,1336.338330602216,14.002246335910119,-18.18566289812803,2.972531456479607e-19
1787278818.504232,resting,fast,1787278739.9715214,-244.4456333463836,-186.61467100908692,1341.6806951642093,13.996100325680136,-18.333422500978543,2.9769042914084246e-19
1787278818.5152228,resting,fast,1787278739.9715214,-244.19803582159557,-187.2072378783331,1339.0738427521073,14.040542840873531,-18.31485268661954,2.973159906355921e-19
1787278818.5262992,resting,fast,1787278739.9715214,-244.29058620166734,-187.42381308759434,1338.6977133074079,14.056785981568186,-18.321793965124677,2.9703468942187736e-19
1787278818.5373244,resting,fast,1787278739.9715214,-244.25136714045993,-187.43944301917793,1340.2364485545777,14.057958226436885,-18.318852535534447,2.973442274215975e-19
1787278818.5489767,resting,fast,1787278739.9715214,-244.91499775401962,-185.9533332194968,1342.6436944287861,13.94649999146137,-18.368624831551443,2.9763207434871073e-19
1787278818.5595233,resting,fast,1787278739.9715214,-245.30396162877742,-185.7946862221405,1346.974301704372,13.934601466659547,-18.39779712215814,2.978899003060501e-19
1787278818.570768,resting,fast,1787278739.9715214,-245.3603798756144,-186.88360192746075,1345.9409087760296,14.016270144558309,-18.402028490670936,2.976656041409752e-19
1787278818.5822053,resting,fast,1787278739.9715214,-244.9570165862001,-186.79495398237998,1344.6806239521184,14.009621548677249,-18.371776243964938,2.9749395215903236e-19
1787278818.5926416,resting,fast,1787278739.9715214,-244.5706680674225,-189.10089233464885,1340.8487440041417,14.182566925097536,-18.342800105056682,2.974224300377092e-19
1787278818.6040332,resting,fast,1787278739.9715214,-244.18472179286118,-187.49453303792154,1340.030762221685,14.06208997784275,-18.31385413446435,2.969919727000587e-19
1787278818.6151547,resting,fast,1787278739.9715214,-244.26383344096075,-187.96231557791714,1338.3704704254951,14.097173668342709,-18.319787508071926,2.9701230682521516e-19
1787278818.6261168,resting,fast,1787278739.9715214,-245.63748114597593,-185.64966444039044,1342.0829741267034,13.923724833027936,-18.42281108594794,2.9728785646112113e-19
1787278818.6373837,resting,fast,1787278739.9715214,-244.7629355509357,-185.25502321168767,1343.2811731971915,13.894126740875496,-18.357220166320026,2.9760984667109186e-19
1787278818.6491811,resting,fast,1787278739.9715214,-244.3246037316908,-186.53973030378268,1345.5185504436786,13.99047977278251,-18.324345279876724,2.9753708107476006e-19
1787278818.6591852,resting,fast,1787278739.9715214,-243.06325885051547,-188.19619691815876,1345.3196546476147,14.114714768860598,-18.229744413788417,2.9787590450143456e-19
1787278818.670564,resting,fast,1787278739.9715214,-243.62317704465977,-190.15682161296093,1340.7217164222775,14.261761620970749,-18.271738278349254,2.9767963763140153e-19
1787278818.6812587,resting,fast,1787278739.9715214,-244.3535360505125,-188.58710634918987,1339.8557810123775,14.144032976188132,-18.326515203788333,2.9785567441352186e-19
1787278818.6923306,resting,fast,1787278739.9715214,-243.92883976890107,-187.26108573865542,1337.442273010537,14.044581430397702,-18.294662982667298,2.973527538505029e-19
1787278818.7036865,resting,fast,1787278739.9715214,-243.72163535878144,-185.60548921426437,1341.058664178433,13.920411691068583,-18.279122651908587,2.9737099564539743e-19
1787278818.7151275,resting,fast,1787278739.9715214,-244.22784236973303,-185.41944221270012,1344.499523000556,13.906458165951253,-18.31708817772961,2.9756495538798853e-19
1787278818.7259166,resting,fast,1787278739.9715214,-245.4317825448038,-184.01580883067584,1342.7152326079804,13.801185662299392,-18.40738369085998,2.9758015368963153e-19
1787278818.7371542,resting,fast,1787278739.9715214,-245.67247671561518,-185.48637444576332,1343.383303727037,13.911478083430953,-18.425435753670804,2.976177205045671e-19
1787278818.7482212,resting,fast,1787278739.9715214,-244.24225090886785,-184.98143002147265,1338.4479687312532,13.873607251609332,-18.31816881816483,2.9706707740218584e-19
1787278818.7594914,resting,fast,1787278739.9715214,-243.27521084493628,-186.76885406698182,1338.970708397851,14.007664055022506,-18.24564081337015,2.9706135421050716e-19
1787278818.7704282,resting,fast,1787278739.9715214,-243.28825280673072,-185.91219627634598,1338.3614049242942,13.943414720724792,-18.24661896050467,2.9706232649438336e-19
1787278818.7816987,resting,fast,1787278739.9715214,-244.2090977512321,-186.9793701097227,1338.6698229674103,14.023452758227993,-18.315682331342423,2.972368503545416e-19
1787278818.7925553,resting,fast,1787278739.9715214,-245.27654485668745,-185.93684605505257,1339.9198737112029,13.945263454127602,-18.39574086425138,2.9737569189258117e-19
1787278818.803725,resting,fast,1787278739.9715214,-245.06842805634415,-184.92964625930415,1339.620213266523,13.86972346944663,-18.380132104225638,2.9740707521837487e-19
1787278818.814564,resting,fast,1787278739.9715214,-244.54755144398996,-185.3078150148034,1338.365914196368,13.898086126109053,-18.341066358299138,2.97620178202296e-19
1787278818.8260891,resting,fast,1787278739.9715214,-244.66944416307388,-186.10355138840612,1341.1224916484507,13.957766354129365,-18.350208312230443,2.97646198793521e-19
1787278818.837106,resting,fast,1787278739.9715214,-245.1723505043351,-187.14540118753132,1342.8334633513032,14.03590508906375,-18.38792628782506,2.9779335317434693e-19
1787278818.8482623,resting,fast,1787278739.9715214,-245.68954343603718,-186.51541204154148,1345.5599455717174,13.988655903114282,-18.426715757702574,2.9761556290092187e-19
1787278818.859201,resting,fast,1787278739.9715214,-245.38156061752443,-186.5206108899548,1346.2552576832395,13.98904581674535,-18.40361704631397,2.9756878547622074e-19
1787278818.8703408,resting,fast,1787278739.9715214,-245.9428375681223,-186.21859545714813,1349.9532193116238,13.966394659284791,-18.44571281760919,2.977787235662356e-19
1787278818.8814297,resting,fast,1787278739.9715214,-245.98215168207798,-186.0596348369437,1349.2767469639703,13.954472612769454,-18.448661376155634,2.978346003234694e-19
1787278818.8926287,resting,fast,1787278739.9715214,-245.7992397914827,-184.9311980275753,1346.9999719368398,13.86983985206692,-18.434942984361065,2.975308121802067e-19
1787278818.9038072,resting,fast,1787278739.9715214,-245.22725428860895,-186.75476563139716,1338.6905548290479,14.006607422353344,-18.392044071645508,2.9703421065398047e-19
1787278818.9146037,resting,fast,1787278739.9715214,-245.19124240631436,-186.43788083426546,1339.6910527327918,13.982841062568841,-18.389343180473375,2.97189625118689e-19
1787278818.9259152,resting,fast,1787278739.9715214,-245.58762144398725,-186.44352752445218,1339.9123879834342,13.983264564332732,-18.419071608299035,2.9740972654710665e-19
1787278818.9371116,resting,fast,1787278739.9715214,-245.63628701511834,-185.40141871297658,1342.0869158068572,13.905106403471908,-18.42272152613363,2.9741867182425017e-19
1787278818.9482358,resting,fast,1787278739.9715214,-245.38888986553457,-185.95552096585936,1344.3410110928153,13.946664072438356,-18.404166739914814,2.973691235571635e-19
1787278818.959093,resting,fast,1787278739.9715214,-245.51436222844632,-187.09991592246263,1343.308933296029,14.032493694183447,-18.413577167133354,2.972501674303639e-19
1787278818.9702992,resting,fast,1787278739.9715214,-244.44939571129953,-187.06338063438,1343.2037066423627,14.02975354757729,-18.33370467834723,2.9738276019451515e-19
1787278818.9811294,resting,fast,1787278739.9715214,-245.20425359283445,-186.8595272922306,1342.291934076361,14.014464546916077,-18.390319019462453,2.9725738275933597e-19
1787278818.992559,resting,fast,1787278739.9715214,-245.55656496741312,-187.057936267311,1343.8326390469601,14.029345220046924,-18.416742372555667,2.973958066532452e-19
1787278819.0038347,resting,fast,1787278739.9715214,-245.66175550000798,-186.39568616695135,1342.68820587135,13.979676462520079,-18.424631662500495,2.969117988639802e-19
1787278819.0144947,resting,fast,1787278739.9715214,-245.98985229525306,-187.87888411525557,1344.367165505967,14.090916308642964,-18.449238922143884,2.9742504397629683e-19
1787278819.0257754,resting,fast,1787278739.9715214,-245.76246002145353,-187.49552850091743,1346.0703446661328,14.06216463756778,-18.43218450160898,2.976700114874306e-19
1787278819.036962,resting,fast,1787278739.9715214,-246.08754763672596,-188.0328669476645,1349.267736889963,14.102465021073801,-18.456566072754292,2.9862520856463558e-19
1787278819.04775,resting,fast,1787278739.9715214,-244.2275490469533,-186.4884238316837,1344.1388243312294,13.986631787375178,-18.31706617852118,2.978734121952578e-19
1787278819.0592403,resting,fast,1787278739.9715214,-244.01455508520348,-185.61180114451997,1339.5320206483239,13.92088508583777,-18.301091631390314,2.9765133784071497e-19
1787278819.070185,resting,fast,1787278739.9715214,-245.33280424456143,-184.35104016556386,1342.6767111758718,13.82632801241606,-18.39996031834179,2.975435292576728e-19
1787278819.081368,resting,fast,1787278739.9715214,-245.9608864833831,-184.41686669512376,1345.1490415453727,13.831265002133097,-18.447066486253483,2.9785309287857323e-19
1787278819.0924234,resting,fast,1787278739.9715214,-245.1860502349814,-185.067611357675,1342.6793920484697,13.880070851824346,-18.388953767623384,2.978490024283005e-19
1787278819.1035836,resting,fast,1787278739.9715214,-243.53952922916642,-186.2206813628378,1337.9875278461523,13.966551102211472,-18.265464692187244,2.974849941527657e-19
1787278819.1144056,resting,fast,1787278739.9715214,-243.87490036136342,-186.15564237438332,1338.2421057615384,13.961673178077437,-18.29061752710195,2.974777899644192e-19
1787278819.125705,resting,fast,1787278739.9715214,-244.35885956881475,-186.5513701351507,1339.896894156781,13.991352760135047,-18.326914467660963,2.9724542239753637e-19
1787278819.1367996,resting,fast,1787278739.9715214,-245.10313442821234,-186.8237025087086,1337.2958237280864,14.011777688151927,-18.38273508211551,2.9706164880872364e-19
1787278819.1475194,resting,fast,1787278739.9715214,-244.32898004824938,-186.52522921833986,1334.8670766979403,13.98939219137441,-18.324673503618747,2.9664218191548565e-19
1787278819.1588109,resting,fast,1787278739.9715214,-244.67392460434485,-186.26848555383037,1337.8449675085258,13.970136416536025,-18.35054434532575,2.9697398259884125e-19
1787278819.170168,resting,fast,1787278739.9715214,-244.48686992974717,-185.85491806774064,1336.9264774551712,13.939118855079048,-18.336515244730954,2.9691394642839183e-19
1787278819.1807365,resting,fast,1787278739.9715214,-244.23125714770458,-187.16529106624364,1338.3090918870485,14.03739682996721,-18.317344286077834,2.9720386454199556e-19
1787278819.1923504,resting,fast,1787278739.9715214,-245.04870716403047,-188.57605001023842,1337.7040262787095,14.143203750766748,-18.378653037302243,2.9678799588670833e-19
1787278819.203683,resting,fast,1787278739.9715214,-244.76712583117887,-188.42711603532882,1344.7535516460694,14.132033702648233,-18.3575344373386,2.9725958710147065e-19
1787278819.21401,resting,fast,1787278739.9715214,-246.12949266885835,-188.66262105007274,1343.9487362344053,14.149696578753993,-18.459711950164262,2.97288090570051e-19
1787278819.2250805,resting,fast,1787278739.9715214,-245.65097196186025,-188.76543600324987,1346.75294606025,14.157407700242647,-18.423822897139445,2.975101815608131e-19
1787278819.2365813,resting,fast,1787278739.9715214,-246.19106881224207,-188.47436070739388,1346.2582134945997,14.135577053053385,-18.46433016091774,2.977266399576092e-19
1787278819.2475016,resting,fast,1787278739.9715214,-245.62771197241045,-187.82280396899807,1344.9289002651121,14.086710297673623,-18.422078397930655,2.9753653361861697e-19
1787278819.258723,resting,fast,1787278739.9715214,-246.1486494947526,-186.34061215897225,1348.0729359777115,13.97554591192156,-18.461148712106194,2.982768974246521e-19
1787278819.2698097,resting,fast,1787278739.9715214,-246.72724826501462,-185.09320343050342,1347.9073898169418,13.881990257286493,-18.504543619875903,2.981681945333189e-19
1787278819.280672,resting,fast,1787278739.9715214,-247.22759938077024,-186.38814106815323,1350.7229951328054,13.979110580109978,-18.542069953557444,2.9833615603231994e-19
1787278819.2920926,resting,fast,1787278739.9715214,-247.19229105896147,-187.656288015619,1349.7039084789294,14.074221601170084,-18.539421829421855,2.9815241789166475e-19
1787278819.3032923,resting,fast,1787278739.9715214,-245.9368650587462,-188.80624610832126,1347.831369240862,14.16046845812291,-18.445264879405812,2.97520970227005e-19
1787278819.3139277,resting,fast,1787278739.9715214,-246.34011911757307,-187.1736941201708,1346.4822789888285,14.038027059011444,-18.475508933817622,2.9757501288410996e-19
1787278819.3256812,resting,fast,1787278739.9715214,-246.78823205978415,-185.59969489243247,1345.4931042401486,13.919977116931225,-18.50911740448373,2.9748188624802247e-19
1787278819.3365319,resting,fast,1787278739.9715214,-248.32666544219364,-187.37576068355054,1350.3696544424392,14.053182051265228,-18.62449990816414,2.9819871369943696e-19
1787278819.3472667,resting,fast,1787278739.9715214,-246.44050148411543,-186.20179715599545,1347.7624052324418,13.965134786698474,-18.483037611308646,2.9782757784779754e-19
1787278819.3586624,resting,fast,1787278739.9715214,-245.32247795346348,-187.06202646942427,1349.513719222211,14.029651985205508,-18.39918584650968,2.976846709685995e-19
1787278819.3699749,resting,fast,1787278739.9715214,-243.9043551227246,-185.06442169478635,1342.8787268126298,13.879831627107539,-18.292826634204324,2.9722336226376827e-19
1787278819.3805711,resting,fast,1787278739.9715214,-246.02934088324355,-187.3820310483062,1348.587208046908,14.053652328621684,-18.452200566243143,2.978262877559957e-19
1787278819.3920064,resting,fast,1787278739.9715214,-244.95785697767178,-185.25604549092589,1343.5364340119222,13.894203411818427,-18.371839273325314,2.974372694635019e-19
1787278819.4032269,resting,fast,1787278739.9715214,-245.56170116529165,-185.36273152664296,1344.3574128808932,13.90220486449724,-18.41712758739655,2.9760489677050966e-19
1787278819.413801,resting,fast,1787278739.9715214,-245.3900233016816,-183.78552329550746,1346.8846835514933,13.783914247161821,-18.404251747626013,2.9765440082784057e-19
1787278819.425049,resting,fast,1787278739.9715214,-245.94039114933048,-186.0174769744125,1346.8313121316687,13.9513107730799,-18.4455293361996,2.9781377739377107e-19
1787278819.436424,resting,fast,1787278739.9715214,-247.59916127934912,-186.5609700972724,1347.490604941836,13.992072757294043,-18.569937095951026,2.978145520572966e-19
1787278819.4471195,resting,fast,1787278739.9715214,-247.20312869118743,-187.2238059739144,1342.6065438922205,14.041785448042365,-18.54023465183886,2.9733422379321526e-19
1787278819.4585521,resting,fast,1787278739.9715214,-247.14681544142468,-186.7457151434163,1343.108539044123,14.005928635754945,-18.53601115810676,2.973389502824888e-19
1787278819.4696503,resting,fast,1787278739.9715214,-244.39163746808072,-187.26479705953,1338.6573783480699,14.04485977946388,-18.3293728101059,2.9732388414579164e-19
1787278819.4806325,resting,fast,1787278739.9715214,-244.14514797985657,-186.4721662559133,1340.206716212816,13.985412469192458,-18.310886098489128,2.9762052423951957e-19
1787278819.4918125,resting,fast,1787278739.9715214,-244.46195102613683,-187.0467171609688,1340.0515311703502,14.028503787071205,-18.334646326959827,2.9766922697177425e-19
1787278819.5030596,resting,fast,1787278739.9715214,-245.81665123430093,-186.35723821202816,1345.633694543344,13.976792865901107,-18.436248842572475,2.978520807345893e-19
1787278819.5136406,resting,fast,1787278739.9715214,-246.61292829770764,-187.7760337869223,1346.512107094889,14.083202534017975,-18.49596962232811,2.9792569498187195e-19
1787278819.5251215,resting,fast,1787278739.9715214,-245.93876966318066,-186.7484749579529,1345.3260900688083,14.00613562184532,-18.445407724738438,2.9790598524568598e-19
1787278819.5363827,resting,fast,1787278739.9715214,-245.29601417045387,-186.76118630836515,1344.033050465402,14.00708897312622,-18.397201062783807,2.976549666910601e-19
1787278819.5470433,resting,fast,1787278739.9715214,-243.59993625926154,-186.0175204200474,1339.8737086889714,13.951314031502537,-18.26999521944436,2.9727021865301864e-19
1787278819.5585027,resting,fast,1787278739.9715214,-244.25099000578166,-186.84149572544118,1339.596755586811,14.013112179406978,-18.31882425043343,2.972023070988194e-19
1787278819.569696,resting,fast,1787278739.9715214,-244.42280250153226,-186.9654221147499,1340.4476391080107,14.022406658605053,-18.331710187614924,2.972514908877043e-19
1787278819.5806625,resting,fast,1787278739.9715214,-245.5001337964136,-186.4058311696764,1345.3802073752058,13.980437337724585,-18.412510034730992,2.97601714146788e-19
1787278819.5918984,resting,fast,1787278739.9715214,-245.534098376374,-187.32901675293272,1345.2884869123054,14.04967625646876,-18.415057378227786,2.9771174248015435e-19
1787278819.6039152,resting,fast,1787278739.9715214,-246.0419912794664,-186.9233882437751,1346.7935534467824,14.019254118282038,-18.453149345959858,2.9806246353781087e-19
1787278819.6136045,resting,fast,1787278739.9715214,-246.17460288061966,-188.43402093715088,1345.018769704574,14.132551570285106,-18.463095216046533,2.9811803865108154e-19
1787278819.6250389,resting,fast,1787278739.9715214,-246.18580845505994,-188.1225494333388,1348.8507174244633,14.10919120749897,-18.4639356341292,2.981776202943488e-19
1787278819.63619,resting,fast,1787278739.9715214,-245.32802193194266,-188.04521595176845,1343.5501624312737,14.103391196381384,-18.399601644895455,2.974099997981425e-19
1787278819.6471627,resting,fast,1787278739.9715214,-245.33655265600783,-187.589949730508,1344.4783966967234,14.069246229786746,-18.400241449200365,2.9725008278291423e-19
1787278819.6583767,resting,fast,1787278739.9715214,-245.27401139663698,-186.08714298058806,1342.0289810962759,13.956535723542931,-18.395550854747512,2.9750080550983885e-19
1787278819.6694477,resting,fast,1787278739.9715214,-246.15453654281328,-187.1167775300363,1344.4590977992402,14.03375831475164,-18.46159024071067,2.9786428407962378e-19
1787278819.6803176,resting,fast,1787278739.9715214,-245.04352084199536,-187.56053536204206,1337.4606918303498,14.067040152151922,-18.37826406314928,2.98004225719612e-19
1787278819.6916413,resting,fast,1787278739.9715214,-246.0814208802508,-188.78581018292778,1342.0844987312857,14.15893576371828,-18.45610656601854,2.9811849356432925e-19
1787278819.7027438,resting,fast,1787278739.9715214,-246.22677619102024,-188.33910617341883,1344.9996571522142,14.125432963005142,-18.467008214326505,2.982218571721761e-19
1787278819.713512,resting,fast,1787278739.9715214,-246.82749720494348,-187.79914769067534,1350.8469483069903,14.084936076799213,-18.512062290370558,2.982072253089647e-19
1787278819.725003,resting,fast,1787278739.9715214,-244.03999068298208,-186.27500306073114,1340.0309919039819,13.970625229553452,-18.30299930122348,2.9733245184589683e-19
1787278819.7397454,resting,fast,1787278739.9715214,-243.4678568085069,-185.9486390767055,1338.0334662829746,13.946147930751767,-18.260089260638182,2.974864169837117e-19
1787278819.7468312,resting,fast,1787278739.9715214,-242.48841926025534,-185.0786549801652,1338.6112031582607,13.880899123511089,-18.186631444518817,2.9768533126519587e-19
1787278819.7582965,resting,fast,1787278739.9715214,-243.68983799382704,-186.20203845713252,1345.0267310672361,13.965152884283757,-18.276737849536815,2.982031926893061e-19
1787278819.771275,resting,fast,1787278739.9715214,-242.36673340087827,-186.03421970478587,1343.009552991577,13.952566477857491,-18.17750500506545,2.9779597426947223e-19
1787278819.7800791,resting,fast,1787278739.9715214,-242.58873687360347,-187.10629574387633,1341.550231705748,14.032972180789375,-18.19415526552001,2.9758442822659883e-19
1787278819.7915058,resting,fast,1787278739.9715214,-241.95671995165276,-186.8914927221257,1334.3547430438402,14.01686195415802,-18.14675399637364,2.970434062233221e-19
1787278819.805433,resting,fast,1787278739.9715214,-242.89035278991787,-186.36618196108282,1336.5049984848838,13.977463647079919,-18.216776459243647,2.972949053353876e-19
1787278819.8132849,resting,fast,1787278739.9715214,-242.47890001715632,-185.93692399723307,1333.3420026986669,13.945269299791125,-18.18591750128632,2.9697460691811157e-19
1787278819.824534,resting,fast,1787278739.9715214,-243.80679823750825,-185.3304702095826,1339.600722218628,13.8997852657176,-18.285509867812927,2.9705860916897345e-19
1787278819.8389444,resting,fast,1787278739.9715214,-243.995655840989,-186.74695071353392,1341.5052836156292,14.00602130351388,-18.299674188073908,2.975596093683159e-19
1787278819.846793,resting,fast,1787278739.9715214,-244.69677788234048,-187.50823853439158,1345.0135528550263,14.063117890077951,-18.352258341175343,2.9812161681541713e-19
1787278819.8581212,resting,fast,1787278739.9715214,-243.9533776569774,-187.33532955123871,1344.243827258254,14.050149716341569,-18.296503324273026,2.9850939492538447e-19
1787278819.871684,resting,fast,1787278739.9715214,-244.36475536225817,-187.48601526700384,1343.8037270476607,14.061451145023913,-18.327356652169144,2.9828322804461634e-19
1787278819.8801382,resting,fast,1787278739.9715214,-245.5476467911817,-187.99664477759063,1342.3809771754777,14.099748358318141,-18.416073509338162,2.9844478231210995e-19
1787278819.8915575,resting,fast,1787278739.9715214,-245.93380367177133,-189.2375006484416,1343.4760146310264,14.192812548632038,-18.445035275382686,2.984751751551876e-19
1787278819.9042783,resting,fast,1787278739.9715214,-244.97933189839432,-188.6426991942668,1339.816224737834,14.14820243956905,-18.373449892379348,2.981824916247469e-19
1787278819.9132798,resting,fast,1787278739.9715214,-244.90920988474636,-187.35678112979087,1341.1498782517529,14.051758584732855,-18.368190741356152,2.9805397354458667e-19
1787278819.9247305,resting,fast,1787278739.9715214,-242.79828177737954,-185.78883383529967,1338.0624371616495,13.93416253764622,-18.209871133303025,2.977170762681714e-19
1787278819.9388947,resting,fast,1787278739.9715214,-243.3569586757917,-186.31524162246149,1337.3146500723096,13.973643121683526,-18.251771900684233,2.9779678431597584e-19
1787278819.9466934,resting,fast,1787278739.9715214,-241.92524108595035,-187.42096887638752,1333.018936403697,14.056572665727987,-18.14439308144604,2.9728366628165956e-19
1787278819.9580162,resting,fast,1787278739.9715214,-244.87581478739276,-188.71674758207826,1336.473628767052,14.153756068654676,-18.365686109054415,2.9768711866318964e-19
1787278819.9720945,resting,fast,1787278739.9715214,-245.9819843090586,-188.76610331369864,1338.9398500289308,14.157457748526074,-18.44864882317929,2.9770671186594417e-19
1787278819.979937,resting,fast,1787278739.9715214,-247.2776423070668,-188.8154632452921,1342.5792872967186,14.161159743395576,-18.545823173029838,2.980774494407592e-19
1787278819.9913716,resting,fast,1787278739.9715214,-245.60291400115557,-187.858371753509,1340.238610404239,14.08937788151177,-18.420218550086567,2.978036640340313e-19
1787278820.005174,resting,fast,1787278739.9715214,-245.03143752784354,-187.92225025156006,1343.6874395840105,14.09416876886566,-18.377357814588173,2.981897105333774e-19
1787278820.0131571,resting,fast,1787278739.9715214,-245.09339049218352,-186.60747320658777,1344.3545570175384,13.995560490492952,-18.382004286913507,2.9799767333417584e-19
1787278820.024651,resting,fast,1787278739.9715214,-246.19731114371234,-187.17633711197016,1346.0564757681504,14.038225283396745,-18.464798335778248,2.98146017394602e-19
1787278820.0379405,resting,fast,1787278739.9715214,-245.9907230557069,-187.12841622367625,1342.7222519691977,14.034631216774574,-18.44930422917789,2.9808579587981283e-19
1787278820.0466926,resting,fast,1787278739.9715214,-245.44548560646172,-186.98332313105368,1341.9857747078286,14.023749234827836,-18.40841142048437,2.9829791006840696e-19
1787278820.057958,resting,fast,1787278739.9715214,-244.17624589993602,-186.28432297620213,1338.2062301901506,13.971324223214058,-18.313218442495142,2.9805395976200086e-19
1787278820.0706675,resting,fast,1787278739.9715214,-243.8774754659794,-184.88548917830997,1336.9507377048767,13.866411688372,-18.290810659948264,2.975600398259318e-19
1787278820.0800104,resting,fast,1787278739.9715214,-243.32867738493724,-185.0291351550344,1334.7806207567746,13.8771851366262,-18.249650803870196,2.977496705012892e-19
1787278820.091219,resting,fast,1787278739.9715214,-243.92137151546422,-185.21191115903923,1339.141651928362,13.890893336926613,-18.294102863659752,2.9812047346769516e-19
1787278820.1039715,resting,fast,1787278739.9715214,-243.75629120907206,-185.61374251898098,1339.841625769469,13.921030688922475,-18.28172184068037,2.9803051478971583e-19
1787278820.1132472,resting,fast,1787278739.9715214,-243.65447481762612,-185.79480628653948,1340.9676088536899,13.934610471489524,-18.274085611321738,2.9791017850750636e-19
1787278820.1244893,resting,fast,1787278739.9715214,-243.79094356569158,-185.98839278070398,1335.9662328635104,13.949129458551713,-18.284320767426692,2.973482237910329e-19
1787278820.1369638,resting,fast,1787278739.9715214,-243.8717152366139,-186.21928539587805,1336.3493953480784,13.966446404689453,-18.290378642745907,2.9741418235996026e-19
1787278820.1465547,resting,fast,1787278739.9715214,-244.35748154682778,-185.16430064361737,1337.3956216545294,13.887322548270323,-18.32681111601204,2.9718609773324283e-19
1787278820.1578717,resting,fast,1787278739.9715214,-243.50397225280676,-184.7664000565045,1342.5788570429986,13.857480004236653,-18.262797918960473,2.978367844098477e-19
1787278820.1703303,resting,fast,1787278739.9715214,-243.57782937306865,-184.1388146616688,1342.2327785157458,13.810411099624023,-18.268337202979872,2.9782013629977386e-19
1787278820.1798446,resting,fast,1787278739.9715214,-244.7416777521189,-184.87475798924663,1342.4514753434441,13.86560684919218,-18.355625831408695,2.979590310224266e-19
1787278820.1911519,resting,fast,1787278739.9715214,-245.58375771830788,-185.61363078793022,1340.1818285226718,13.921022309093775,-18.418781828872767,2.97581395017064e-19
1787278820.2019138,resting,fast,1787278739.9715214,-245.12847271224882,-186.33941113703474,1340.4232584494994,13.975455835276524,-18.384635453418518,2.975366112762918e-19
1787278820.2129638,resting,fast,1787278739.9715214,-243.6588620137304,-185.0258400411666,1333.8071206074956,13.876938003086313,-18.27441465102965,2.971208997833283e-19
1787278820.2245283,resting,fast,1787278739.9715214,-243.56508267687013,-184.98426463994917,1329.045190335858,13.873819847995097,-18.26738120076515,2.965398210950972e-19
1787278820.2359521,resting,fast,1787278739.9715214,-243.82628164226526,-183.80611512239614,1329.769032163099,13.785458634178557,-18.286971123169508,2.966531715256668e-19
1787278820.24646,resting,fast,1787278739.9715214,-242.9041855377368,-184.30593178201127,1333.7264377811798,13.822944883649715,-18.217813915330105,2.967084044242472e-19
1787278820.2574692,resting,fast,1787278739.9715214,-242.78294072301424,-184.56491486571292,1337.1136785812332,13.842368614927214,-18.208720554225863,2.973649114230038e-19
1787278820.2685251,resting,fast,1787278739.9715214,-242.78155118743825,-185.78934020527856,1336.3282639892232,13.934200515394526,-18.2086163390577,2.9743614880112483e-19
1787278820.2796192,resting,fast,1787278739.9715214,-244.95862360108595,-187.333652538823,1338.2716010031081,14.05002394041053,-18.371896770081413,2.9782448439959194e-19
1787278820.291217,resting,fast,1787278739.9715214,-245.1368117544248,-186.92785500853518,1339.558006916296,14.019589125638905,-18.385260881581836,2.98035063420795e-19
1787278820.3022377,resting,fast,1787278739.9715214,-244.8585767961972,-186.62053058847107,1341.0202388688458,13.996539794134083,-18.36439325971463,2.9806959038087363e-19
1787278820.313219,resting,fast,1787278739.9715214,-243.19201231351735,-186.40516439763167,1342.3001345517705,13.980387329821216,-18.239400923513493,2.9814613321925636e-19
1787278820.3242993,resting,fast,1787278739.9715214,-243.06426307475294,-186.18845974933822,1339.7468875074474,13.964134481199043,-18.22981973060628,2.975610461308507e-19
1787278820.335277,resting,fast,1787278739.9715214,-244.54242722825484,-186.46769745590666,1341.7936525236119,13.985077309191798,-18.340682042118992,2.97653554835179e-19
1787278820.3463633,resting,fast,1787278739.9715214,-244.24079948443114,-184.45480047094486,1337.8368321738826,13.834110035319686,-18.31805996133224,2.9714310946128914e-19
1787278820.357672,resting,fast,1787278739.9715214,-243.92875595130272,-184.09632276730406,1340.4283674439694,13.807224207546728,-18.294656696347573,2.9745419743711643e-19
1787278820.3685436,resting,fast,1787278739.9715214,-242.52546938809746,-183.43202115320935,1333.2476358143385,13.757401586489497,-18.189410204107126,2.972606842222159e-19
1787278820.3795602,resting,fast,1787278739.9715214,-243.9885520862449,-186.1420758191697,1333.519085667108,13.960655686436557,-18.299141406468088,2.9725088615290763e-19
1787278820.3906891,resting,fast,1787278739.9715214,-243.9749303987478,-185.9644018527398,1333.1164959031494,13.94733013895409,-18.29811977990591,2.970061816910386e-19
1787278820.4019532,resting,fast,1787278739.9715214,-243.81463782771198,-186.37741917759956,1332.4529925047727,13.978306438318572,-18.286097837078216,2.9695164621288243e-19
1787278820.413145,resting,fast,1787278739.9715214,-242.36408760737731,-183.59404050473188,1331.6950768412653,13.769553037853601,-18.17730657055302,2.9713938192365823e-19
1787278820.4243345,resting,fast,1787278739.9715214,-242.65185786346274,-184.97576576542372,1333.098164860009,13.873182432405503,-18.19888933975937,2.976333834064846e-19
1787278820.4355948,resting,fast,1787278739.9715214,-243.37256153686258,-184.6400049581108,1336.9071507985618,13.848000371857129,-18.252942115264595,2.978766855243927e-19
1787278820.4463634,resting,fast,1787278739.9715214,-243.5158127066693,-186.56336478793298,1335.9259233148832,13.992252359093886,-18.263685952999964,2.977514862352886e-19
1787278820.4575849,resting,fast,1787278739.9715214,-243.57191660290073,-187.45012498692233,1334.9228495076322,14.058759374018098,-18.26789374521747,2.977533797750811e-19
1787278820.4685555,resting,fast,1787278739.9715214,-243.8412181888266,-186.85688451381463,1335.3703388485674,14.014266338534643,-18.288091364162035,2.9753550114947045e-19
1787278820.4794896,resting,fast,1787278739.9715214,-243.2301856660356,-187.51634184060993,1332.40468398963,14.063725638044435,-18.24226392495237,2.974527068336115e-19
1787278820.4907975,resting,fast,1787278739.9715214,-245.12211302335754,-188.40439286484172,1338.2217640357421,14.130329464861791,-18.384158476751544,2.9781376496044806e-19
1787278820.5019891,resting,fast,1787278739.9715214,-245.58811201820617,-190.09104350412747,1340.7873956598278,14.25682826280843,-18.4191084013654,2.9797782147813576e-19
1787278820.5130696,resting,fast,1787278739.9715214,-246.72982078061295,-188.70060687940088,1345.278375274408,14.152545515953822,-18.50473655854543,2.9781250678568553e-19
1787278820.524105,resting,fast,1787278739.9715214,-245.53300828023248,-186.1623589193499,1340.5674453617967,13.962176918950238,-18.41497562101724,2.9690935877433025e-19
1787278820.5351624,resting,fast,1787278739.9715214,-244.60363472537074,-186.57822883310826,1337.6908891636876,13.993367162482006,-18.34527260440248,2.9674375031097986e-19
1787278820.5464098,resting,fast,1787278739.9715214,-244.67653078190642,-186.54158502496205,1338.9552528700997,13.99061887687083,-18.350739808642906,2.9722474545552206e-19
1787278820.5575528,resting,fast,1787278739.9715214,-243.57955826893385,-185.9950719870145,1339.4174812137762,13.949630399024972,-18.268466870169945,2.975848894669037e-19
1787278820.5681102,resting,fast,1787278739.9715214,-243.94687652028142,-183.48476638222462,1342.3910228625764,13.761357478665548,-18.296015739020987,2.9733636269596323e-19
1787278820.5793085,resting,fast,1787278739.9715214,-244.81425071065541,-184.0895783764155,1345.9730578581266,13.806718378229878,-18.361068803298814,2.9717769776742783e-19
1787278820.5907795,resting,fast,1787278739.9715214,-244.596105118379,-183.3675972324039,1342.5474771879717,13.752569792429018,-18.34470788387815,2.966459069850427e-19
1787278820.6018338,resting,fast,1787278739.9715214,-244.08669924498236,-184.49129683284912,1337.9601257691947,13.83684726246236,-18.306502443373226,2.9676302031017117e-19
1787278820.6131444,resting,fast,1787278739.9715214,-243.34654751882726,-184.29595213789537,1333.1379419246796,13.822196410340883,-18.25099106391187,2.967532514554976e-19
1787278820.6242828,resting,fast,1787278739.9715214,-242.91350706391995,-186.26858002464462,1332.9499622438916,13.97014350184715,-18.218513029793854,2.9693646833454995e-19
1787278820.6353705,resting,fast,1787278739.9715214,-243.56152077562047,-186.51025143379331,1335.1278786916546,13.988268857533104,-18.26711405817143,2.9728075887270042e-19
1787278820.6464033,resting,fast,1787278739.9715214,-242.59174766446677,-186.45823439460457,1338.5780794151915,13.984367579594124,-18.194381074834737,2.9731780839052543e-19
1787278820.6575844,resting,fast,1787278739.9715214,-244.9662240959192,-186.41986663896648,1344.3936654838408,13.981489997921347,-18.37246680719391,2.977917820487443e-19
1787278820.668254,resting,fast,1787278739.9715214,-244.64623338052888,-186.48919943758722,1347.2594269348456,13.986689957817735,-18.348467503539503,2.9781575229662493e-19
1787278820.6795402,resting,fast,1787278739.9715214,-245.68310634955606,-186.15570470494947,1342.5921888255061,13.961677852870057,-18.42623297621634,2.9752270816331427e-19
1787278820.6907332,resting,fast,1787278739.9715214,-243.7983981190032,-186.23238358540323,1337.308654564239,13.967428768904089,-18.28487985892516,2.9732826621069893e-19
1787278820.701524,resting,fast,1787278739.9715214,-243.30365821016994,-185.29165166474888,1328.7707711795838,13.896873874854837,-18.247774365762602,2.965986660152785e-19
1787278820.712915,resting,fast,1787278739.9715214,-242.5968132624089,-185.24246064161582,1331.6683019112543,13.893184548120093,-18.194760994680536,2.9676002631223277e-19
1787278820.7238612,resting,fast,1787278739.9715214,-243.86661300586047,-184.26599170215889,1336.7898270198502,13.81994937766088,-18.289995975439183,2.971135210471355e-19
1787278820.734963,resting,fast,1787278739.9715214,-245.1143823989828,-186.49123125489643,1342.859582409471,13.986842344116145,-18.383578679923545,2.978708633098721e-19
1787278820.7463043,resting,fast,1787278739.9715214,-246.15590880283844,-186.9476432844616,1342.9486458087022,14.021073246333305,-18.461693160212825,2.978053544378636e-19
1787278820.757348,resting,fast,1787278739.9715214,-245.95717738393478,-187.06391193076718,1339.7882906168115,14.029793394806322,-18.446788303794982,2.975061956098941e-19
1787278820.768484,resting,fast,1787278739.9715214,-246.03075916530133,-185.99192004056533,1342.48332664005,13.949394003040911,-18.452306937397545,2.9748936813567824e-19
1787278820.779577,resting,fast,1787278739.9715214,-246.29093722729476,-187.00715371831723,1343.711935500548,14.025536528872511,-18.471820292046914,2.979876693563841e-19
1787278820.7906482,resting,fast,1787278739.9715214,-246.13893629947643,-185.52726135181263,1345.529374774972,13.914544601384424,-18.46042022246045,2.9829428057591945e-19
1787278820.8018649,resting,fast,1787278739.9715214,-245.13408392371866,-184.62324213870045,1343.8213958366841,13.846743160401179,-18.385056294278506,2.981211922785836e-19
1787278820.8127565,resting,fast,1787278739.9715214,-245.0562405237747,-183.58664051756602,1344.1080010247979,13.76899803881614,-18.37921803928294,2.9791816296049885e-19
1787278820.8238933,resting,fast,1787278739.9715214,-245.01361155243058,-185.35330492715877,1343.4906230365696,13.901497869535834,-18.376020866432015,2.9774443193155676e-19
1787278820.8346565,resting,fast,1787278739.9715214,-244.87396780837616,-185.35340441009237,1339.7126233129175,13.901505330755686,-18.365547585628036,2.973289108101179e-19
1787278820.84554,resting,fast,1787278739.9715214,-245.1614388975854,-185.51622260098054,1343.4906922404598,13.9137166950721,-18.387107917318758,2.9714910462241264e-19
1787278820.8571477,resting,fast,1787278739.9715214,-244.64788432956038,-185.34116142270943,1341.6354103372641,13.900587106701995,-18.3485913247167,2.9697506818883785e-19
1787278820.868063,resting,fast,1787278739.9715214,-244.85926812659955,-186.2574799287937,1340.4035608467666,13.969310994658134,-18.36444510949471,2.9696049486311657e-19
1787278820.8793588,resting,fast,1787278739.9715214,-244.232970854609,-185.7296960778525,1335.4386709141008,13.929727205837825,-18.317472814095666,2.9714341873067237e-19
1787278820.8903384,resting,fast,1787278739.9715214,-244.1818190060735,-186.27798186814755,1336.0526052373943,13.970848640110109,-18.313636425455414,2.969713030114571e-19
1787278820.9012215,resting,fast,1787278739.9715214,-247.11197918310927,-187.25987772617816,1347.5425270841451,14.044490829462237,-18.533398438733172,2.9808977980507415e-19
1787278820.9123855,resting,fast,1787278739.9715214,-247.300873691785,-187.04920575362723,1351.100761468032,14.028690431520634,-18.547565526883588,2.9811692494088785e-19
1787278820.923793,resting,fast,1787278739.9715214,-247.55004857981885,-186.34857902506667,1350.1916043270276,13.97614342687908,-18.566253643486135,2.9808040288976374e-19
1787278820.9346735,resting,fast,1787278739.9715214,-245.91118333026998,-185.3064759215116,1342.5734560325536,13.897985694111927,-18.44333874977007,2.972905834348545e-19
1787278820.9459326,resting,fast,1787278739.9715214,-245.62706307611688,-185.69533797500833,1341.25984886489,13.927150348124417,-18.422029730708353,2.9745296124681493e-19
1787278820.9571025,resting,fast,1787278739.9715214,-245.05788137442278,-185.602214202553,1338.7398598259979,13.920166065190262,-18.379341103081522,2.9738723693968734e-19
1787278820.9677799,resting,fast,1787278739.9715214,-244.7188719921137,-184.24669966975796,1341.3864453690903,13.818502475230677,-18.353915399408464,2.975900573304491e-19
1787278820.9791927,resting,fast,1787278739.9715214,-244.43166223321214,-184.00254900461198,1342.8504762718794,13.800191175345038,-18.332374667490562,2.9755121141400105e-19
1787278820.9903843,resting,fast,1787278739.9715214,-245.67266298375353,-183.23932019645497,1350.2826761371443,13.742949014733032,-18.42544972378127,2.9797972147341604e-19
1787278821.0010638,resting,fast,1787278739.9715214,-245.4130062146519,-184.96692905008342,1348.448558669178,13.872519678755086,-18.405975466098752,2.977350235669694e-19
1787278821.0124261,resting,fast,1787278739.9715214,-245.50931746070046,-184.98569538206368,1343.9796357564292,13.873927153653572,-18.413198809552455,2.9723664841555456e-19
1787278821.0236201,resting,fast,1787278739.9715214,-245.1998921449699,-186.30964096156515,1341.941007749404,13.973223072116003,-18.389991910872396,2.9711087459332413e-19
1787278821.0345263,resting,fast,1787278739.9715214,-244.58911232227138,-186.1165247720411,1338.3519372776582,13.958739357902065,-18.344183424170204,2.9688158927073494e-19
1787278821.0456374,resting,fast,1787278739.9715214,-244.37459405943764,-187.59615439325614,1341.1109990969444,14.069711579492935,-18.328094554457763,2.9745085323172542e-19
1787278821.0568957,resting,fast,1787278739.9715214,-245.55451964251324,-188.23455362789684,1342.242284757408,14.117591522090965,-18.41658897318827,2.9772126464998343e-19
1787278821.0679595,resting,fast,1787278739.9715214,-244.9576873595629,-187.5659326967558,1344.5517599285968,14.067444952255375,-18.371826551967118,2.9778266015884e-19
1787278821.0790699,resting,fast,1787278739.9715214,-247.1578959209014,-187.8066940518928,1347.5711649386512,14.085502053890782,-18.53684219406736,2.9739826193194176e-19
1787278821.089937,resting,fast,1787278739.9715214,-246.24521247930943,-187.63172463082321,1347.7571453361898,14.07237934731079,-18.468390935948122,2.97444577321661e-19
1787278821.1010063,resting,fast,1787278739.9715214,-247.69227236479082,-187.51524286510414,1352.8971297462167,14.063643214881527,-18.576920427358985,2.9790536075300647e-19
1787278821.1124532,resting,fast,1787278739.9715214,-247.15968826111157,-187.124507472966,1349.9037084330603,14.034338060471288,-18.536976619583164,2.982094654311925e-19
1787278821.123626,resting,fast,1787278739.9715214,-246.87126582123574,-186.45721876870914,1345.9330172119908,13.984291407652055,-18.51534493659242,2.978422827316873e-19
1787278821.1344423,resting,fast,1787278739.9715214,-246.36033220423496,-188.08637232221201,1341.6545074790165,14.10647792416454,-18.47702491531747,2.9750513920505275e-19
1787278821.1456962,resting,fast,1787278739.9715214,-245.98353250257287,-186.86624217575206,1347.1717147494319,14.014968163180232,-18.448764937692864,2.97562403424119e-19
1787278821.156884,resting,fast,1787278739.9715214,-246.6788621056089,-186.9794371660049,1351.9366623098076,14.023457787448951,-18.500914657920376,2.978311882735586e-19
1787278821.1675246,resting,fast,1787278739.9715214,-247.61034741804133,-185.5016034718534,1354.771679477436,13.912620260387616,-18.570776056352912,2.9779896648495707e-19
1787278821.179024,resting,fast,1787278739.9715214,-247.0621468248014,-186.37742988096522,1351.5327837701889,13.978307241071253,-18.52966101185985,2.979232580403124e-19
1787278821.1901982,resting,fast,1787278739.9715214,-246.96938028235263,-185.78632526307513,1350.1656612358793,13.933974394729379,-18.522703521176233,2.977747517043903e-19
1787278821.20072,resting,fast,1787278739.9715214,-247.13389212211723,-184.58531038109174,1350.2501044934825,13.843898278580614,-18.5350419091586,2.9779156643744652e-19
1787278821.2124014,resting,fast,1787278739.9715214,-246.62680902620787,-183.8223422295299,1348.6243925629487,13.786675667213661,-18.497010676965523,2.9740586983261043e-19
1787278821.2235548,resting,fast,1787278739.9715214,-246.0582714447578,-184.05503872743077,1347.1979976489865,13.804127904556271,-18.454370358356705,2.972290586605955e-19
1787278821.2341266,resting,fast,1787278739.9715214,-244.2794838748,-185.65781186258175,1344.61517963791,13.92433588969256,-18.32096129061003,2.97282611258969e-19
1787278821.245667,resting,fast,1787278739.9715214,-245.12582225142296,-185.92654791552206,1345.6369783426862,13.94449109366305,-18.384436668856495,2.9765772878227188e-19
1787278821.2567391,resting,fast,1787278739.9715214,-245.4995206145354,-187.0011512621462,1346.041648698675,14.025086344659872,-18.4124640460899,2.97863345656076e-19
1787278821.2674286,resting,fast,1787278739.9715214,-246.14676609009211,-187.30413391278387,1344.3122220422383,14.047810043457762,-18.461007456756676,2.977976443282299e-19
1787278821.2788806,resting,fast,1787278739.9715214,-247.89178370747095,-188.17521845916792,1344.2768441561284,14.113141384436506,-18.59188377806008,2.9709024262949026e-19
1787278821.290129,resting,fast,1787278739.9715214,-248.2294346900785,-188.94706251332343,1343.7479913637117,14.171029688497942,-18.6172076017557,2.97096944074595e-19
1787278821.3008275,resting,fast,1787278739.9715214,-249.04362768407782,-188.22574098075586,1348.0119294862043,14.116930573555582,-18.678272076305596,2.973203372756277e-19
1787278821.3121915,resting,fast,1787278739.9715214,-247.14126495154642,-188.35755717157838,1346.0261577144875,14.126816787867089,-18.535594871365618,2.9784317756739117e-19
1787278821.323382,resting,fast,1787278739.9715214,-245.3563162425712,-186.8106971848507,1343.3333860878238,14.010802288862497,-18.40172371819262,2.974839765700252e-19
1787278821.334104,resting,fast,1787278739.9715214,-243.94736995816447,-187.5121612356885,1339.1029448027084,14.063412092675694,-18.29605274686233,2.9713806812303264e-19
1787278821.3454986,resting,fast,1787278739.9715214,-242.56775354822958,-184.52244415376015,1341.456027323723,13.839183311530949,-18.192581516116974,2.972452127158137e-19
1787278821.3565903,resting,fast,1787278739.9715214,-244.31193054715686,-185.53839697696924,1346.5824531549924,13.91537977327167,-18.323394791036435,2.9775482155795367e-19
1787278821.367567,resting,fast,1787278739.9715214,-245.129757750748,-186.77743138066728,1350.9988770976934,14.008307353549146,-18.38473183130587,2.9832556306810516e-19
1787278821.3787718,resting,fast,1787278739.9715214,-245.4081460276716,-189.30975325056727,1346.1457488848546,14.198231493791514,-18.405610952075108,2.9802860398505726e-19
1787278821.389915,resting,fast,1787278739.9715214,-244.7220152520781,-187.12720321263862,1343.26799006085,14.034540240946757,-18.354151143905575,2.9775858962313793e-19
1787278821.4005988,resting,fast,1787278739.9715214,-244.93884772655156,-185.88810810884627,1341.6048074791734,13.941608108162203,-18.370413579491192,2.9751273318640095e-19
1787278821.4123008,resting,fast,1787278739.9715214,-246.9191894008577,-185.196297578692,1346.3544728182687,13.889722318400917,-18.518939205064164,2.9765711760224395e-19
1787278821.423215,resting,fast,1787278739.9715214,-247.36593792624853,-186.3532999990299,1348.7992700108616,13.976497499926186,-18.552445344468516,2.97825334910988e-19
1787278821.4343483,resting,fast,1787278739.9715214,-248.00543054986838,-186.7623889683308,1349.1901256917017,14.007179172623726,-18.60040729123996,2.978946374112635e-19
1787278821.4454384,resting,fast,1787278739.9715214,-247.2611768590864,-187.1152931729531,1348.9834792029042,14.033646987970247,-18.544588264431333,2.9803374289877906e-19
1787278821.4565964,resting,fast,1787278739.9715214,-247.06228210947165,-187.43391333858324,1349.1123398263217,14.057543500392672,-18.529671158210107,2.9798785380166256e-19
1787278821.4672863,resting,fast,1787278739.9715214,-246.8053130350131,-186.54552991658363,1349.4930969425286,13.99091474374271,-18.510398477625778,2.979593767983433e-19
1787278821.4786465,resting,fast,1787278739.9715214,-246.27004657084262,-187.30176933614564,1347.8044191811086,14.047632700209792,-18.470253492813022,2.9798779148201043e-19
1787278821.489906,resting,fast,1787278739.9715214,-246.9727430979642,-187.47560229108137,1346.5615538635566,14.060670171829774,-18.52295573234705,2.978667065098312e-19
1787278821.5005774,resting,fast,1787278739.9715214,-246.14910104862201,-187.61706717486902,1349.7063176082402,14.071280038113901,-18.461182578646245,2.9816284333285885e-19
1787278821.5120435,resting,fast,1787278739.9715214,-246.506267111306,-186.57464930501044,1346.9488288569764,13.993098697874391,-18.487970033347587,2.9744885185523422e-19
1787278821.523342,resting,fast,1787278739.9715214,-246.31726905415098,-186.079350999623,1348.1213233861736,13.955951324970616,-18.473795179061206,2.9784317041961264e-19
1787278821.533871,resting,fast,1787278739.9715214,-246.86530570232617,-185.5977317198259,1343.125437753325,13.919829878985357,-18.514897927674184,2.973066380821509e-19
1787278821.545343,resting,fast,1787278739.9715214,-247.1566928452089,-186.6788071787479,1347.1670955442814,14.000910538404998,-18.536751963390294,2.980628482934253e-19
1787278821.5564642,resting,fast,1787278739.9715214,-246.8304910199281,-187.26269592546134,1346.168672751547,14.044702194408533,-18.51228682649446,2.9805272875220556e-19
1787278821.5671525,resting,fast,1787278739.9715214,-246.47424881659072,-187.13270903869477,1348.5472659318484,14.034953177900949,-18.485568661244123,2.9821954405022463e-19
1787278821.5786254,resting,fast,1787278739.9715214,-244.46913641555557,-185.63230035893037,1344.5875209194683,13.922422526918357,-18.33518523116644,2.979095213509899e-19
1787278821.5898678,resting,fast,1787278739.9715214,-243.76620642534226,-185.6955282688183,1343.6196042974198,13.927164620160429,-18.282465481900495,2.975722527070994e-19
1787278821.6006174,resting,fast,1787278739.9715214,-244.88310652512928,-187.88669681144336,1343.487657121842,14.091502260857073,-18.366232989384642,2.9771362367046186e-19
1787278821.611997,resting,fast,1787278739.9715214,-246.82469202499715,-189.02661443303975,1346.9774005214904,14.176996082476752,-18.511851901874813,2.9822331254258613e-19
1787278821.6232095,resting,fast,1787278739.9715214,-247.24788705982382,-188.31740771569514,1345.2084171671622,14.123805578676116,-18.5435915294865,2.9774574772894203e-19
1787278821.6337438,resting,fast,1787278739.9715214,-245.59974858313444,-187.2311520118459,1341.990232824398,14.042336400887383,-18.41998114373498,2.9739720011733674e-19
1787278821.6451616,resting,fast,1787278739.9715214,-244.64346392293328,-187.556232850755,1339.1638869276803,14.066717463805436,-18.348259794219835,2.9691544408978444e-19
1787278821.6564894,resting,fast,1787278739.9715214,-244.65112629157784,-187.8247880970606,1339.5893818787818,14.086859107278276,-18.348834471868173,2.972986390168427e-19
1787278821.6669574,resting,fast,1787278739.9715214,-244.90665154455337,-187.63935306297105,1342.3785347441963,14.072951479721755,-18.367998865841308,2.976476451105344e-19
1787278821.6784806,resting,fast,1787278739.9715214,-245.33246078695583,-186.12007240884884,1346.6336997614753,13.959005430662462,-18.399934559021368,2.976358862469483e-19
1787278821.6897745,resting,fast,1787278739.9715214,-244.23962155837626,-185.7748994537809,1343.8237160244398,13.933117459032392,-18.31797161687807,2.9729124167207957e-19
1787278821.7004004,resting,fast,1787278739.9715214,-244.17007192160463,-184.77772309127784,1343.9173685235246,13.858329231844497,-18.31275539412014,2.9736550365548123e-19
1787278821.7117982,resting,fast,1787278739.9715214,-244.42948676044534,-183.83542717499483,1342.3610727955793,13.787657038123559,-18.332211507033094,2.9763683444848746e-19
1787278821.7230217,resting,fast,1787278739.9715214,-245.08298406319545,-183.43991178411227,1346.3764865539952,13.757993383807207,-18.381223804739406,2.978362738877354e-19
1787278821.7338228,resting,fast,1787278739.9715214,-245.1753330939605,-184.00588015038727,1345.2986024433476,13.800441011278014,-18.388149982046876,2.97490366491563e-19
1787278821.745107,resting,fast,1787278739.9715214,-243.63296339116687,-184.73153827383578,1344.3624506592978,13.854865370536661,-18.2724722543374,2.970269676254065e-19
1787278821.7563224,resting,fast,1787278739.9715214,-243.50519577748628,-184.65269909625442,1344.1686714234393,13.848952432217846,-18.262889683311485,2.9713206858749053e-19
1787278821.766871,resting,fast,1787278739.9715214,-244.68094864283512,-185.61970425657262,1346.9440235224292,13.921477819241762,-18.35107114821256,2.9754960510844857e-19
1787278821.7783856,resting,fast,1787278739.9715214,-245.62065428674714,-186.61390768422882,1346.5420698377593,13.996043076316074,-18.42154907150573,2.976645804299743e-19
1787278821.789644,resting,fast,1787278739.9715214,-246.14990102851016,-187.0541891454394,1351.2687084194813,14.029064185906837,-18.46124257713813,2.980152323444428e-19
1787278821.8001935,resting,fast,1787278739.9715214,-245.00321361409942,-185.63239623939864,1349.0283061834862,13.922429717953936,-18.37524102105749,2.97884213728871e-19
1787278821.8117266,resting,fast,1787278739.9715214,-244.96585034851933,-186.12037527660812,1348.631132546191,13.959028145744458,-18.372438776138864,2.979202821094618e-19
1787278821.8228972,resting,fast,1787278739.9715214,-244.7533971387934,-185.73643917042125,1346.4410374961653,13.930232937780534,-18.35650478540918,2.9806905952137096e-19
1787278821.833638,resting,fast,1787278739.9715214,-245.33046612075623,-186.98040116575373,1345.8613681901397,14.023530087430562,-18.399784959056653,2.9801147137830293e-19
1787278821.845014,resting,fast,1787278739.9715214,-244.9143329035919,-185.71448402501653,1341.654221693373,13.92858630187509,-18.368574967769426,2.9774468333591356e-19
1787278821.8561223,resting,fast,1787278739.9715214,-245.39892289413956,-186.3565097272093,1342.5140011858557,13.976738229539823,-18.404919217060225,2.976050382421622e-19
1787278821.8668232,resting,fast,1787278739.9715214,-244.91089556887937,-185.54239528126493,1343.8177439462206,13.915679646093754,-18.368317167665865,2.974814944964895e-19
1787278821.878132,resting,fast,1787278739.9715214,-245.20236035882272,-185.87497425051345,1350.3587539187802,13.940623068787449,-18.390177026911537,2.9777872061879685e-19
1787278821.8894403,resting,fast,1787278739.9715214,-242.70312936298933,-184.90404367567965,1341.9246554101983,13.867803275674962,-18.202734702223637,2.9701111606648305e-19
1787278821.9002454,resting,fast,1787278739.9715214,-242.45633803115697,-185.25460945369343,1344.4811937005206,13.894095709026093,-18.184225352336654,2.9721384896070956e-19
1787278821.9115903,resting,fast,1787278739.9715214,-242.15108371258475,-185.61008614210357,1341.3133208405607,13.92075646065658,-18.161331278443406,2.9727960276918544e-19
1787278821.922753,resting,fast,1787278739.9715214,-244.59666010666797,-186.76203994564287,1350.0231474266902,14.007152995922215,-18.344749507999786,2.98122959943862e-19
1787278821.9334228,resting,fast,1787278739.9715214,-244.96341620566227,-186.61178959852816,1350.0040459125894,13.995884219888783,-18.372256215424507,2.9795743522543875e-19
1787278821.9448197,resting,fast,1787278739.9715214,-244.6888723283805,-186.0278281288803,1350.6937458200746,13.952087109664863,-18.351665424628145,2.979364469249351e-19
1787278821.9560263,resting,fast,1787278739.9715214,-244.8603294802183,-185.34584713096854,1350.860775507991,13.900938534821567,-18.364524711016266,2.9783031025815996e-19
1787278821.966733,resting,fast,1787278739.9715214,-245.6101716909302,-185.79350182395262,1348.9576733485,13.934512636795336,-18.42076287681966,2.9797029551722334e-19
1787278821.9781976,resting,fast,1787278739.9715214,-245.78111751727147,-186.34159781559367,1348.918398959845,13.97561983616821,-18.43358381379487,2.976583016579117e-19
1787278821.9893103,resting,fast,1787278739.9715214,-244.9901050015801,-186.9050514223003,1345.477685063027,14.017878856671405,-18.374257875118346,2.9745210998698014e-19
1787278821.999989,resting,fast,1787278739.9715214,-245.71478304222137,-186.54491930046822,1346.5852989465266,13.990868947533944,-18.428608728166566,2.976682153037722e-19
1787278822.0110443,resting,fast,1787278739.9715214,-246.9940016204896,-186.40721205666375,1346.5205944050276,13.980540904248546,-18.524550121536507,2.9770196404672203e-19
1787278822.0225275,resting,fast,1787278739.9715214,-247.08541052910596,-185.89455807716456,1348.3279010801152,13.942091855786263,-18.53140578968292,2.979446639308249e-19
1787278822.033252,resting,fast,1787278739.9715214,-246.11731023759467,-185.98837104718143,1347.456894038346,13.949127828537701,-18.45879826781926,2.97814658246863e-19
1787278822.0449388,resting,fast,1787278739.9715214,-244.83183549791056,-185.67800509371102,1348.1183646983036,13.925850382027182,-18.36238766234314,2.97690905708707e-19
1787278822.056018,resting,fast,1787278739.9715214,-244.83269304944542,-186.98867929077176,1345.591794172159,14.024150946806603,-18.36245197870847,2.9756444143720014e-19
1787278822.0667558,resting,fast,1787278739.9715214,-244.34037118748756,-185.62297316237766,1342.1615844402486,13.921722987177322,-18.325527839061643,2.969105307648242e-19
1787278822.0780942,resting,fast,1787278739.9715214,-245.53605755270337,-187.19863542469932,1342.2335600174256,14.03989765685127,-18.415204316452446,2.975242624107966e-19
1787278822.0892377,resting,fast,1787278739.9715214,-245.1828172107157,-186.13182424371632,1344.3851920298266,13.959886818277699,-18.388711290803577,2.974695775754879e-19
1787278822.100016,resting,fast,1787278739.9715214,-244.99853262769784,-187.31548933080114,1345.3845475543849,14.048661699808807,-18.37488994707745,2.9767376467090527e-19
1787278822.1113675,resting,fast,1787278739.9715214,-245.07411215303318,-186.76732012232685,1346.9567649716982,14.00754900917335,-18.38055841147738,2.9730151334907765e-19
1787278822.1224701,resting,fast,1787278739.9715214,-245.69986960728374,-187.77943884537683,1345.1181875960601,14.083457913401933,-18.427490220546282,2.973358470730786e-19
1787278822.1333845,resting,fast,1787278739.9715214,-245.72063236773965,-187.8630791656666,1350.488095622236,14.089730937423969,-18.429047427580294,2.979076971172359e-19
1787278822.144675,resting,fast,1787278739.9715214,-246.18227673418323,-187.66356512796358,1352.2315307200852,14.07476738459616,-18.463670755063617,2.9835114657674e-19
1787278822.155832,resting,fast,1787278739.9715214,-245.1677316408136,-186.20140334986115,1351.3421855625247,13.965105251238473,-18.387579873061156,2.9823248426932643e-19
1787278822.1664765,resting,fast,1787278739.9715214,-246.22629199606263,-186.27035584965472,1349.6753669992513,13.970276688723136,-18.46697189970456,2.9783038127821063e-19
1787278822.178,resting,fast,1787278739.9715214,-244.8100294249839,-187.08515976422234,1347.7941748073836,14.031386982315613,-18.36075220687369,2.975694144745448e-19
1787278822.1891196,resting,fast,1787278739.9715214,-246.78787148085985,-186.97066759106076,1350.4861729181603,14.022800069328373,-18.509090361064196,2.9750646529259216e-19
1787278822.1997795,resting,fast,1787278739.9715214,-245.8601629897389,-185.845957333741,1348.8849379189205,13.938446800029315,-18.439512224230157,2.975109290132161e-19
1787278822.2111337,resting,fast,1787278739.9715214,-246.82121329922074,-184.8035048533294,1349.3660149502966,13.860262863998276,-18.511590997441175,2.9782470258651477e-19
1787278822.222296,resting,fast,1787278739.9715214,-245.7158219969965,-185.11708576546596,1347.9261007537252,13.883781432408572,-18.428686649774626,2.9769365493569247e-19
1787278822.2329996,resting,fast,1787278739.9715214,-245.25284345151022,-186.1297626340471,1345.002161374382,13.959732197552203,-18.393963258863153,2.9759101796921086e-19
1787278822.244558,resting,fast,1787278739.9715214,-244.21436964068607,-186.64291756746104,1345.2187133602902,13.998218817558413,-18.316077723051343,2.973733088000976e-19
1787278822.2556617,resting,fast,1787278739.9715214,-245.30220707018407,-188.55447259555456,1348.4532432801216,14.141585444665242,-18.39766553026366,2.9801398337013455e-19
1787278822.2663298,resting,fast,1787278739.9715214,-246.1306190850105,-188.69158178916962,1352.3130135568,14.151868634186602,-18.459796431375658,2.9834799421196677e-19
1787278822.2777407,resting,fast,1787278739.9715214,-247.56512421976868,-188.96286676613693,1354.5678685470439,14.172215007459034,-18.567384316482617,2.9852032295656584e-19
1787278822.2889812,resting,fast,1787278739.9715214,-247.28784832386236,-188.0331980792954,1352.9022999663548,14.102489855945823,-18.546588624289633,2.9798334624556578e-19
1787278822.2997432,resting,fast,1787278739.9715214,-247.44709628705868,-188.20525710585287,1349.8241023182263,14.115394282937746,-18.558532221529084,2.9811764466825684e-19
1787278822.31103,resting,fast,1787278739.9715214,-245.81547091694074,-187.53119850957762,1342.7672848413558,14.064839888217168,-18.43616031877029,2.974391348659203e-19
1787278822.3222258,resting,fast,1787278739.9715214,-244.68446756761523,-187.455010125576,1341.4657013315527,14.059125759417146,-18.351335067571,2.9735345750327555e-19
1787278822.3330188,resting,fast,1787278739.9715214,-244.93374382051252,-188.1652013142583,1344.55450297251,14.11239009856823,-18.37003078653835,2.973301134456794e-19
1787278822.3442943,resting,fast,1787278739.9715214,-245.1103006465214,-187.27275602381076,1345.9308236584302,14.045456701784591,-18.383272548489003,2.9750227364638356e-19
1787278822.3554587,resting,fast,1787278739.9715214,-245.20447199272485,-186.263561452227,1344.153945071549,13.969767108915836,-18.390335399454166,2.9756708855991914e-19
1787278822.3661811,resting,fast,1787278739.9715214,-245.08581417180494,-185.7095598900013,1341.6034733274455,13.928216991749114,-18.381436062885328,2.974194611638368e-19
1787278822.3775876,resting,fast,1787278739.9715214,-245.08191281359677,-186.29840970904695,1340.8257044078427,13.972380728177502,-18.38114346101991,2.976080849906762e-19
1787278822.388458,resting,fast,1787278739.9715214,-244.62325038114386,-186.11016351004844,1342.1699239142154,13.958262263252639,-18.346743778585576,2.9740423087687776e-19
1787278822.3995132,resting,fast,1787278739.9715214,-243.255511893713,-185.32939753117614,1337.9968048951987,13.89970481483724,-18.244163392028078,2.9716506499025617e-19
1787278822.410687,resting,fast,1787278739.9715214,-243.14545225630036,-185.0267858663243,1338.593655509124,13.877008939972942,-18.235908919222233,2.971982042007401e-19
1787278822.4218023,resting,fast,1787278739.9715214,-243.6392110773363,-184.94831084988448,1339.9406773534074,13.87112331374026,-18.27294083080006,2.9734046453267043e-19
1787278822.432896,resting,fast,1787278739.9715214,-241.52070387776394,-184.0094633153641,1337.3215404956109,13.80070974865119,-18.11405279083207,2.9706929777100316e-19
1787278822.444303,resting,fast,1787278739.9715214,-242.14936581403663,-184.9047590557367,1340.1426510182782,13.867856929179158,-18.161202436052747,2.972921571454145e-19
1787278822.4588406,resting,fast,1787278739.9715214,-242.43752333412021,-185.36092649037198,1338.8572680835596,13.902069486776913,-18.182814250059074,2.974016432181903e-19
1787278822.4661937,resting,fast,1787278739.9715214,-244.16343451759485,-186.76801057135106,1345.9003190863887,14.007600792850173,-18.31225758881942,2.9769027488313054e-19
1787278822.4775987,resting,fast,1787278739.9715214,-242.62414318992023,-186.35883002410458,1342.8739823513906,13.976912251806784,-18.196810739243688,2.9734361825308244e-19
1787278822.492233,resting,fast,1787278739.9715214,-243.09198803514892,-186.90786745568732,1346.3175359904626,14.018090059175297,-18.231899102635907,2.976595926612589e-19
1787278822.4994924,resting,fast,1787278739.9715214,-243.59866486308374,-187.06351078588557,1345.9373690551938,14.029763308940222,-18.269899864730945,2.9773479836800795e-19
1787278822.5109231,resting,fast,1787278739.9715214,-245.9665521505608,-187.41458184436817,1348.4858656444367,14.05609363832652,-18.44749141129185,2.982177139025407e-19
1787278822.5227118,resting,fast,1787278739.9715214,-245.99009222844006,-188.90809767755843,1346.1161640336659,14.168107325815715,-18.44925691713292,2.9821525442885824e-19
1787278822.5327353,resting,fast,1787278739.9715214,-245.43178096879865,-188.8572328901879,1342.2290933304457,14.164292466763118,-18.407383572659683,2.982327939799325e-19
1787278822.544141,resting,fast,1787278739.9715214,-244.75362532311965,-189.39624970561692,1342.6620062426546,14.20471872792017,-18.35652189923392,2.979812450057784e-19
1787278822.558386,resting,fast,1787278739.9715214,-244.21953833408634,-187.58550694139456,1340.3408364222041,14.068913020603521,-18.316465375056225,2.976177725564648e-19
1787278822.5662453,resting,fast,1787278739.9715214,-245.63242897408554,-188.99473596193218,1341.5278065915982,14.174605197143553,-18.422432173056123,2.9731231804361794e-19
1787278822.5775619,resting,fast,1787278739.9715214,-246.13765898233623,-188.32181783683347,1343.5613384699182,14.124136337761346,-18.46032442367492,2.9764727494835177e-19
1787278822.591179,resting,fast,1787278739.9715214,-246.00517641255692,-187.26801044362162,1346.1249875903077,14.045100783270389,-18.45038823094167,2.978768324255998e-19
1787278822.5996656,resting,fast,1787278739.9715214,-245.65113610431354,-184.5849307576649,1347.09847717086,13.84386980682368,-18.42383520782316,2.977195224199857e-19
1787278822.6109471,resting,fast,1787278739.9715214,-244.922170141454,-184.06854727258076,1341.0796366440181,13.805141045442387,-18.36916276060876,2.968724576931384e-19
1787278822.622195,resting,fast,1787278739.9715214,-245.87278254786952,-186.16726020651925,1339.2009300745804,13.96254451548791,-18.440458691090072,2.9694933763862665e-19
1787278822.632861,resting,fast,1787278739.9715214,-246.72040231297024,-188.67191408174938,1342.9016257017456,14.15039355612993,-18.50403017347253,2.9767219999974695e-19
1787278822.6441054,resting,fast,1787278739.9715214,-247.37895295745193,-189.65361966802095,1346.0249747826156,14.224021475100404,-18.553421471808697,2.9795744629290823e-19
1787278822.6552482,resting,fast,1787278739.9715214,-246.65422303394053,-188.92751928266455,1346.0262206024918,14.16956394619854,-18.499066727545376,2.976449752159248e-19
1787278822.666103,resting,fast,1787278739.9715214,-246.83385036629215,-189.09540320743974,1344.009991830645,14.1821552405568,-18.51253877747201,2.973682648739906e-19
1787278822.677632,resting,fast,1787278739.9715214,-246.50259781929935,-188.5819955939652,1343.7712513720207,14.143649669546296,-18.487694836447133,2.9753599706930904e-19
1787278822.6921058,resting,fast,1787278739.9715214,-246.19109988353057,-187.5828739325799,1344.3163397536036,14.068715544942098,-18.464332491264514,2.97476415684292e-19
1787278822.6995313,resting,fast,1787278739.9715214,-245.06691220336916,-185.62103276824234,1344.2371974082225,13.921577457617008,-18.38001841525258,2.976410760974105e-19
1787278822.7103229,resting,fast,1787278739.9715214,-244.8664709233276,-184.91817800677507,1338.6707647189132,13.86886335050669,-18.364985319249385,2.970433411107786e-19
1787278822.7231355,resting,fast,1787278739.9715214,-243.15037134835302,-184.86361530210854,1332.083402008965,13.864771147656857,-18.23627785112634,2.9684150783654134e-19
1787278822.7327895,resting,fast,1787278739.9715214,-242.02787957400187,-184.84773867710885,1329.95437756923,13.863580400781988,-18.15209096804996,2.9695883844142434e-19
1787278822.7442427,resting,fast,1787278739.9715214,-241.32020810192216,-184.49991349470918,1331.0701851589738,13.837493512102004,-18.099015607643885,2.969520448324682e-19
1787278822.757558,resting,fast,1787278739.9715214,-243.67064385452022,-186.20243833045708,1337.176240425245,13.965182874782958,-18.275298289088866,2.975396520836447e-19
1787278822.766155,resting,fast,1787278739.9715214,-244.3028532848416,-186.20050931457774,1335.5901689336742,13.965038198592087,-18.322713996363177,2.974749751098621e-19
1787278822.777502,resting,fast,1787278739.9715214,-245.96454032424526,-187.81539738297136,1340.8919880930926,14.08615480372156,-18.447340524318243,2.9797335767165657e-19
1787278822.7912543,resting,fast,1787278739.9715214,-246.44864379316505,-188.73729662416542,1343.3267484331436,14.155297246811049,-18.48364828448735,2.9788947762564127e-19
1787278822.7995026,resting,fast,1787278739.9715214,-247.04800808851496,-189.36933535868923,1348.5271389992859,14.202700151900675,-18.528600606638697,2.9791309948405647e-19
1787278822.810907,resting,fast,1787278739.9715214,-246.04215800774136,-189.0632118487241,1344.7802273209445,14.179740888653317,-18.453161850580337,2.9776775217143037e-19
1787278822.8242626,resting,fast,1787278739.9715214,-245.38954483853695,-187.27796290622985,1344.925689767405,14.045847217966344,-18.404215862890347,2.98026336480892e-19
1787278822.832689,resting,fast,1787278739.9715214,-245.40786694444387,-187.0344154211408,1343.1579987942414,14.02758115658445,-18.405590020833216,2.9813986989623746e-19
1787278822.8441126,resting,fast,1787278739.9715214,-245.5351495805303,-186.46465583263455,1348.9843459029335,13.984849187446574,-18.415136218539743,2.983791213668867e-19
1787278822.8575373,resting,fast,1787278739.9715214,-246.06598101058307,-188.01210576736128,1349.4389243640026,14.100907932550815,-18.45494857579351,2.984328373977867e-19
1787278822.8659494,resting,fast,1787278739.9715214,-244.83333744031597,-186.84741123318406,1345.8399862461874,14.01355584248785,-18.362500308023478,2.97921714695153e-19
1787278822.8774073,resting,fast,1787278739.9715214,-243.93351824444153,-186.80562955199923,1342.9344234928421,14.010422216398869,-18.295013868332987,2.980915495038272e-19
1787278822.8900986,resting,fast,1787278739.9715214,-242.92005975438906,-185.51930964651126,1341.3933291472395,13.913948223487356,-18.219004481579205,2.975987620866199e-19
1787278822.899172,resting,fast,1787278739.9715214,-244.0970011185932,-186.58336277888827,1343.5526608134742,13.993752208415362,-18.30727508389439,2.977700954937649e-19
1787278822.9106402,resting,fast,1787278739.9715214,-244.28837178496133,-186.75126995788844,1341.9103611586515,14.0063452468406,-18.32162788387214,2.9733214002036217e-19
1787278822.9232187,resting,fast,1787278739.9715214,-245.89177733975203,-187.37977518414493,1345.885268054185,14.053483138809657,-18.44188330048116,2.9782328079659036e-19
1787278822.9324877,resting,fast,1787278739.9715214,-244.84321018191667,-187.02012683665123,1344.0397963280511,14.026509512747811,-18.363240763643446,2.980099609917918e-19
1787278822.9435413,resting,fast,1787278739.9715214,-245.41364483455573,-186.99485250887903,1343.50413222338,14.024613938164638,-18.40602336259166,2.9807537720473147e-19
1787278822.9552548,resting,fast,1787278739.9715214,-243.6712682448765,-185.5119474787292,1338.2924899528907,13.913396060903654,-18.275345118365692,2.9757280593728003e-19
1787278822.9660008,resting,fast,1787278739.9715214,-243.76793942847007,-185.5009124248403,1335.1640639120296,13.912568431861875,-18.282595457135017,2.9729909873181315e-19
1787278822.977424,resting,fast,1787278739.9715214,-243.49528862370744,-184.97869171617106,1332.9771192231537,13.873401878711721,-18.262146646778078,2.973164675526183e-19
1787278822.989264,resting,fast,1787278739.9715214,-244.00406124966457,-187.1086500598982,1332.0954903009742,14.033148754491325,-18.300304593724604,2.975382242809986e-19
1787278822.9993808,resting,fast,1787278739.9715214,-243.88797789375212,-187.17160277883283,1334.4744938716385,14.037870208411281,-18.291598342031406,2.973474484917783e-19
1787278823.0107987,resting,fast,1787278739.9715214,-244.26521731301227,-187.43114946076605,1339.4439497613666,14.057336209556272,-18.319891298475667,2.9763011591093916e-19
1787278823.0230103,resting,fast,1787278739.9715214,-244.5072317970621,-185.82782545598832,1343.2817092773666,13.937086909198232,-18.33804238477947,2.9751373064819524e-19
1787278823.032709,resting,fast,1787278739.9715214,-245.5130546989817,-187.14461013881385,1345.2990902754418,14.035845760409902,-18.413479102423565,2.982938892532096e-19
1787278823.0439126,resting,fast,1787278739.9715214,-246.26643297709734,-187.54553037681546,1345.9950763775569,14.065914778260098,-18.469982473282215,2.981754427693407e-19
1787278823.0562658,resting,fast,1787278739.9715214,-246.23490654642183,-188.9161408121414,1344.7287339861023,14.168710560909378,-18.46761799098138,2.9825232252332604e-19
1787278823.0658357,resting,fast,1787278739.9715214,-246.40129100130116,-188.0517370088811,1347.9936721606819,14.10388027566481,-18.480096825097277,2.9828777264045954e-19
1787278823.0772877,resting,fast,1787278739.9715214,-246.02805315293017,-188.09989803276437,1343.3985004315828,14.107492352456081,-18.452103986469552,2.981604791368771e-19
1787278823.0889547,resting,fast,1787278739.9715214,-246.43216076338695,-188.01368881364658,1340.6960744467442,14.101026661022178,-18.482412057253896,2.9792904283393408e-19
1787278823.0994177,resting,fast,1787278739.9715214,-245.50624348689553,-188.22330740153927,1339.9848435476715,14.116748055114133,-18.41296826151705,2.9780601013373783e-19
1787278823.1107144,resting,fast,1787278739.9715214,-245.6546017200685,-187.42321129945742,1342.4088729956084,14.056740847457963,-18.424095129005067,2.9803934739152684e-19
1787278823.121655,resting,fast,1787278739.9715214,-245.18265040613323,-186.31638012272458,1346.4786640979246,13.973728509203188,-18.388698780459727,2.9826468106370293e-19
1787278823.132468,resting,fast,1787278739.9715214,-245.57569334905884,-188.61637777448857,1343.6017582412633,14.146228333085435,-18.418177001179117,2.9801817586296366e-19
1787278823.143412,resting,fast,1787278739.9715214,-244.19483945757156,-188.5329172854398,1344.8282829415994,14.139968796406723,-18.31461295931789,2.9762329755068577e-19
1787278823.1548684,resting,fast,1787278739.9715214,-243.64127867442448,-187.63420832555755,1342.6603364589619,14.072565624415578,-18.27309590058198,2.9757147935815606e-19
1787278823.165493,resting,fast,1787278739.9715214,-243.81883801684353,-184.6878249980981,1341.384887425379,13.851586874855816,-18.28641285126311,2.969981731070343e-19
1787278823.1767478,resting,fast,1787278739.9715214,-244.31973217149744,-185.3776997095764,1337.2826745089178,13.903327478216926,-18.32397991286212,2.9706390282296683e-19
1787278823.187938,resting,fast,1787278739.9715214,-243.90742730800275,-186.5383898464678,1335.9469103779566,13.990379238484028,-18.29305704809989,2.9683523336230063e-19
1787278823.1988988,resting,fast,1787278739.9715214,-242.89859002795447,-186.994102147234,1335.9502701316915,14.024557661041346,-18.21739425209646,2.9712433317231045e-19
1787278823.2104106,resting,fast,1787278739.9715214,-242.46016670151084,-187.28737520597258,1335.9652967540978,14.046553140446566,-18.184512502613437,2.9677848810466947e-19
1787278823.2217698,resting,fast,1787278739.9715214,-243.21509879558334,-187.11243419643154,1338.3288142401043,14.033432564731218,-18.24113240966853,2.969117300623932e-19
1787278823.2324522,resting,fast,1787278739.9715214,-243.83685356718934,-185.661837878317,1339.7704807831315,13.924637840872581,-18.287764017538905,2.971931582105766e-19
1787278823.2439015,resting,fast,1787278739.9715214,-243.74102410974183,-184.99624148235046,1341.2274360522797,13.874718111175131,-18.2805768082304,2.9773284772016347e-19
1787278823.2545846,resting,fast,1787278739.9715214,-243.86786524701938,-185.63188225762076,1339.7451274204077,13.922391169320381,-18.290089893526364,2.9793963069589687e-19
1787278823.2659059,resting,fast,1787278739.9715214,-243.94919861840526,-187.2578139450835,1339.1772033315438,14.044336045879906,-18.296189896380433,2.978167719465845e-19
1787278823.2770705,resting,fast,1787278739.9715214,-245.76084467826922,-188.37069718059877,1344.9381662063033,14.127802288543737,-18.43206335087021,2.9825735900528046e-19
1787278823.288246,resting,fast,1787278739.9715214,-245.6087921737394,-187.7774384666651,1344.3267458217315,14.083307884998494,-18.42065941303042,2.9805754831512882e-19
1787278823.2991936,resting,fast,1787278739.9715214,-244.1488671304919,-188.26044907440325,1340.7695844918844,14.119533680579071,-18.31116503478672,2.9756296378777696e-19
1787278823.3104777,resting,fast,1787278739.9715214,-243.83223224966832,-187.4181355406555,1337.8428066778788,14.056360165547904,-18.287417418725113,2.974975500076215e-19
1787278823.3213754,resting,fast,1787278739.9715214,-245.08562463378848,-186.02544313738224,1344.1552100280378,13.951908235302486,-18.381421847534178,2.977141215891284e-19
1787278823.3324547,resting,fast,1787278739.9715214,-246.3843873735409,-184.72499963249413,1346.647765220262,13.854374972436151,-18.47882905301531,2.9821314430231434e-19
1787278823.343659,resting,fast,1787278739.9715214,-245.9941531759482,-185.10829822329686,1345.3634739779327,13.883122366745955,-18.44956148819591,2.9772262086736215e-19
1787278823.3547134,resting,fast,1787278739.9715214,-244.71964183929185,-185.96328343557514,1338.2142439485078,13.947246257666738,-18.353973137946916,2.976427313345928e-19
1787278823.3657577,resting,fast,1787278739.9715214,-243.33848090689798,-186.56359994078332,1337.1796632549604,13.992269995557354,-18.2503860680171,2.9752301200791734e-19
1787278823.3770788,resting,fast,1787278739.9715214,-243.4201891010266,-187.2438890408522,1337.7081274864422,14.04329167806279,-18.25651418257698,2.9773641673327345e-19
1787278823.387859,resting,fast,1787278739.9715214,-243.86637447693602,-188.01944065222153,1339.0519269720398,14.101458048915607,-18.289978085770173,2.977240391895538e-19
1787278823.3992434,resting,fast,1787278739.9715214,-247.32035289486203,-188.91009494892876,1344.6745169665164,14.168257121168669,-18.54902646711455,2.97910013455761e-19
1787278823.4104357,resting,fast,1787278739.9715214,-247.61255646579002,-187.5276795112046,1344.8577736907782,14.064575963339298,-18.570941734934117,2.9770114833850014e-19
1787278823.4212012,resting,fast,1787278739.9715214,-248.1111992593319,-187.41241153516796,1346.5628209518773,14.055930865136478,-18.60833994444966,2.9794077593701135e-19
1787278823.4324987,resting,fast,1787278739.9715214,-245.7743089735336,-185.65762314407414,1340.8692878895117,13.92432173580443,-18.433073173015032,2.9719182308477953e-19
1787278823.443663,resting,fast,1787278739.9715214,-244.62485847490962,-184.54286306498432,1341.7554566873669,13.840714729872904,-18.346864385618204,2.972207266816275e-19
1787278823.4546022,resting,fast,1787278739.9715214,-243.84798092586198,-184.72605381861183,1342.8641801029307,13.854454036394802,-18.28859856943952,2.9722128451904143e-19
1787278823.4657972,resting,fast,1787278739.9715214,-245.5961954966765,-184.48082292550896,1346.4766191703065,13.83606171941199,-18.419714662250755,2.9762280667943506e-19
1787278823.477036,resting,fast,1787278739.9715214,-246.95261970151796,-186.21042869265068,1348.574250589988,13.965782151947923,-18.521446477613495,2.9810839900044683e-19
1787278823.4877715,resting,fast,1787278739.9715214,-246.7687896127777,-185.76088430157267,1346.3373706623433,13.932066322616837,-18.50765922095824,2.977453292640025e-19
1787278823.4989946,resting,fast,1787278739.9715214,-246.2597922825512,-187.15460755801644,1346.5819200161359,14.036595566850256,-18.469484421191233,2.981266391042058e-19
1787278823.510237,resting,fast,1787278739.9715214,-245.3369064270678,-186.75692212704587,1341.1910103564087,14.006769159527213,-18.40026798202991,2.9773208007559275e-19
1787278823.5215032,resting,fast,1787278739.9715214,-245.0570930343497,-187.18696580896187,1341.0928795518912,14.039022435670848,-18.379281977576262,2.9771341313470653e-19
1787278823.532064,resting,fast,1787278739.9715214,-242.9654121421131,-186.1689337561296,1337.5783923560602,13.962670031708644,-18.222405910658253,2.9760591390768554e-19
1787278823.5434508,resting,fast,1787278739.9715214,-243.53712056562608,-187.0550508456746,1342.456410199523,14.029128813424553,-18.26528404242186,2.9790914058711567e-19
1787278823.5542526,resting,fast,1787278739.9715214,-244.9255330550318,-185.9176417613586,1343.9622478507526,13.943823132100722,-18.369414979127278,2.981963362945845e-19
1787278823.56576,resting,fast,1787278739.9715214,-247.2482251608276,-186.4447976578591,1349.159940251443,13.983359824338354,-18.54361688706198,2.9808234947197607e-19
1787278823.5768285,resting,fast,1787278739.9715214,-247.00357490785473,-184.82891460274357,1344.5724635407796,13.86216859520454,-18.525268118088846,2.977464397989854e-19
1787278823.5877194,resting,fast,1787278739.9715214,-246.53897021873718,-185.62657796785754,1346.4299466480052,13.921993347588273,-18.490422766405132,2.978219961673535e-19
1787278823.5990984,resting,fast,1787278739.9715214,-246.67650685536273,-185.92751988346924,1346.186677670964,13.944563991258907,-18.50073801415202,2.9795489845870875e-19
1787278823.6100185,resting,fast,1787278739.9715214,-247.37824026156295,-187.12656554515786,1349.7310373532973,14.034492415885769,-18.55336801961714,2.978291496369085e-19
1787278823.6212752,resting,fast,1787278739.9715214,-246.8648518757359,-186.2838631701926,1344.9623718073244,13.97128973776329,-18.514863890680132,2.970657895801448e-19
1787278823.632288,resting,fast,1787278739.9715214,-246.12347975565126,-184.4951954932834,1345.0997337119597,13.837139661995113,-18.459260981673722,2.969885779768687e-19
1787278823.6434288,resting,fast,1787278739.9715214,-245.04228554622432,-183.50169099849234,1341.8274921141228,13.76262682488576,-18.378171415966463,2.9685947567204648e-19
1787278823.654328,resting,fast,1787278739.9715214,-244.37309913318813,-184.8978613427679,1343.2224601215466,13.867339600706533,-18.327982434988982,2.97479111348897e-19
1787278823.66563,resting,fast,1787278739.9715214,-244.44971888102782,-185.80550411202887,1342.0559105706025,13.935412808401129,-18.33372891607705,2.973889101224226e-19
1787278823.6767192,resting,fast,1787278739.9715214,-244.15998941784846,-185.96568067018222,1340.6633903662105,13.947426050262383,-18.311999206338513,2.9736969158669846e-19
1787278823.6874754,resting,fast,1787278739.9715214,-245.2020252232528,-185.25755952471457,1339.4565352888285,13.894316964352459,-18.390151891743756,2.969089382057741e-19
1787278823.698973,resting,fast,1787278739.9715214,-244.37832922210646,-184.80529213513512,1338.146762196101,13.860396910134117,-18.328374691657984,2.969272118056475e-19
1787278823.7101967,resting,fast,1787278739.9715214,-245.30779094192576,-184.60299051042705,1338.7889617516385,13.845224288280964,-18.398084320644415,2.9715880106835453e-19
1787278823.720949,resting,fast,1787278739.9715214,-244.96114456273926,-184.65162383009135,1340.6299762306126,13.848871787255792,-18.372085842205145,2.9742658255999007e-19
1787278823.7321088,resting,fast,1787278739.9715214,-246.4769849377467,-185.21956514820351,1342.7819595582778,13.891467386114389,-18.485773870330924,2.9743006064315366e-19
1787278823.743384,resting,fast,1787278739.9715214,-246.4123623541377,-185.2737030148768,1346.719735474121,13.895527726114555,-18.480927176559852,2.971942476709646e-19
1787278823.7545543,resting,fast,1787278739.9715214,-245.22619614790574,-185.13041768607206,1342.6614045200286,13.884781326454263,-18.391964711092847,2.971112649013863e-19
1787278823.7657514,resting,fast,1787278739.9715214,-244.4115357845999,-185.41296037239738,1340.0505305683391,13.90597202792863,-18.330865183844722,2.9676807892359344e-19
1787278823.7767303,resting,fast,1787278739.9715214,-244.2335651276494,-185.40939763299968,1338.7072005420132,13.905704822473826,-18.317517384573634,2.969393109318675e-19
1787278823.787895,resting,fast,1787278739.9715214,-245.6038300977075,-184.6989124203527,1339.1603871562847,13.852418431525283,-18.42028725732763,2.9671132591657986e-19
1787278823.7984831,resting,fast,1787278739.9715214,-245.1122222958934,-184.2723699120064,1339.0385458419432,13.820427743399382,-18.383416672191686,2.9696885985207297e-19
1787278823.8099742,resting,fast,1787278739.9715214,-244.99964559670798,-184.51899635477423,1339.391539758094,13.838924726606766,-18.37497341975309,2.969091631871742e-19
1787278823.8206348,resting,fast,1787278739.9715214,-245.15287609620782,-185.2766425015069,1340.3494816449102,13.895748187611705,-18.386465707215294,2.9707774063438663e-19
1787278823.8320427,resting,fast,1787278739.9715214,-244.5046712955059,-184.51061369441152,1340.5028351708906,13.838296027079412,-18.33785034716277,2.9698528634472118e-19
1787278823.8433545,resting,fast,1787278739.9715214,-243.8768781578815,-183.64532659920394,1338.3879755587122,13.773399494939131,-18.29076586184074,2.967645390635279e-19
1787278823.8542938,resting,fast,1787278739.9715214,-243.4158550652378,-182.5361536634499,1341.2304702714182,13.690211524757363,-18.256189129892704,2.9690503737666803e-19
1787278823.8653128,resting,fast,1787278739.9715214,-244.59322202052454,-184.41636319379916,1339.821004190625,13.83122723953365,-18.344491651539116,2.968660900591177e-19
1787278823.8764932,resting,fast,1787278739.9715214,-246.17086050448825,-185.37447482723417,1342.578740671529,13.903085612041327,-18.46281453783658,2.96902829961206e-19
1787278823.8872,resting,fast,1787278739.9715214,-247.07669521987418,-186.91173332075516,1345.429323317202,14.018379999055458,-18.530752141490353,2.9718966116897178e-19
1787278823.8987536,resting,fast,1787278739.9715214,-247.58336349315732,-186.4804151794932,1349.1272473533127,13.986031138460806,-18.56875226198668,2.975947503243458e-19
1787278823.9098907,resting,fast,1787278739.9715214,-246.41536127085283,-186.71537307480537,1346.4114642578488,14.003652980609264,-18.481152095313867,2.976593137485115e-19
1787278823.9206336,resting,fast,1787278739.9715214,-246.75841962755794,-187.7905178835864,1343.7823716156045,14.084288841267696,-18.506881472066688,2.9733926594534394e-19
1787278823.9318564,resting,fast,1787278739.9715214,-245.72947513761528,-187.00870612654182,1343.3017093756653,14.025652959489182,-18.429710635320944,2.96739306174294e-19
1787278823.942545,resting,fast,1787278739.9715214,-246.29028637676993,-185.76122804157774,1346.6595660405646,13.932092103117316,-18.471771478257452,2.9685513582865906e-19
1787278823.953719,resting,fast,1787278739.9715214,-246.41193536113997,-185.9602580416148,1346.0670542723665,13.947019353120044,-18.480895152085402,2.9720876651412147e-19
1787278823.9648724,resting,fast,1787278739.9715214,-246.79636036674265,-187.06003293723018,1346.2319251322615,14.02950247029101,-18.509727027505498,2.974327720861895e-19
1787278823.9762442,resting,fast,1787278739.9715214,-247.61351178443283,-189.35578780072512,1346.7146526765546,14.20168408505322,-18.57101338383218,2.975943216077266e-19
1787278823.9872139,resting,fast,1787278739.9715214,-246.83706225499418,-187.57092874660282,1346.137886900443,14.067819655993961,-18.51277966912432,2.970884714929088e-19
1787278823.998576,resting,fast,1787278739.9715214,-248.090719100353,-186.60514831632133,1348.154609092836,13.995386123722884,-18.606803932526326,2.971184088335906e-19
1787278824.0098836,resting,fast,1787278739.9715214,-248.4045000160936,-185.42311652287765,1347.7042977280698,13.906733739214747,-18.63033750120652,2.971549225449242e-19
1787278824.0203068,resting,fast,1787278739.9715214,-248.24098306842598,-186.13070757508,1347.5226956007546,13.95980306812999,-18.618073730131762,2.9692778287304713e-19
1787278824.0314372,resting,fast,1787278739.9715214,-246.97889143035854,-186.13211847671403,1349.4492145242884,13.959908885752387,-18.5234168572765,2.972237050765724e-19
1787278824.0431397,resting,fast,1787278739.9715214,-245.0938184174497,-186.8479906774147,1347.7199570998264,14.013599300805101,-18.382036381308502,2.96978053780156e-19
1787278824.0537367,resting,fast,1787278739.9715214,-245.3490831501481,-186.67904384801716,1347.5504571447318,14.000928288600225,-18.401181236261003,2.9697476709899157e-19
1787278824.0653844,resting,fast,1787278739.9715214,-246.5606552331178,-187.57186058445507,1347.5752333044156,14.06788954383305,-18.492049142483857,2.966906673594857e-19
1787278824.0763512,resting,fast,1787278739.9715214,-247.46715476928284,-188.1605380976133,1348.6738632804127,14.112040357319987,-18.560036607695956,2.9686212497287514e-19
1787278824.0870304,resting,fast,1787278739.9715214,-246.76160710454087,-186.67911577412258,1348.6062977993797,14.000933683058168,-18.507120532840517,2.969677413563062e-19
1787278824.0985556,resting,fast,1787278739.9715214,-246.3860388553262,-186.08887277437236,1346.269849801457,13.956665458077001,-18.478952914149353,2.971961245273897e-19
1787278824.1097853,resting,fast,1787278739.9715214,-247.0721507790954,-185.09879935353467,1345.4116468620641,13.882409951514024,-18.53041130843208,2.9705869594826675e-19
1787278824.120352,resting,fast,1787278739.9715214,-247.34574003708667,-186.21795888486088,1346.1605865889678,13.966346916363523,-18.5509305027812,2.971316728467596e-19
1787278824.131757,resting,fast,1787278739.9715214,-248.064849494182,-186.94303603951505,1348.4215447591787,14.02072770296255,-18.60486371206347,2.971228173131078e-19
1787278824.1428275,resting,fast,1787278739.9715214,-247.91809535858965,-187.29913336052516,1349.8864217292166,14.047435002038416,-18.593857151894078,2.970465220407809e-19
1787278824.1536205,resting,fast,1787278739.9715214,-248.64373060967364,-187.39785315641518,1350.4085587375766,14.054838986730108,-18.64827979572525,2.973412589975322e-19
1787278824.1652522,resting,fast,1787278739.9715214,-248.58608302017046,-187.43501715527725,1347.8322727893492,14.057626286644794,-18.643956226512415,2.9692918263676673e-19
1787278824.176454,resting,fast,1787278739.9715214,-248.51801388547983,-186.90161730224906,1346.488863245616,14.017621297667649,-18.638851041410703,2.9718038943828464e-19
1787278824.1869113,resting,fast,1787278739.9715214,-248.74500064879658,-187.2778972353252,1347.040108770695,14.045842292648505,-18.65587504865958,2.967428411536794e-19
1787278824.1984136,resting,fast,1787278739.9715214,-248.26342185445856,-187.45243754916066,1346.2049406193028,14.058932816185777,-18.61975663908415,2.9700455800265123e-19
1787278824.209585,resting,fast,1787278739.9715214,-248.6131902887505,-187.3098321054323,1345.7777663020815,14.048237407906289,-18.64598927165615,2.965603613891934e-19
1787278824.2203717,resting,fast,1787278739.9715214,-247.88563480466428,-186.89538986169998,1346.9252615446158,14.01715423962644,-18.59142261034947,2.968719144776394e-19
1787278824.2318618,resting,fast,1787278739.9715214,-247.0773006701461,-186.5967973305452,1343.0454537805008,13.99475979978958,-18.5307975502606,2.964563766314004e-19
1787278824.2429216,resting,fast,1787278739.9715214,-246.22617987164313,-185.93207029479993,1342.4569675360317,13.944905272109,-18.466963490373317,2.965782701601407e-19
1787278824.2534153,resting,fast,1787278739.9715214,-248.32642255906603,-186.31220892040017,1344.648895966243,13.97341566902907,-18.624481691929745,2.968042129150848e-19
1787278824.2645557,resting,fast,1787278739.9715214,-249.08958642717926,-186.1228979617905,1348.5108307880682,13.959217347133336,-18.68171898203837,2.970575139631162e-19
1787278824.276094,resting,fast,1787278739.9715214,-248.8558645346052,-185.89562032029824,1348.1623960148236,13.94217152402118,-18.66418984009514,2.9700662263609074e-19
1787278824.2868085,resting,fast,1787278739.9715214,-248.30319790622934,-185.1356035408786,1346.7589521903692,13.88517026556477,-18.62273984296693,2.968747748623367e-19
1787278824.2983425,resting,fast,1787278739.9715214,-249.69125471291,-184.56833648355666,1351.1599858949112,13.84262523626585,-18.72684410346826,2.973979893115297e-19
1787278824.309474,resting,fast,1787278739.9715214,-250.331513955412,-186.09847927944259,1353.2036081542383,13.957385945957146,-18.774863546655943,2.975947614327532e-19
1787278824.3201632,resting,fast,1787278739.9715214,-250.3271852073044,-186.12773001932544,1354.8121394013897,13.959579751448306,-18.77453889054759,2.977630858032488e-19
1787278824.3316157,resting,fast,1787278739.9715214,-249.208488265524,-186.22827365744217,1349.8019938264233,13.967120524306996,-18.690636619914287,2.974187419609105e-19
1787278824.3421235,resting,fast,1787278739.9715214,-250.0826121019304,-187.6269187542547,1348.7457958880505,14.072018906567909,-18.75619590764456,2.974425146997829e-19
1787278824.3533888,resting,fast,1787278739.9715214,-248.01117560616922,-186.77516559019602,1340.680490912905,14.008137419263452,-18.600838170462517,2.965074729110189e-19
1787278824.3644238,resting,fast,1787278739.9715214,-247.81386340263043,-188.3292639153816,1343.3194625832066,14.12469479365247,-18.586039755197035,2.9658773437200606e-19
1787278824.375732,resting,fast,1787278739.9715214,-247.28609871585058,-186.0773231525003,1344.849566762433,13.955799236436366,-18.546457403688592,2.9641579258045874e-19
1787278824.386688,resting,fast,1787278739.9715214,-249.03144158852638,-188.9568344767764,1350.8235436766981,14.171762585756898,-18.67735811913927,2.9696119103787285e-19
1787278824.3984492,resting,fast,1787278739.9715214,-248.28228337668543,-187.61760229962476,1346.8788428431972,14.071320172470454,-18.621171253251035,2.9657164919572195e-19
1787278824.4094832,resting,fast,1787278739.9715214,-247.89946844252017,-188.44672057584864,1344.0540798800403,14.133504043187404,-18.59246013318873,2.9654846430503525e-19
1787278824.4200747,resting,fast,1787278739.9715214,-247.4941226354572,-186.62575750178564,1344.4664307968515,13.996931812632798,-18.56205919765886,2.966901399237622e-19
1787278824.431508,resting,fast,1787278739.9715214,-248.2670781510892,-187.64330371590006,1345.4184335184427,14.073247778691485,-18.620030861331514,2.9681459244150315e-19
1787278824.4427166,resting,fast,1787278739.9715214,-247.10995712758404,-185.81232523720143,1349.4929597737146,13.935924392788994,-18.53324678456857,2.9704327691426114e-19
1787278824.4533122,resting,fast,1787278739.9715214,-247.5193088593337,-186.03028068030665,1351.7804731492733,13.952271051021956,-18.563948164449805,2.9728528921794606e-19
1787278824.4648657,resting,fast,1787278739.9715214,-247.3392668678439,-186.95903160304795,1353.6688056157482,14.021927370227463,-18.550445015088158,2.974933109131052e-19
1787278824.4760287,resting,fast,1787278739.9715214,-248.06917522715094,-188.42917974666932,1349.4562187724778,14.132188480999307,-18.605188142036333,2.972925908437396e-19
1787278824.4867432,resting,fast,1787278739.9715214,-247.82650982848054,-189.90459034735443,1348.5921305506063,14.242844276050665,-18.586988237136218,2.97211278129923e-19
1787278824.4981647,resting,fast,1787278739.9715214,-247.62731413638585,-189.86127824301195,1350.0839761961552,14.239595868224729,-18.572048560228822,2.974804796431399e-19
1787278824.5093234,resting,fast,1787278739.9715214,-248.2127400437962,-189.86248464013045,1351.9616189563758,14.239686348008679,-18.615955503284496,2.9745696818351113e-19
1787278824.51999,resting,fast,1787278739.9715214,-248.72177116945613,-189.38194757974304,1352.362677793014,14.20364606847949,-18.65413283770905,2.973438778048671e-19
1787278824.5313852,resting,fast,1787278739.9715214,-247.85651047194324,-187.73201123994897,1344.677994076893,14.079900842995233,-18.589238285395417,2.966483666831927e-19
1787278824.542655,resting,fast,1787278739.9715214,-248.08673135147774,-187.30034585689953,1348.9911963116274,14.047525939266269,-18.606504851360484,2.9724360625509924e-19
1787278824.5532794,resting,fast,1787278739.9715214,-247.7226272090661,-187.21643802191022,1346.8756844948502,14.041232851641954,-18.579197040679773,2.973106812034737e-19
1787278824.5647542,resting,fast,1787278739.9715214,-248.40512936250934,-187.73869428582304,1351.7262698485856,14.080402071435802,-18.630384702187996,2.976221453500497e-19
1787278824.575908,resting,fast,1787278739.9715214,-247.87637792025498,-187.9541487159214,1345.3767004777465,14.096561153693049,-18.59072834401902,2.969417423774562e-19
1787278824.5865011,resting,fast,1787278739.9715214,-246.6886266251454,-187.69604802614583,1344.4432189570662,14.077203601960054,-18.501646996885754,2.9672116826495965e-19
1787278824.5981116,resting,fast,1787278739.9715214,-246.51971244796505,-188.60390619930752,1341.6615055319771,14.145292964946666,-18.488978433597318,2.9663912121573254e-19
1787278824.609232,resting,fast,1787278739.9715214,-246.77296901672662,-189.55638551860113,1344.184676122034,14.216728913893792,-18.507972676254475,2.9699579138331837e-19
1787278824.620038,resting,fast,1787278739.9715214,-247.38624997255056,-189.09132598843723,1346.307581704229,14.181849449131665,-18.553968747941127,2.9717982035512847e-19
1787278824.6313016,resting,fast,1787278739.9715214,-248.4364134587736,-187.5365407092428,1350.1908679184153,14.065240553192087,-18.632731009407735,2.9744388919493146e-19
1787278824.6424024,resting,fast,1787278739.9715214,-248.34041389664662,-186.42109025140724,1350.2110246926723,13.981581768854316,-18.62553104224834,2.9767048467308696e-19
1787278824.6529708,resting,fast,1787278739.9715214,-248.57984956600694,-186.65207898979008,1351.6676978771347,13.998905924233018,-18.64348871745041,2.97955456649142e-19
1787278824.6645174,resting,fast,1787278739.9715214,-247.7054259676538,-187.3526458720563,1352.6332467735856,14.051448440403053,-18.577906947573865,2.980424805664672e-19
1787278824.6755872,resting,fast,1787278739.9715214,-246.69077747296205,-187.7495035149867,1349.9320659803898,14.081212763623018,-18.501808310472143,2.9747168863913885e-19
1787278824.686361,resting,fast,1787278739.9715214,-246.829793733717,-187.22654171929332,1349.436918132732,14.041990628945843,-18.5122345300286,2.970508942959141e-19
1787278824.697809,resting,fast,1787278739.9715214,-246.78495649894512,-187.0119835729448,1347.8142062739435,14.02589876796981,-18.50887173742062,2.9687160699791924e-19
1787278824.7090507,resting,fast,1787278739.9715214,-247.67894235776794,-187.50573183898803,1353.4896587283247,14.06292988792308,-18.57592067683239,2.9721392628192943e-19
1787278824.7195876,resting,fast,1787278739.9715214,-247.66209266707892,-189.00978545610735,1353.1268104662731,14.175733909206901,-18.574656950030608,2.974269846136372e-19
1787278824.7312007,resting,fast,1787278739.9715214,-248.1993151373149,-188.6110995520438,1355.6103251115137,14.145832466402215,-18.614948635298504,2.977398581799811e-19
1787278824.7424495,resting,fast,1787278739.9715214,-248.32821069789816,-186.9767496531773,1350.7346698622414,14.023256223987293,-18.62461580234232,2.9734824712459727e-19
1787278824.7529278,resting,fast,1787278739.9715214,-248.62164403665201,-187.11196619178293,1350.215191112252,14.03339746438245,-18.646623302748587,2.974658470794913e-19
1787278824.7642603,resting,fast,1787278739.9715214,-247.68414069994787,-187.60306227226636,1343.6940755419118,14.070229670418573,-18.576310552496054,2.972006776287462e-19
1787278824.7756379,resting,fast,1787278739.9715214,-246.31689535025316,-189.02796260863659,1343.5699282572014,14.177097195646471,-18.47376715126871,2.975117537971989e-19
1787278824.786203,resting,fast,1787278739.9715214,-246.0201556123052,-187.2896013893768,1344.0276493598349,14.046720104202198,-18.451511670922592,2.9734940592833364e-19
1787278824.7978296,resting,fast,1787278739.9715214,-245.64911140505,-187.20832673656412,1343.7798315604696,14.040624505241059,-18.423683355378337,2.9714133034192064e-19
1787278824.8089879,resting,fast,1787278739.9715214,-246.41116053414726,-186.88329099941632,1345.930950864943,14.016246824955093,-18.480837040060926,2.972737037683098e-19
1787278824.8195899,resting,fast,1787278739.9715214,-246.56050513300534,-188.5715863934539,1344.4017737965942,14.142868979507814,-18.49203788497511,2.9739087678215126e-19
1787278824.8308692,resting,fast,1787278739.9715214,-247.94701870855397,-187.39992049995055,1351.5408494835401,14.054994037495138,-18.596026403141572,2.9749937228011957e-19
1787278824.8416288,resting,fast,1787278739.9715214,-250.0030161637419,-188.03011091433075,1360.14073675885,14.102258318573636,-18.750226212280467,2.9792273340797913e-19
1787278824.8532183,resting,fast,1787278739.9715214,-248.38990711185716,-185.84132358869886,1359.6539902829418,13.938099269151369,-18.629243033388818,2.981886151730174e-19
1787278824.8639536,resting,fast,1787278739.9715214,-247.87113943705344,-187.27714243082698,1352.7011716807292,14.045785682310882,-18.59033545777899,2.979050766663885e-19
1787278824.8785806,resting,fast,1787278739.9715214,-245.4661945183675,-187.68877824598383,1343.6920760733165,14.076658368447713,-18.40996458887757,2.9736033189711348e-19
1787278824.8861356,resting,fast,1787278739.9715214,-245.73527057042656,-189.2641664727106,1344.344794804102,14.194812485452008,-18.430145292781887,2.9724726039203765e-19
1787278824.897657,resting,fast,1787278739.9715214,-246.56218884036252,-188.79698139096615,1350.012256179204,14.159773604321334,-18.49216416302682,2.9762334898218426e-19
1787278824.9114695,resting,fast,1787278739.9715214,-246.45632634052208,-187.57249146993183,1346.9117092030438,14.06793686024368,-18.484224475538845,2.973217452695017e-19
1787278824.9195218,resting,fast,1787278739.9715214,-246.76204326812012,-187.11904661186338,1346.0865944697462,14.033928495888507,-18.507153245108846,2.9732240323175004e-19
1787278824.9308825,resting,fast,1787278739.9715214,-245.0943771975103,-187.07298036189798,1339.175062086325,14.030473527141314,-18.382078289813208,2.968108839677058e-19
1787278824.944613,resting,fast,1787278739.9715214,-245.20309893084823,-188.47950565947292,1341.6499760426732,14.135962924458983,-18.390232419813586,2.9733612754048055e-19
1787278824.9529018,resting,fast,1787278739.9715214,-245.69778425772938,-189.35256896324324,1341.1702231920945,14.2014426722419,-18.427333819329547,2.9703836936716373e-19
1787278824.964198,resting,fast,1787278739.9715214,-247.39597379161705,-189.73677275004445,1348.3400347456636,14.230257956251979,-18.554698034371164,2.974337786714731e-19
1787278824.9756293,resting,fast,1787278739.9715214,-248.3426404183142,-189.29398884692034,1353.1896036576627,14.197049163517821,-18.625698031373403,2.975355177052105e-19
1787278824.9862075,resting,fast,1787278739.9715214,-247.1522555680126,-188.21808838536492,1349.2760251126465,14.116356628901162,-18.536419167600755,2.974301829624573e-19
1787278824.9975054,resting,fast,1787278739.9715214,-244.78594508833476,-188.64633455833507,1344.9638008754455,14.148475091873895,-18.35894588162496,2.97390636568265e-19
1787278825.0108132,resting,fast,1787278739.9715214,-244.48161730399397,-189.0874145402787,1339.6099864842226,14.181556090519496,-18.336121297799437,2.970753769743176e-19
1787278825.0196247,resting,fast,1787278739.9715214,-244.98936574110257,-188.48391093029215,1339.5188863636058,14.136293319770804,-18.374202430582415,2.968598257484299e-19
1787278825.03111,resting,fast,1787278739.9715214,-246.34941265181396,-187.41093674966748,1340.2158820174545,14.05582025622397,-18.476205948885934,2.9658802686109757e-19
1787278825.0440156,resting,fast,1787278739.9715214,-246.60125475514224,-187.17795936717505,1342.5395123077715,14.038346952536987,-18.49509410663547,2.9654708319820597e-19
1787278825.0529456,resting,fast,1787278739.9715214,-247.43308561646472,-188.53596430848518,1345.426773027545,14.140197323135244,-18.557481421234655,2.9699051767469056e-19
1787278825.0641444,resting,fast,1787278739.9715214,-246.8791398170274,-187.63845815735237,1348.9283376218818,14.072884361800067,-18.51593548627676,2.975719427145281e-19
1787278825.0769176,resting,fast,1787278739.9715214,-247.0333770993543,-186.58232404636226,1349.4518396544254,13.993674303475988,-18.52750328245145,2.9776218935180623e-19
1787278825.0863416,resting,fast,1787278739.9715214,-246.1359432170716,-185.646980196531,1346.8150420104712,13.923523514738608,-18.460195741280387,2.973738981828907e-19
1787278825.0975661,resting,fast,1787278739.9715214,-246.7042846786203,-187.38595222569973,1343.8221267183062,14.053946416926355,-18.50282135089632,2.974082346558277e-19
1787278825.1099052,resting,fast,1787278739.9715214,-246.27648316583463,-188.03533599917535,1340.3038369366795,14.102650199937191,-18.47073623743762,2.9703941615817994e-19
1787278825.1193914,resting,fast,1787278739.9715214,-245.81548392371542,-187.803699798127,1342.8090270973653,14.085277484858569,-18.43616129427855,2.973402980970997e-19
1787278825.1307578,resting,fast,1787278739.9715214,-244.67588785359976,-186.94357112845762,1341.0011654460259,14.020767834633123,-18.35069158901993,2.9697497424670236e-19
1787278825.1425695,resting,fast,1787278739.9715214,-244.07616736005502,-185.5696731200777,1341.7377640962195,13.917725484004567,-18.305712552004145,2.9696555371376892e-19
1787278825.1529717,resting,fast,1787278739.9715214,-243.97189282796398,-185.52470482960223,1341.3845535058217,13.914352862218824,-18.297891962097147,2.9678700783161137e-19
1787278825.1641223,resting,fast,1787278739.9715214,-245.9670769591935,-186.82007770007215,1344.2730725192387,14.011505827504013,-18.447530771939384,2.968648669383041e-19
1787278825.1752713,resting,fast,1787278739.9715214,-248.39736186192067,-188.53294093966804,1354.0892394440589,14.139970570473967,-18.629802139643722,2.977010165800486e-19
1787278825.186282,resting,fast,1787278739.9715214,-247.97958728450203,-187.31416574006164,1353.4346158375693,14.048562430503555,-18.598469046337605,2.976022731418686e-19
1787278825.1974669,resting,fast,1787278739.9715214,-246.98684011197156,-186.09818018425347,1350.4849298405325,13.957363513817885,-18.524013008397787,2.974486427867594e-19
1787278825.2089121,resting,fast,1787278739.9715214,-245.01577547073475,-184.9553945725214,1342.9176780936805,13.871654592937706,-18.37618316030506,2.9665309399185044e-19
1787278825.2190552,resting,fast,1787278739.9715214,-245.46737449007605,-185.5368651462112,1342.7197253690001,13.915264885964579,-18.410053086755262,2.9650830199703157e-19
1787278825.2305686,resting,fast,1787278739.9715214,-245.84820658120088,-185.81524751544146,1342.9853775514266,13.936143563656902,-18.438615493589978,2.967549809402225e-19
1787278825.2416935,resting,fast,1787278739.9715214,-246.01597791910763,-186.43105419548772,1345.138004369849,13.98232906466038,-18.451198343932944,2.971707273947284e-19
1787278825.252549,resting,fast,1787278739.9715214,-247.00999481995632,-188.29488891305584,1346.7715575420543,14.122116668477876,-18.525749611496465,2.974158381043014e-19
1787278825.2638602,resting,fast,1787278739.9715214,-246.53731186515097,-187.53158929949188,1346.9290496892254,14.064869197460869,-18.49029838988615,2.971536397378784e-19
1787278825.2749522,resting,fast,1787278739.9715214,-245.8682266345054,-186.89691858434446,1343.3993128352058,14.017268893824525,-18.440116997587573,2.9671521862683154e-19
1787278825.2856145,resting,fast,1787278739.9715214,-244.69488164192035,-183.76001202299437,1339.9822388677267,13.782000901723439,-18.352116123144015,2.9650651446695714e-19
1787278825.29698,resting,fast,1787278739.9715214,-244.42911805426274,-184.14472713652924,1339.0996855641815,13.810854535238395,-18.332183854069385,2.965837064110058e-19
1787278825.3082354,resting,fast,1787278739.9715214,-245.4843178446722,-184.105813470307,1339.3090172184811,13.807936010271764,-18.4113238383503,2.9668282311447934e-19
1787278825.3193555,resting,fast,1787278739.9715214,-246.2117926245769,-186.55154099380195,1338.3016769591895,13.991365574533848,-18.465884446843113,2.968316372469706e-19
1787278825.3305254,resting,fast,1787278739.9715214,-246.84965258808052,-187.1274465620919,1340.9645093820081,14.034558492155629,-18.513723944105706,2.966808327521581e-19
1787278825.3412108,resting,fast,1787278739.9715214,-245.65113002740827,-187.9224356563965,1340.7510541887068,14.094182674228623,-18.423834752055548,2.967068072626415e-19
1787278825.3526049,resting,fast,1787278739.9715214,-245.55155200170475,-187.43592976810635,1339.9835448706444,14.057694732606695,-18.416366400127643,2.964395526510087e-19
1787278825.3637671,resting,fast,1787278739.9715214,-245.45413651925128,-187.3201246685295,1340.6929057583448,14.04900935013848,-18.40906023894361,2.967001477742792e-19
1787278825.374748,resting,fast,1787278739.9715214,-245.91543755681005,-186.8492657463238,1341.8673733922524,14.013694930972836,-18.443657816760542,2.9691845142195755e-19
1787278825.386106,resting,fast,1787278739.9715214,-245.02609949776115,-186.02634799704708,1344.371831389425,13.951976099777443,-18.37695746233193,2.97353874467678e-19
1787278825.397098,resting,fast,1787278739.9715214,-245.0784163820349,-187.14858658306105,1339.7261666487893,14.036143993727922,-18.380881228652314,2.972086539314208e-19
1787278825.407935,resting,fast,1787278739.9715214,-244.9558576594677,-186.6619660331545,1336.1001896216721,13.999647452485437,-18.37168932446,2.967868471948085e-19
1787278825.4192872,resting,fast,1787278739.9715214,-245.7413653361814,-186.3714233610707,1337.6374428734061,13.977856752079251,-18.430602400213452,2.967645841744359e-19
1787278825.430594,resting,fast,1787278739.9715214,-246.20686764801076,-184.5677012165703,1342.399872190771,13.84257759124181,-18.46551507360062,2.968305303686338e-19
1787278825.4414153,resting,fast,1787278739.9715214,-246.37945164349412,-185.17086612377727,1343.090571149457,13.887814959282014,-18.478458873261822,2.9676242648900165e-19
1787278825.4525757,resting,fast,1787278739.9715214,-247.56109550835708,-188.13532371373742,1343.3569289305096,14.110149278529082,-18.56708216312684,2.964907860486991e-19
1787278825.463792,resting,fast,1787278739.9715214,-247.16722817132768,-188.81057505305046,1342.5548137322867,14.16079312897745,-18.53754211284958,2.9660346517700284e-19
1787278825.4744487,resting,fast,1787278739.9715214,-248.56204264288,-190.0556350692449,1347.1179981258165,14.254172630192318,-18.642153198215887,2.97427452394649e-19
1787278825.485805,resting,fast,1787278739.9715214,-247.40495041312306,-188.3442471276186,1346.3768886895969,14.125818534570232,-18.555371280984218,2.975933452376214e-19
1787278825.4970956,resting,fast,1787278739.9715214,-247.24651028102244,-187.54733821758475,1348.4995475415953,14.066050366317658,-18.54348827107637,2.978122051737017e-19
1787278825.5078015,resting,fast,1787278739.9715214,-246.50837892760728,-186.51955803880435,1348.5166887122368,13.988966852909332,-18.488128419570444,2.975687707213261e-19
1787278825.5193038,resting,fast,1787278739.9715214,-247.26719953089878,-186.78854590803724,1350.254590179201,14.009140943101674,-18.54503996481717,2.9781167348212414e-19
1787278825.5303643,resting,fast,1787278739.9715214,-246.95050536260032,-186.6857215326637,1348.6637832637489,14.001429114948682,-18.521287902194942,2.972223494522582e-19
1787278825.541137,resting,fast,1787278739.9715214,-246.6506347029822,-187.11971753120235,1345.5544520344874,14.03397881483875,-18.49879760272357,2.9678367495852755e-19
1787278825.5524,resting,fast,1787278739.9715214,-247.3791692404361,-187.17351623051252,1347.3609314364176,14.038013717287331,-18.55343769303264,2.967357900516376e-19
1787278825.5636456,resting,fast,1787278739.9715214,-247.22957020281638,-186.47005632423782,1348.964655183333,13.985254224316652,-18.54221776521107,2.9731741526984963e-19
1787278825.5746853,resting,fast,1787278739.9715214,-248.0944273540331,-186.14389280046214,1350.3097875944432,13.960791960033536,-18.607082051552226,2.976124677777217e-19
1787278825.5857062,resting,fast,1787278739.9715214,-245.35493250551872,-184.75156095215982,1340.8895978137925,13.856367071410805,-18.401619937913736,2.969653967830775e-19
1787278825.5968719,resting,fast,1787278739.9715214,-245.42795792206334,-185.26770482309337,1341.8441177849754,13.895077861730872,-18.40709684415451,2.968604089002039e-19
1787278825.6080298,resting,fast,1787278739.9715214,-244.3231207662052,-184.5591536452556,1340.5100885661823,13.841936523393105,-18.32423405746546,2.96809835201722e-19
1787278825.6190615,resting,fast,1787278739.9715214,-246.5482106714676,-185.88915622637217,1351.3721471561812,13.941686716976992,-18.491115800360234,2.976690597319508e-19
1787278825.6303604,resting,fast,1787278739.9715214,-245.96209459979627,-185.8925743579465,1346.4423917041795,13.941943076845053,-18.44715709498469,2.9732488206589544e-19
1787278825.6409943,resting,fast,1787278739.9715214,-245.93022938855893,-187.33862951352432,1348.3770297292986,14.050397213513168,-18.444767204141854,2.9745527951989676e-19
1787278825.6524637,resting,fast,1787278739.9715214,-246.28169700870558,-188.76050845041266,1343.7880800976427,14.157038133779853,-18.471127275652762,2.9697955430070503e-19
1787278825.6635756,resting,fast,1787278739.9715214,-247.07694446576306,-189.68275297105095,1345.2695625942406,14.22620647282773,-18.530770834932184,2.9699630914295543e-19
1787278825.6742,resting,fast,1787278739.9715214,-246.65647958886848,-188.8938233927862,1340.9778714180038,14.167036754457673,-18.49923596916502,2.964012799227972e-19
1787278825.6860652,resting,fast,1787278739.9715214,-246.19157734231658,-189.10438159713397,1343.719677573824,14.182828619783852,-18.464368300673478,2.965548793572887e-19
1787278825.6971085,resting,fast,1787278739.9715214,-246.67159016311916,-189.90488257022832,1344.511640890535,14.242866192766062,-18.500369262233697,2.9684727027585234e-19
1787278825.7075875,resting,fast,1787278739.9715214,-246.75538498258493,-189.17073957207037,1343.5460036184713,14.187805467904244,-18.50665387369377,2.9679749344629893e-19
1787278825.7190263,resting,fast,1787278739.9715214,-246.75252305701588,-187.61911515301597,1344.0580147987102,14.071433636475124,-18.50643922927619,2.9668839597206575e-19
1787278825.730183,resting,fast,1787278739.9715214,-247.29151341557963,-186.785535330809,1343.6761335444453,14.008915149809656,-18.54686350616825,2.966097200771547e-19
1787278825.7408762,resting,fast,1787278739.9715214,-248.24318110588183,-188.529521354826,1348.6967998975788,14.139714101610668,-18.61823858294109,2.971277502031936e-19
1787278825.7524285,resting,fast,1787278739.9715214,-248.66555601823484,-187.37165982897397,1350.5335276709347,14.052874487172065,-18.64991670136761,2.9682827092403295e-19
1787278825.7634745,resting,fast,1787278739.9715214,-248.75523703488352,-187.77636417984115,1353.7114622197523,14.083227313486905,-18.65664277761637,2.970710071249124e-19
1787278825.7742422,resting,fast,1787278739.9715214,-248.7573333393707,-187.52401611727203,1353.01642397233,14.064301208794465,-18.65680000045264,2.9699845669838915e-19
1787278825.7855482,resting,fast,1787278739.9715214,-250.6022155163314,-190.07430025209453,1358.4887221363888,14.25557251890594,-18.795166163724566,2.9806260646399773e-19
1787278825.7967918,resting,fast,1787278739.9715214,-248.33076115317863,-188.95472116846565,1350.201965257157,14.171604087633998,-18.62480708648838,2.9759644724028127e-19
1787278825.8075426,resting,fast,1787278739.9715214,-247.76416734976692,-188.26436684741395,1350.1651193041735,14.119827513554842,-18.58231255123225,2.9736136279769714e-19
1787278825.8189733,resting,fast,1787278739.9715214,-246.02745571022797,-186.76498145848734,1340.8403165504706,14.007373609385542,-18.45205917826714,2.9642303770113095e-19
1787278825.8301513,resting,fast,1787278739.9715214,-247.28890312435078,-187.77110080703153,1348.7199668717503,14.082832560526473,-18.54666773432608,2.9668660086091476e-19
1787278825.8406835,resting,fast,1787278739.9715214,-247.19651977979402,-187.04958653313145,1350.5737748248494,14.028718989983691,-18.539738983484234,2.968852448185249e-19
1787278825.852508,resting,fast,1787278739.9715214,-247.51420137419382,-187.93685839167972,1353.2994851802587,14.095264379374814,-18.56356510306432,2.974643649414586e-19
1787278825.863536,resting,fast,1787278739.9715214,-248.31766401063896,-187.9690884818641,1354.2727944304852,14.097681636138635,-18.623824800797863,2.97788125791279e-19
1787278825.8740716,resting,fast,1787278739.9715214,-249.17286249476683,-189.55799282068153,1350.8439114652492,14.21684946155013,-18.687964687107247,2.9778808998470994e-19
1787278825.8851464,resting,fast,1787278739.9715214,-249.22823025412208,-189.85724107743397,1354.8100689063622,14.239293080806636,-18.692117269059104,2.979378680820188e-19
1787278825.896645,resting,fast,1787278739.9715214,-249.0466291461894,-190.8767951667072,1351.0357657130598,14.315759637502087,-18.678497185963792,2.9721575284280805e-19
1787278825.9072886,resting,fast,1787278739.9715214,-248.89346457712827,-190.69963888858467,1354.0454887816422,14.302472916642774,-18.66700984328461,2.971956074122626e-19
1787278825.9188213,resting,fast,1787278739.9715214,-247.57570198849817,-189.044891057575,1347.2003032914354,14.178366829316932,-18.56817764913695,2.964085015605426e-19
1787278825.9300745,resting,fast,1787278739.9715214,-246.6054334081723,-186.6247517757596,1344.2698413675707,13.996856383180816,-18.495407505612818,2.9633386239895155e-19
1787278825.9405565,resting,fast,1787278739.9715214,-246.87289085229213,-186.60732050495778,1343.8573130280884,13.995549037870536,-18.515466813921776,2.965191923406669e-19
1787278825.9521308,resting,fast,1787278739.9715214,-247.3435360047538,-187.24252535903122,1347.243493087345,14.043189401926288,-18.55076520035628,2.969421559896734e-19
1787278825.9632297,resting,fast,1787278739.9715214,-248.33988320218532,-188.41772701446155,1350.1370709233097,14.131329526083508,-18.625491240163754,2.9699203481587213e-19
1787278825.974294,resting,fast,1787278739.9715214,-247.4182929952035,-187.69466685698296,1349.0162988518214,14.07710001427262,-18.5563719746401,2.9653223820047566e-19
1787278825.9850793,resting,fast,1787278739.9715214,-248.61808346856424,-188.4047640006171,1354.4383874126897,14.130357300044938,-18.64635626014215,2.969582864281803e-19
1787278825.9963238,resting,fast,1787278739.9715214,-248.87106786362392,-187.0876627521228,1358.9062710861954,14.03157470640787,-18.6653300897715,2.9736923876664213e-19
1787278826.0074487,resting,fast,1787278739.9715214,-248.8342650430427,-186.21071846842472,1359.5656961561663,13.965803885130445,-18.662569878228126,2.9764137242334444e-19
1787278826.0185144,resting,fast,1787278739.9715214,-248.17572008695925,-185.62806162678373,1356.4537236957922,13.922104622007883,-18.613179006521754,2.9731760838220805e-19
1787278826.0296597,resting,fast,1787278739.9715214,-247.7466529599974,-186.81306507547436,1353.6743877817871,14.010979880659537,-18.58099897199967,2.974579595471791e-19
1787278826.0404913,resting,fast,1787278739.9715214,-249.66210040457145,-187.29708245897712,1357.3982775810082,14.047281184422136,-18.72465753034276,2.9753251150775004e-19
1787278826.0518148,resting,fast,1787278739.9715214,-249.78851285979044,-187.9835828622996,1355.3645741299597,14.098768714671255,-18.734138464484076,2.974936351392296e-19
1787278826.0629716,resting,fast,1787278739.9715214,-250.0615260512909,-189.03624822021345,1353.7270535641446,14.177718616515012,-18.75461445384657,2.977003291674437e-19
1787278826.0739315,resting,fast,1787278739.9715214,-249.1331396992323,-188.7797658305252,1350.66545202641,14.158482437288232,-18.68498547744234,2.9769990878839575e-19
1787278826.085105,resting,fast,1787278739.9715214,-249.4934109717019,-188.1714365411725,1354.7946447417862,14.112857740586637,-18.712005822877515,2.978692157219275e-19
1787278826.0963035,resting,fast,1787278739.9715214,-248.87861899096288,-188.2674854860394,1357.1165088425378,14.120061411451761,-18.665896424321915,2.9763219621385235e-19
1787278826.1072438,resting,fast,1787278739.9715214,-248.2507858386757,-189.57891633543352,1358.3600912510492,14.218418725156443,-18.618808937900518,2.9756381890732963e-19
1787278826.1184669,resting,fast,1787278739.9715214,-246.69995353112563,-188.87235244276428,1349.9345028251691,14.165426433206068,-18.502496514834334,2.970073627773141e-19
1787278826.1295445,resting,fast,1787278739.9715214,-247.30808108467454,-188.01099491611956,1348.4776289714964,14.100824618707879,-18.54810608135032,2.9689518480318605e-19
1787278826.1406865,resting,fast,1787278739.9715214,-247.9737233649762,-187.8765849447792,1347.6501712659965,14.090743870857057,-18.598029252373216,2.96961113877628e-19
1787278826.151656,resting,fast,1787278739.9715214,-248.3184885541118,-189.342288248224,1353.388679705119,14.200671618615534,-18.6238866415582,2.976801908473216e-19
1787278826.1628325,resting,fast,1787278739.9715214,-248.00631804464183,-190.88842023803784,1354.745095639696,14.316631517851807,-18.60047385334807,2.9790894124586396e-19
1787278826.173854,resting,fast,1787278739.9715214,-247.67836480161486,-190.30128288307776,1355.4181960079195,14.272596216229662,-18.57587736012102,2.9799729204487095e-19
1787278826.185049,resting,fast,1787278739.9715214,-247.18620759727173,-189.91558180313166,1349.0838210886877,14.24366863523355,-18.538965569795245,2.9745616536094443e-19
1787278826.1961012,resting,fast,1787278739.9715214,-246.8411836751843,-189.26831621356303,1347.1781231473296,14.195123716015946,-18.513088775638636,2.973062067269736e-19
1787278826.207195,resting,fast,1787278739.9715214,-247.7767660195309,-190.25089619988614,1347.3550142444865,14.26881721499024,-18.583257451464632,2.976309466744416e-19
1787278826.2182937,resting,fast,1787278739.9715214,-248.73714495850936,-189.31817872606132,1352.2823342954698,14.198863404453665,-18.655285871887763,2.9775460422119968e-19
1787278826.2295048,resting,fast,1787278739.9715214,-248.84075753690058,-187.62614897111814,1350.4968128333358,14.071961172832719,-18.663056815267353,2.974489242022104e-19
1787278826.2404704,resting,fast,1787278739.9715214,-247.58455802372146,-187.42810718336716,1351.0967296900935,14.057108038751455,-18.568841851779005,2.9690259658911904e-19
1787278826.251618,resting,fast,1787278739.9715214,-246.98117196809335,-187.7147674170468,1347.73113092113,14.07860755627745,-18.523587897606994,2.968238992504252e-19
1787278826.2628207,resting,fast,1787278739.9715214,-247.46590334616076,-188.59036767836972,1353.1817979610541,14.144277575876576,-18.559942750961795,2.974674012290133e-19
1787278826.273702,resting,fast,1787278739.9715214,-247.93609171462276,-189.2022448522349,1352.6429004116026,14.19016836391646,-18.59520687859652,2.9771918744905023e-19
1787278826.2848942,resting,fast,1787278739.9715214,-248.248666137722,-189.58548943726748,1353.9086091813742,14.218911707793911,-18.618649960328987,2.9791074187267725e-19
1787278826.2961102,resting,fast,1787278739.9715214,-248.12010773474094,-189.20499250238765,1349.7639932143766,14.190374437677765,-18.60900808010536,2.9721633998542163e-19
1787278826.307137,resting,fast,1787278739.9715214,-249.13687504405107,-188.74027965938524,1351.7748065965834,14.155520974452703,-18.685265628303526,2.974572984296665e-19
1787278826.3182592,resting,fast,1787278739.9715214,-247.5186590321041,-187.64598979532605,1347.5408661452575,14.073449234648383,-18.56389942740755,2.9701174871742896e-19
1787278826.3293693,resting,fast,1787278739.9715214,-247.28294439525826,-187.6395060476142,1350.08643209998,14.072962953570073,-18.546220829644135,2.972752496559119e-19
1787278826.3403487,resting,fast,1787278739.9715214,-245.7492263282179,-187.42760163596097,1346.4549985702206,14.057070122695865,-18.431191974616155,2.9663344937356204e-19
1787278826.3514776,resting,fast,1787278739.9715214,-247.6925613395747,-187.40294895593786,1353.3869143926722,14.055221171694189,-18.57694210046803,2.9749620862660195e-19
1787278826.3627648,resting,fast,1787278739.9715214,-247.81547863931473,-186.8504388845207,1351.3157393187294,14.013782916338034,-18.586160897948538,2.9757564820482464e-19
1787278826.3736665,resting,fast,1787278739.9715214,-248.36312816374766,-185.8792667039953,1349.041635164268,13.940945002798461,-18.627234612281065,2.976810307929884e-19
1787278826.384694,resting,fast,1787278739.9715214,-247.36801152089765,-187.349517437572,1346.2947570331262,14.051213807816499,-18.552600864066974,2.972260978835716e-19
1787278826.3957071,resting,fast,1787278739.9715214,-248.0687423790464,-188.56628554846714,1349.2769373464553,14.142471416133834,-18.60515567842834,2.9749882376532937e-19
1787278826.4068573,resting,fast,1787278739.9715214,-246.45876020151672,-189.4961900494958,1347.3156890047312,14.212214253711,-18.484407015113483,2.9771731535955134e-19
1787278826.4181135,resting,fast,1787278739.9715214,-246.544068979239,-188.16423192548507,1346.4290777302276,14.112317394410287,-18.490805173442695,2.9733653146941203e-19
1787278826.4291472,resting,fast,1787278739.9715214,-246.77103379260961,-186.93658355356376,1345.440333026655,14.020243766516007,-18.507827534445305,2.971223686357747e-19
1787278826.4404137,resting,fast,1787278739.9715214,-248.0206300809018,-185.99681085109012,1353.6439116628362,13.949760813830483,-18.60154725606749,2.97533136342852e-19
1787278826.4513137,resting,fast,1787278739.9715214,-249.2277881146606,-187.2851819509857,1355.8521267363876,14.0463886463227,-18.69208410859938,2.9810447973804534e-19
1787278826.4654815,resting,fast,1787278739.9715214,-246.8353240278625,-186.28229577085915,1354.0087346607934,13.971172182813408,-18.512649302089336,2.9796969716334208e-19
1787278826.4734876,resting,fast,1787278739.9715214,-245.26222925262073,-185.83887137195177,1346.7443061188815,13.937915352895207,-18.394667193946397,2.9690043611526216e-19
1787278826.4846587,resting,fast,1787278739.9715214,-244.07121526277524,-183.94237223686275,1343.256340814999,13.795677917763673,-18.305341144707775,2.962669328334176e-19
1787278826.4986248,resting,fast,1787278739.9715214,-245.35678058339863,-185.15710637780114,1344.5665549862506,13.886782978333859,-18.401758543754575,2.9630860072760366e-19
1787278826.5067108,resting,fast,1787278739.9715214,-246.85040096594776,-186.1683791436052,1349.3648692828965,13.962628435769293,-18.513780072446004,2.972832884712401e-19
1787278826.51803,resting,fast,1787278739.9715214,-247.22684432386222,-187.87143111249395,1347.762249562421,14.090357333436106,-18.542013324289492,2.9743227074671623e-19
1787278826.5292015,resting,fast,1787278739.9715214,-247.72568029515742,-188.6782577967657,1349.9987860716783,14.15086933475644,-18.57942602213661,2.9769655202386267e-19
1787278826.5401595,resting,fast,1787278739.9715214,-248.07613264538622,-188.45189151810212,1349.4601422909955,14.13389186385665,-18.60570994840407,2.9763816570604887e-19
1787278826.551288,resting,fast,1787278739.9715214,-248.6258438114105,-187.29719624319557,1355.4655998760963,14.04728971823862,-18.64693828585522,2.983532666212902e-19
1787278826.565827,resting,fast,1787278739.9715214,-248.755232252322,-186.32029975106536,1354.0721476678127,13.97402248132892,-18.656642418923937,2.9804929300498404e-19
1787278826.5733597,resting,fast,1787278739.9715214,-248.92410868159595,-186.9915871323334,1352.4646387793464,14.024369034923826,-18.66930815111973,2.9819678408978925e-19
1787278826.5845733,resting,fast,1787278739.9715214,-248.70216971344735,-188.23877250780686,1348.864324007779,14.117907938084517,-18.65266272850843,2.9778687402828873e-19
1787278826.5988793,resting,fast,1787278739.9715214,-248.30543645798525,-189.58025942940333,1345.9813284664933,14.218519457204014,-18.6229077343489,2.9762823783128045e-19
1787278826.6065714,resting,fast,1787278739.9715214,-247.3480923017546,-189.84850659250162,1343.8495101736453,14.23863799443669,-18.551106922631597,2.9701445615153125e-19
1787278826.6178515,resting,fast,1787278739.9715214,-246.71219351013178,-188.7399364514157,1346.2597938952922,14.155495233855024,-18.503414513259692,2.9693487800082154e-19
1787278826.6319964,resting,fast,1787278739.9715214,-246.1457335980781,-186.8122855788639,1349.4259050850678,14.010921418413705,-18.460930019855695,2.970454688053142e-19
1787278826.6399753,resting,fast,1787278739.9715214,-246.01556108110208,-186.17854580826463,1349.711248717368,13.963390935618765,-18.451167081082474,2.970811199514677e-19
1787278826.6513488,resting,fast,1787278739.9715214,-245.26405249759,-186.9750830067395,1343.4819642489065,14.023131225504432,-18.39480393731911,2.969587777320592e-19
1787278826.6650753,resting,fast,1787278739.9715214,-245.81477068864888,-188.588987052559,1344.268601154291,14.144174028940814,-18.436107801648575,2.972629154892491e-19
1787278826.6732483,resting,fast,1787278739.9715214,-246.59237446493307,-187.56886465073774,1345.0752141789299,14.067664848804132,-18.494428084869853,2.973113466052246e-19
1787278826.6846068,resting,fast,1787278739.9715214,-247.1693934848513,-187.90124210159559,1348.1757476803314,14.092593157618442,-18.537704511363813,2.9753775686991385e-19
1787278826.6980915,resting,fast,1787278739.9715214,-247.1923805621941,-186.65327866242717,1345.7662329921795,13.998995899680953,-18.539428542164345,2.9713461427544407e-19
1787278826.7066476,resting,fast,1787278739.9715214,-246.57905055901438,-186.79446576510907,1346.013749070732,14.0095849323821,-18.493428791925666,2.973501112121475e-19
1787278826.7177684,resting,fast,1787278739.9715214,-246.46258467236885,-186.67855471016958,1347.5923931901098,14.000891603261497,-18.484693850427504,2.9724780161357805e-19
1787278826.7305357,resting,fast,1787278739.9715214,-246.8717791954382,-187.4896905054428,1346.1904785111847,14.061726787907194,-18.51538343965774,2.9738258851748275e-19
1787278826.7400236,resting,fast,1787278739.9715214,-246.8084080659387,-187.3894472680878,1344.9160851826227,14.054208545105414,-18.510630604945312,2.975163340191737e-19
1787278826.751221,resting,fast,1787278739.9715214,-246.78884592706845,-187.1191415315094,1343.6874959891238,14.033935614861921,-18.509163444529776,2.9753257927772633e-19
1787278826.763164,resting,fast,1787278739.9715214,-246.8589653258773,-186.89094868345035,1344.387562835599,14.016821151257322,-18.514422399440498,2.973302222638343e-19
1787278826.773105,resting,fast,1787278739.9715214,-246.67052487418414,-186.41860394952334,1343.8299874387385,13.981395296212899,-18.50028936556346,2.9710166762957967e-19
1787278826.7843432,resting,fast,1787278739.9715214,-247.0744822471156,-185.43530767709774,1346.3404422881931,13.907648075781157,-18.530586168533446,2.972220704496527e-19
1787278826.7971523,resting,fast,1787278739.9715214,-246.5687195961259,-185.08349603037925,1349.0175403067597,13.881262202277288,-18.492653969709274,2.9762778309416943e-19
1787278826.8064797,resting,fast,1787278739.9715214,-245.9773702138068,-184.16225936615058,1350.4529911043237,13.812169452460314,-18.448302766035297,2.9777974170044635e-19
1787278826.817821,resting,fast,1787278739.9715214,-246.39194768781317,-184.57714846923375,1351.5408063097684,13.843286135191466,-18.4793960765857,2.9775558702299164e-19
1787278826.829604,resting,fast,1787278739.9715214,-246.442776130149,-186.77232874734875,1348.3987723352084,14.007924656049969,-18.48320820976113,2.977148881026586e-19
1787278826.8400102,resting,fast,1787278739.9715214,-247.04135409224227,-189.00791732025584,1347.8907509147657,14.175593799018134,-18.52810155691794,2.9770399080497906e-19
1787278826.851124,resting,fast,1787278739.9715214,-246.18864249807893,-190.05831178102437,1346.099530494418,14.254373383575757,-18.464148187355967,2.976713181721645e-19
1787278826.8623974,resting,fast,1787278739.9715214,-246.74269875149776,-188.2187814218977,1350.3206080414575,14.116408606641134,-18.505702406362104,2.978037472516777e-19
1787278826.8733768,resting,fast,1787278739.9715214,-247.56623884585088,-188.08623335673917,1349.628200941609,14.106467501754157,-18.56746791343847,2.9754622534080043e-19
1787278826.8845053,resting,fast,1787278739.9715214,-248.32516048862408,-186.81546284672288,1348.3296822642506,14.011159713503208,-18.624387036646546,2.975084796443049e-19
1787278826.8963735,resting,fast,1787278739.9715214,-247.88212795250683,-187.0865285999579,1345.2973632699059,14.031489644995862,-18.591159596437947,2.9726002606977487e-19
1787278826.906407,resting,fast,1787278739.9715214,-247.80652557339045,-187.90883063182548,1347.0681375915692,14.093162297385735,-18.585489418004165,2.975846744769069e-19
1787278826.9176772,resting,fast,1787278739.9715214,-247.33783453399383,-189.36095643470264,1344.9186366863405,14.202071732601386,-18.55033759004926,2.9738072636926445e-19
1787278826.9289691,resting,fast,1787278739.9715214,-247.6171067854798,-189.95612516977792,1345.8869896388014,14.246709387732015,-18.571283008910804,2.973815053401845e-19
1787278826.9398007,resting,fast,1787278739.9715214,-246.947775916698,-188.70998672521148,1341.6466715659562,14.153249004389611,-18.52108319375209,2.9726314957851404e-19
1787278826.9510884,resting,fast,1787278739.9715214,-246.93989103146805,-185.98828007307714,1343.1914395512877,13.949121005479842,-18.520491827359805,2.975703564399792e-19
1787278826.9619339,resting,fast,1787278739.9715214,-246.8509139930743,-184.32151207225627,1340.9956784503056,13.824113405417993,-18.513818549480263,2.9749920488758295e-19
1787278826.9733012,resting,fast,1787278739.9715214,-246.6608021146908,-184.34144006027407,1340.8877662698114,13.825608004519285,-18.499560158601824,2.9692156092189484e-19
1787278826.984404,resting,fast,1787278739.9715214,-247.1231878946105,-185.61492119291518,1342.99402355652,13.921119089467542,-18.534239092095618,2.9709097040391533e-19
1787278826.9950542,resting,fast,1787278739.9715214,-246.3379533534703,-186.34687742307676,1341.5029422610723,13.976015806729624,-18.475346501510238,2.967688786247273e-19
1787278827.0062022,resting,fast,1787278739.9715214,-247.32223991602996,-186.7203297074608,1348.1796822155275,14.004024728058344,-18.549167993702056,2.9733887001862634e-19
1787278827.0176747,resting,fast,1787278739.9715214,-247.32182476527714,-188.61275449880975,1347.678808567346,14.145956587409334,-18.549136857395617,2.9704493553939846e-19
1787278827.028475,resting,fast,1787278739.9715214,-247.48872819155577,-188.53963034717856,1350.4608829163653,14.140472276037162,-18.561654614366553,2.9722591158362683e-19
1787278827.0394435,resting,fast,1787278739.9715214,-248.612695764225,-188.15136562638202,1351.4460782509605,14.111352421977504,-18.645952182316627,2.9742853437833947e-19
1787278827.0510278,resting,fast,1787278739.9715214,-247.47676450293739,-185.36038320002456,1347.2990315043817,13.90202874000062,-18.560757337720176,2.971499638975513e-19
1787278827.062177,resting,fast,1787278739.9715214,-248.03383386509677,-185.29688661315424,1346.6977600971213,13.897266495985452,-18.6025375398822,2.973203817279264e-19
1787278827.0730734,resting,fast,1787278739.9715214,-245.99814446873688,-185.90741826222427,1340.3591484985873,13.94305636966553,-18.449860835155015,2.9702192664859138e-19
1787278827.0843236,resting,fast,1787278739.9715214,-246.25311749036564,-187.01771232273234,1340.4979001134316,14.026328424203715,-18.468983811777413,2.971040758923583e-19
1787278827.095072,resting,fast,1787278739.9715214,-245.4474419956764,-186.8947285796129,1339.2190042248612,14.017104643469853,-18.408558149675763,2.9712783595265863e-19
1787278827.106526,resting,fast,1787278739.9715214,-246.1185989921728,-185.17750666865334,1343.077071584231,13.88831300014768,-18.458894924412697,2.967831985911367e-19
1787278827.1176276,resting,fast,1787278739.9715214,-245.86175615522325,-184.10408279722685,1342.9057885672491,13.807806209790815,-18.439631711641518,2.965791818962804e-19
1787278827.1284518,resting,fast,1787278739.9715214,-246.56418934123076,-185.24978684918085,1344.979837893664,13.893734013687425,-18.49231420059212,2.967237817245845e-19
1787278827.1397865,resting,fast,1787278739.9715214,-246.97655517437806,-186.36049200029595,1344.8405317831212,13.977036900020881,-18.52324163807822,2.971602195010747e-19
1787278827.150919,resting,fast,1787278739.9715214,-248.17488881547933,-188.79362877219012,1346.1900583871584,14.159522157913091,-18.61311666116081,2.9744848493236485e-19
1787278827.16187,resting,fast,1787278739.9715214,-246.88449197958062,-186.00638250606892,1344.6468266870152,13.95047868795415,-18.51633689846848,2.9686261043304964e-19
1787278827.1730845,resting,fast,1787278739.9715214,-245.64471058679692,-186.20823676194493,1342.332384893777,13.965617757144745,-18.423353294009765,2.9659011273926923e-19
1787278827.184218,resting,fast,1787278739.9715214,-245.10948194231378,-184.1806902114978,1343.3116806311418,13.813551765861124,-18.383211145673357,2.965718500566125e-19
1787278827.195198,resting,fast,1787278739.9715214,-247.56239459327435,-187.17618441154366,1348.0033646351503,14.038213830864851,-18.567179594495386,2.9752555091790808e-19
1787278827.2063203,resting,fast,1787278739.9715214,-248.4629275444554,-185.95107348500403,1351.4982673523837,13.946330511374416,-18.634719565833763,2.9763549718254463e-19
1787278827.217156,resting,fast,1787278739.9715214,-250.56493873391946,-186.91377754417624,1357.3389151179626,14.018533315812054,-18.79237040504374,2.9798557191911967e-19
1787278827.2282724,resting,fast,1787278739.9715214,-248.49792304190623,-185.7053926660227,1349.8833678587516,13.927904449950407,-18.637344228142602,2.9740373344225714e-19
1787278827.2398093,resting,fast,1787278739.9715214,-247.74469709511277,-185.28277285129354,1349.711403106815,13.896207963845885,-18.580852282133414,2.973325906115677e-19
1787278827.2508874,resting,fast,1787278739.9715214,-246.01630572479235,-185.20763202873434,1343.6501677720416,13.890572402153726,-18.45122292935934,2.971196569053364e-19
1787278827.2616239,resting,fast,1787278739.9715214,-246.64888768706214,-185.96280730432397,1348.0596314566765,13.947210547823122,-18.49866657652953,2.972499210714043e-19
1787278827.272962,resting,fast,1787278739.9715214,-248.46287541498032,-187.995150244,1352.9114857085633,14.099636268298983,-18.634715656123618,2.978093044782578e-19
1787278827.2840374,resting,fast,1787278739.9715214,-248.65068899794778,-186.8893821896071,1354.4598789824095,14.01670366421948,-18.648801674845856,2.979464199124383e-19
1787278827.2947335,resting,fast,1787278739.9715214,-249.3933818793398,-186.60670053400838,1358.6820238717637,13.995502540049447,-18.704503640950016,2.981996449363463e-19
1787278827.3062878,resting,fast,1787278739.9715214,-249.37427167722535,-188.15747815227212,1352.4568256410448,14.111810861419205,-18.70307037579159,2.97867351542438e-19
1787278827.31756,resting,fast,1787278739.9715214,-248.87165526456056,-189.53774280484583,1350.5212280226506,14.215330710362327,-18.66537414484172,2.978958954488617e-19
1787278827.3281386,resting,fast,1787278739.9715214,-249.36226407230197,-191.52997980426392,1347.8505531384699,14.364748485318618,-18.702169805422542,2.978888158244672e-19
1787278827.3395967,resting,fast,1787278739.9715214,-249.99434319781858,-191.64270454796736,1351.0979387517245,14.37320284109622,-18.749575739836217,2.9778300547245144e-19
1787278827.3502965,resting,fast,1787278739.9715214,-251.68530971808514,-192.92593670160875,1354.822307440937,14.46944525261954,-18.876398228856345,2.9770487681710806e-19
1787278827.3613067,resting,fast,1787278739.9715214,-250.69363822303103,-191.1618013382091,1350.5925844705025,14.337135100364495,-18.802022866727206,2.971346582544018e-19
1787278827.3726425,resting,fast,1787278739.9715214,-250.06895646299063,-189.96023574701223,1350.2899871362197,14.247017681024733,-18.755171734724158,2.9753412503314704e-19
1787278827.383421,resting,fast,1787278739.9715214,-248.50568201478154,-188.10655770227288,1347.711159887468,14.107991827669256,-18.637926151108452,2.973803597608503e-19
1787278827.3944967,resting,fast,1787278739.9715214,-246.93709803192678,-187.82657925606543,1348.5671410919522,14.08699344420356,-18.520282352394347,2.977196055870154e-19
1787278827.4058266,resting,fast,1787278739.9715214,-246.39046611859567,-186.62503758822447,1345.4898080832072,13.996877819115799,-18.479284958894553,2.973981496432266e-19
1787278827.4172482,resting,fast,1787278739.9715214,-246.6688783178338,-186.64806103714398,1345.843308095421,13.99860457778465,-18.50016587383739,2.9760029729880982e-19
1787278827.4278882,resting,fast,1787278739.9715214,-247.5988572243864,-185.28071390176945,1347.2125988162015,13.896053542631481,-18.569914291828795,2.974048938896607e-19
1787278827.4389706,resting,fast,1787278739.9715214,-246.21236526647363,-185.78780776540668,1346.9326941356185,13.934085582404354,-18.46592739498535,2.9729069026317346e-19
1787278827.4505212,resting,fast,1787278739.9715214,-245.29578685237493,-186.0797699844785,1348.7387692843722,13.95598274883466,-18.397184013928104,2.9728749240099774e-19
1787278827.461176,resting,fast,1787278739.9715214,-246.21070772800203,-188.24537985489349,1348.3465681472526,14.11840348911564,-18.46580307960012,2.972818519801917e-19
1787278827.472601,resting,fast,1787278739.9715214,-248.05707388609108,-188.5263017134463,1352.909236447741,14.139472628507395,-18.60428054145661,2.97770593045442e-19
1787278827.483947,resting,fast,1787278739.9715214,-248.79825231078803,-187.8142130619707,1352.3544203196516,14.08606597964668,-18.659868923308927,2.9756422969102096e-19
1787278827.494604,resting,fast,1787278739.9715214,-248.47285895329287,-186.53234581945924,1353.3406768868163,13.989925936458352,-18.635464421496707,2.9772675739891594e-19
1787278827.5060163,resting,fast,1787278739.9715214,-247.45208297784802,-186.08337218924896,1349.056661583475,13.956252914192536,-18.558906223338383,2.971877161892826e-19
1787278827.5172226,resting,fast,1787278739.9715214,-247.2548958275197,-186.54046778587247,1347.3098449394683,13.990535083939267,-18.544117187063975,2.970647356593134e-19
1787278827.527873,resting,fast,1787278739.9715214,-247.57498598359734,-186.59702002541223,1347.0274349508754,13.994776501904912,-18.568123948769774,2.9713090034671554e-19
1787278827.5393622,resting,fast,1787278739.9715214,-247.42907516426067,-187.0305893297442,1349.3382585817371,14.027294199729699,-18.557180637319313,2.972059123357646e-19
1787278827.5504482,resting,fast,1787278739.9715214,-247.3193173829036,-187.33082796273277,1347.1088813380238,14.049812097203915,-18.548948803717828,2.9710016639183337e-19
1787278827.5612805,resting,fast,1787278739.9715214,-247.48664328069617,-187.66968758397695,1348.9390508644801,14.075226568797166,-18.561498246052004,2.971186113826718e-19
1787278827.5726213,resting,fast,1787278739.9715214,-247.06787416026646,-188.09475095308642,1343.9937561775669,14.107106321480078,-18.53009056201973,2.9699293618097e-19
1787278827.583858,resting,fast,1787278739.9715214,-246.82094040607035,-188.1886582206365,1344.9128364451963,14.114149366546616,-18.511570530455046,2.9742243591669663e-19
1787278827.594415,resting,fast,1787278739.9715214,-245.86143836133988,-188.2257142095158,1344.8936695683942,14.11692856571229,-18.439607877100357,2.972565819122511e-19
1787278827.605931,resting,fast,1787278739.9715214,-245.47142174119335,-187.0294348865649,1345.5433874187138,14.027207616491086,-18.41035663058956,2.971856181455937e-19
1787278827.616975,resting,fast,1787278739.9715214,-245.61078504013904,-186.62679320745121,1347.0842632879876,13.997009490557819,-18.420808878010426,2.9687395480537404e-19
1787278827.6277964,resting,fast,1787278739.9715214,-246.18513534946533,-186.51674281711973,1346.0336944175515,13.988755711282682,-18.463885151209645,2.9702530087678467e-19
1787278827.6393054,resting,fast,1787278739.9715214,-246.45913826954575,-188.02687679774442,1348.291537740285,14.102015759829857,-18.48443537021567,2.9737169986542156e-19
1787278827.6503224,resting,fast,1787278739.9715214,-245.9483939917668,-187.24092995179956,1346.1950238016207,14.043069746383896,-18.44612954938239,2.970925848116706e-19
1787278827.6608677,resting,fast,1787278739.9715214,-245.84271941760062,-187.5740779969093,1347.6884028059094,14.068055849766981,-18.438203956319754,2.969755192564087e-19
1787278827.6723497,resting,fast,1787278739.9715214,-245.45062225574338,-186.14876221303678,1346.9638568133769,13.961157165976505,-18.408796669180596,2.966702517012714e-19
1787278827.6830664,resting,fast,1787278739.9715214,-246.03140561334249,-185.40847152637764,1350.5749317052605,13.905635364477366,-18.45235542100051,2.972057753986352e-19
1787278827.6941662,resting,fast,1787278739.9715214,-246.0874390785607,-185.54268155659418,1348.986176934549,13.91570111674331,-18.456557930891798,2.9727188217837136e-19
1787278827.7055802,resting,fast,1787278739.9715214,-247.27019164165586,-187.15848269213154,1353.1340496265793,14.036886201908633,-18.545264373124,2.9815720686583003e-19
1787278827.716946,resting,fast,1787278739.9715214,-247.58482185984258,-188.30758472940045,1351.1396603661515,14.123068854703806,-18.568861639488127,2.977891794827535e-19
1787278827.7274425,resting,fast,1787278739.9715214,-249.02285427466768,-188.96922605551697,1354.8717997156791,14.172691954162534,-18.6767140705998,2.980812600811833e-19
1787278827.738968,resting,fast,1787278739.9715214,-249.52487818594318,-187.71618222093855,1352.9321485638948,14.078713666569218,-18.71436586394571,2.976424543124026e-19
1787278827.7501278,resting,fast,1787278739.9715214,-248.95026890119107,-188.34838383259864,1351.1808493732087,14.12612878744412,-18.671270167589043,2.9749105995092982e-19
1787278827.7608547,resting,fast,1787278739.9715214,-249.12778377231143,-188.17929184022603,1349.0115421425226,14.113446888015847,-18.684583782923212,2.972215083873432e-19
1787278827.7722373,resting,fast,1787278739.9715214,-248.47190087527315,-187.94738563754743,1345.924173212191,14.096053922814864,-18.635392565645112,2.969138574588035e-19
1787278827.7834635,resting,fast,1787278739.9715214,-249.21238162918007,-188.31484641779673,1349.630856432569,14.123613481333567,-18.690928622188203,2.9766572221471667e-19
1787278827.7941024,resting,fast,1787278739.9715214,-248.30290622156417,-187.5441544974891,1352.699144877034,14.06581158731041,-18.62271796661725,2.9788734913215407e-19
1787278827.8056936,resting,fast,1787278739.9715214,-248.35816879269123,-188.2171039344645,1354.6105128623703,14.116282795083766,-18.626862659451675,2.9795948859234177e-19
1787278827.816694,resting,fast,1787278739.9715214,-247.26008169051283,-188.18125809921878,1353.4675559599973,14.113594357440125,-18.54450612678825,2.974133349326571e-19
1787278827.8274338,resting,fast,1787278739.9715214,-247.1513321422749,-189.2340563983338,1346.233055423293,14.192554229873682,-18.536349910670317,2.9707933894825294e-19
1787278827.838941,resting,fast,1787278739.9715214,-246.91353409807607,-188.76273504174821,1351.9712057725328,14.157205128129863,-18.5185150573555,2.973089702754455e-19
1787278827.8501096,resting,fast,1787278739.9715214,-247.78028467752983,-189.45086431105108,1351.4732290339334,14.208814823327717,-18.5835213508148,2.9754284323677105e-19
1787278827.8608246,resting,fast,1787278739.9715214,-247.6342245988203,-189.9018339332498,1352.6220952228641,14.242637544992665,-18.572566844911222,2.974529923902787e-19
1787278827.8722744,resting,fast,1787278739.9715214,-247.4253909230124,-189.95099402426615,1346.1484313934516,14.246324551818706,-18.556904319225872,2.9732478342958997e-19
1787278827.8830528,resting,fast,1787278739.9715214,-248.1369637023322,-190.2829949311796,1348.1387614161858,14.27122461983723,-18.610272277674845,2.9775928156707967e-19
1787278827.8940623,resting,fast,1787278739.9715214,-246.75723536831856,-189.526272588717,1346.0978697757755,14.214470444152372,-18.506792652623695,2.9834199392514365e-19
1787278827.9052293,resting,fast,1787278739.9715214,-247.54961564682208,-189.26560217704525,1349.0161967139456,14.194920163277462,-18.566221173511522,2.981875117631075e-19
1787278827.9188197,resting,fast,1787278739.9715214,-247.48710085853008,-188.96325568819032,1347.6598127605548,14.172244176613152,-18.56153256438955,2.978263810370798e-19
1787278827.9275851,resting,fast,1787278739.9715214,-248.54288834301997,-189.79599608145156,1351.8984906133473,14.234699706107694,-18.6407166257262,2.974993295786102e-19
1787278827.9390647,resting,fast,1787278739.9715214,-247.331269783695,-190.655952096325,1345.0238930323549,14.29919640722304,-18.54984523377702,2.974796570109541e-19
1787278827.9532766,resting,fast,1787278739.9715214,-247.22814601063283,-190.25312220890885,1346.476496408185,14.268984165666968,-18.54211095079743,2.9781815312994834e-19
1787278827.9608564,resting,fast,1787278739.9715214,-245.74356101270268,-188.61762281850145,1343.0279912249143,14.146321711386495,-18.43076707595248,2.9754362427872714e-19
1787278827.972389,resting,fast,1787278739.9715214,-246.25501576357556,-187.97755827152662,1346.4872683395706,14.098316870363451,-18.469126182268106,2.9749557336633354e-19
1787278827.986323,resting,fast,1787278739.9715214,-245.53632783898092,-186.91939391867243,1344.3517762268302,14.018954543899117,-18.41522458792347,2.970906567199596e-19
1787278827.9941473,resting,fast,1787278739.9715214,-246.22991266683448,-188.65984155149192,1348.2624356173756,14.14948811636086,-18.467243450012518,2.9736608768524198e-19
1787278828.0060802,resting,fast,1787278739.9715214,-245.33096856566272,-188.37204098955306,1343.314966593075,14.127903074215372,-18.39982264242449,2.971144241406561e-19
1787278828.0193803,resting,fast,1787278739.9715214,-246.26839725885793,-189.51132302167673,1344.1665141578915,14.213349226624505,-18.470129794414156,2.9722404310266237e-19
1787278828.0273361,resting,fast,1787278739.9715214,-247.67163767402099,-188.5211676534351,1341.8742148044084,14.139087574006599,-18.575372825551277,2.9722351384777154e-19
1787278828.0385005,resting,fast,1787278739.9715214,-248.74883144827663,-188.69393945819832,1349.9301256028766,14.152045459363709,-18.656162358620413,2.9776583952113714e-19
1787278828.0502589,resting,fast,1787278739.9715214,-247.54224611862583,-188.13295139746845,1347.6102213520453,14.109971354808938,-18.565668458896646,2.9767657911317334e-19
1787278828.0604258,resting,fast,1787278739.9715214,-244.64714791507186,-187.38446456107033,1342.1060197658198,14.053834842078974,-18.348536093630393,2.9727450136711547e-19
1787278828.0722504,resting,fast,1787278739.9715214,-245.0365585496752,-188.04052671132365,1337.7666908364363,14.103039503347805,-18.377741891225583,2.9720127196235484e-19
1787278828.0830433,resting,fast,1787278739.9715214,-244.55921862257628,-187.66256603721206,1338.079653663298,14.074692452789765,-18.341941396692974,2.9705155008654045e-19
1787278828.093869,resting,fast,1787278739.9715214,-245.20143828513892,-187.2871040347269,1338.4689135996314,14.046532802603313,-18.390107871385183,2.9721112335708335e-19
1787278828.1054757,resting,fast,1787278739.9715214,-244.3858873762042,-187.04074666911617,1337.4089203239955,14.028056000182477,-18.328941553215095,2.970038605344583e-19
1787278828.1178167,resting,fast,1787278739.9715214,-245.12540053990733,-187.58296753361685,1341.33742802695,14.068722565019886,-18.38440504049278,2.973506982096378e-19
1787278828.1274009,resting,fast,1787278739.9715214,-245.69735433725464,-187.36192888414632,1345.5883741585794,14.052144666309804,-18.427301575293882,2.9763305230107254e-19
1787278828.1387773,resting,fast,1787278739.9715214,-244.31754234564187,-186.4268466268635,1346.53848217024,13.982013497013458,-18.323815675922788,2.9754338041486236e-19
1787278828.15095,resting,fast,1787278739.9715214,-244.27816643652704,-185.96932334370615,1343.3888514771888,13.947699250776626,-18.32086248273938,2.971058029738489e-19
1787278828.1605952,resting,fast,1787278739.9715214,-244.10289680172582,-185.67776162569805,1340.4659523831988,13.92583212192638,-18.307717260129046,2.9644623565691e-19
1787278828.1719947,resting,fast,1787278739.9715214,-246.16441548312332,-187.92337855540393,1343.992670613071,14.094253391654181,-18.46233116123412,2.9695713459010843e-19
1787278828.1834695,resting,fast,1787278739.9715214,-245.84803518388026,-188.2704276930068,1343.077519552423,14.12028207697428,-18.43860263879096,2.9680075186859833e-19
1787278828.1940796,resting,fast,1787278739.9715214,-245.84318823583317,-188.9128054095844,1342.7059940394074,14.168460405717685,-18.438239117687353,2.9700165485781694e-19
1787278828.2057528,resting,fast,1787278739.9715214,-245.09455082861268,-187.20660298036012,1342.0829533289498,14.040495223525799,-18.382091312145775,2.9691353647255013e-19
1787278828.216324,resting,fast,1787278739.9715214,-246.28790975184484,-187.22941364389624,1343.0408152721402,14.042206023291246,-18.47159323138814,2.9711355593811456e-19
1787278828.227357,resting,fast,1787278739.9715214,-246.5447725132476,-187.26103318528283,1342.542495933586,14.044577488895076,-18.4908579384933,2.972627972553694e-19
1787278828.238675,resting,fast,1787278739.9715214,-244.98106654933827,-185.24650539213133,1337.632177120292,13.893487904408648,-18.373579991200167,2.9634012724292585e-19
1787278828.2497811,resting,fast,1787278739.9715214,-243.33733696305035,-184.58367030367492,1338.4326316550114,13.843775272774483,-18.250300272228323,2.9659679753696545e-19
1787278828.2609863,resting,fast,1787278739.9715214,-243.57610995505866,-184.91504671409587,1339.977325960771,13.868628503555716,-18.268208246629264,2.9686138618302153e-19
1787278828.2720993,resting,fast,1787278739.9715214,-245.13852776209615,-186.908154534064,1342.372721597022,14.018111590053724,-18.385389582157117,2.9789606430258094e-19
1787278828.2831485,resting,fast,1787278739.9715214,-246.66846609693084,-188.4824621299107,1346.7565842863978,14.136184659741918,-18.5001349572697,2.9835745419662063e-19
1787278828.2940905,resting,fast,1787278739.9715214,-245.49343743379404,-188.3244245757918,1344.5943207010796,14.12433184318309,-18.41200780753438,2.9786497243014347e-19
1787278828.3054411,resting,fast,1787278739.9715214,-246.1948809019391,-187.47211923425232,1346.6769381819095,14.060408942567722,-18.464616067645416,2.975509423382627e-19
1787278828.316275,resting,fast,1787278739.9715214,-246.0326327521566,-186.18544170516418,1343.9244358980586,13.963908127886118,-18.4524474564114,2.9689673653495457e-19
1787278828.327508,resting,fast,1787278739.9715214,-246.5766080364906,-184.84690282462964,1343.2565469979972,13.863517711846118,-18.49324560273672,2.9655661242324954e-19
1787278828.338762,resting,fast,1787278739.9715214,-247.24083326279606,-185.38093370044032,1344.9756841852113,13.903570027531845,-18.54306249470961,2.968123992869484e-19
1787278828.3497422,resting,fast,1787278739.9715214,-246.12995229216403,-185.3446656994596,1342.0600052824002,13.900849927458228,-18.459746421912037,2.9679394421745144e-19
1787278828.3606415,resting,fast,1787278739.9715214,-245.8073954301276,-186.581057670223,1343.8822748664707,13.99357932526549,-18.435554657259367,2.973873090582201e-19
1787278828.3718746,resting,fast,1787278739.9715214,-245.10405372622017,-185.9810187326724,1339.4561343067244,13.948576404949211,-18.382804029466342,2.96968488521212e-19
1787278828.3828247,resting,fast,1787278739.9715214,-245.57899502506325,-186.09760013892094,1340.8269731291102,13.957320010417991,-18.418424626879457,2.9696295085805762e-19
1787278828.39392,resting,fast,1787278739.9715214,-246.67863893121876,-186.24465529564134,1342.4517633397018,13.968349147172194,-18.50089791984125,2.9652674268871865e-19
1787278828.4050026,resting,fast,1787278739.9715214,-247.3957563293211,-187.6243151327452,1348.7306565651024,14.071823634954843,-18.554681724699194,2.969706423598263e-19
1787278828.4160752,resting,fast,1787278739.9715214,-246.70424075441179,-187.9265502626978,1344.830040740314,14.094491269700999,-18.50281805658056,2.969185814796267e-19
1787278828.4274035,resting,fast,1787278739.9715214,-246.21635779812232,-187.11408310204763,1342.9830938410496,14.033556232652433,-18.466226834858965,2.969542474578902e-19
1787278828.4382522,resting,fast,1787278739.9715214,-244.75303054978258,-186.74663789249905,1339.6475790361228,14.005997841936296,-18.356477291233524,2.9658299427827904e-19
1787278828.4491637,resting,fast,1787278739.9715214,-246.4338706489184,-187.37705869774607,1345.5042623488089,14.053279402329796,-18.482540298668617,2.968019451575968e-19
1787278828.460659,resting,fast,1787278739.9715214,-247.75335702577604,-188.88448938707586,1347.0126152293187,14.166336704029494,-18.581501776932832,2.9700272837964684e-19
1787278828.4716997,resting,fast,1787278739.9715214,-248.2438752250432,-189.58551823272649,1348.2669933006973,14.218913867453157,-18.618290641878012,2.9732905324727606e-19
1787278828.482493,resting,fast,1787278739.9715214,-245.64300158177366,-186.99464146102457,1343.3704929165788,14.024598109575596,-18.423225118632708,2.9665553143898585e-19
1787278828.493758,resting,fast,1787278739.9715214,-244.9534573804499,-185.6318547630907,1345.3406853698443,13.922389107230888,-18.371509303533493,2.969809573501888e-19
1787278828.5049624,resting,fast,1787278739.9715214,-244.13464771976533,-184.37703701206885,1339.0875101266456,13.82827777590396,-18.31009857898229,2.9634067130700828e-19
1787278828.5159156,resting,fast,1787278739.9715214,-246.1426926109748,-185.92658719159488,1346.195254410305,13.944494039368596,-18.46070194582309,2.9732168982677996e-19
1787278828.5267637,resting,fast,1787278739.9715214,-245.74079650178874,-186.35855456088268,1347.810757160055,13.976891592064977,-18.43055973763404,2.9745710038620383e-19
1787278828.538197,resting,fast,1787278739.9715214,-245.68915652543137,-186.95295306508513,1352.0206104122635,14.021471479880237,-18.426686739407202,2.979136408181565e-19
1787278828.5490172,resting,fast,1787278739.9715214,-245.1805115087168,-187.53220640977918,1349.3649260289521,14.064915480732143,-18.388538363153508,2.9746898191424986e-19
1787278828.5601969,resting,fast,1787278739.9715214,-245.71645574947206,-187.21459433201528,1348.1898484158764,14.04109457489999,-18.428734181210253,2.972321881413193e-19
1787278828.5717397,resting,fast,1787278739.9715214,-246.25974675256793,-186.16954740796098,1346.309425008486,13.962716055595909,-18.46948100644257,2.9715430632122415e-19
1787278828.5826056,resting,fast,1787278739.9715214,-246.27449746650154,-185.09161053847845,1344.500403774201,13.881870790384827,-18.470587309987422,2.9691363524129737e-19
1787278828.593959,resting,fast,1787278739.9715214,-246.97848283245594,-185.34619064821675,1350.5204188578819,13.90096429861504,-18.52338621243385,2.972673301421454e-19
1787278828.6053052,resting,fast,1787278739.9715214,-245.3395764194488,-184.92721537329442,1348.0894097296741,13.86954115299584,-18.400468231458618,2.9670838751605873e-19
1787278828.616047,resting,fast,1787278739.9715214,-244.80883106696137,-185.2707959572923,1348.2881673833263,13.895309696795923,-18.360662330022173,2.969351011543564e-19
1787278828.6272676,resting,fast,1787278739.9715214,-245.07119704862043,-185.52270283146197,1345.2709842517806,13.914202712358492,-18.380339778646345,2.9713178409215364e-19
1787278828.638469,resting,fast,1787278739.9715214,-245.81456811763064,-186.10871918806436,1345.5763510486076,13.958153939103699,-18.436092608822122,2.971566903401657e-19
1787278828.6494381,resting,fast,1787278739.9715214,-247.71219129596875,-186.91923158333282,1348.7691395462834,14.018942368748672,-18.578414347197374,2.9774774926344423e-19
1787278828.660499,resting,fast,1787278739.9715214,-247.35538972716995,-185.88553795037944,1349.2106725219865,13.941415346277228,-18.551654229537583,2.9741225664895462e-19
1787278828.6717398,resting,fast,1787278739.9715214,-248.23582751607182,-185.8748040459501,1353.306796270409,13.9406103034453,-18.61768706370527,2.978998611481289e-19
1787278828.6824906,resting,fast,1787278739.9715214,-247.52297334603054,-185.7933579243014,1350.2949267539598,13.934501844321378,-18.564223000952126,2.9748415273877456e-19
1787278828.693784,resting,fast,1787278739.9715214,-247.1939188897718,-186.1645494992191,1347.1213656011141,13.962341212440197,-18.539543916732498,2.9744155024396104e-19
1787278828.7049487,resting,fast,1787278739.9715214,-247.46519840923565,-185.874831010124,1348.0319276153705,13.940612325758142,-18.55988988069234,2.975612216163622e-19
1787278828.7159963,resting,fast,1787278739.9715214,-247.98151466263926,-185.5006109400898,1348.3961709543028,13.912545820505418,-18.598613599697757,2.9738414827682677e-19
1787278828.727128,resting,fast,1787278739.9715214,-248.02286130480525,-186.31962325109987,1348.7478701076025,13.973971743831417,-18.60171459786026,2.9729035919700143e-19
1787278828.7383318,resting,fast,1787278739.9715214,-247.40437326042638,-187.29158933296696,1346.7881963489463,14.046869199971287,-18.555327994531893,2.9719344833159744e-19
1787278828.749169,resting,fast,1787278739.9715214,-246.48056220129502,-186.91402689144059,1345.039303981449,14.018552016856933,-18.48604216509696,2.974086651631877e-19
1787278828.7604954,resting,fast,1787278739.9715214,-245.79742004954778,-186.02319943274017,1345.099711713553,13.951739957454624,-18.434806503715933,2.971832918982436e-19
1787278828.7715304,resting,fast,1787278739.9715214,-245.9464824275824,-186.5190670312444,1344.2166699228264,13.988930027342281,-18.44598618206841,2.972116714698378e-19
1787278828.7828,resting,fast,1787278739.9715214,-246.3343438428751,-186.52159982886076,1345.352216393415,13.989119987163452,-18.475075788215584,2.967297883610937e-19
1787278828.7937098,resting,fast,1787278739.9715214,-248.45822063656715,-187.36816036355992,1350.5637891413926,14.052612027265713,-18.634366547742495,2.970097862981699e-19
1787278828.805181,resting,fast,1787278739.9715214,-248.8146761212779,-186.68490571748987,1351.917125771478,14.001367928810613,-18.661100709095727,2.9719975971211455e-19
1787278828.8155315,resting,fast,1787278739.9715214,-248.89956606752048,-187.32800656608345,1352.1886059609978,14.049600492455173,-18.667467455063708,2.9733200561975373e-19
1787278828.8269732,resting,fast,1787278739.9715214,-247.3518868913602,-188.90319969168388,1348.8733422456853,14.167739976875144,-18.551391516851808,2.9744900338475467e-19
1787278828.8382294,resting,fast,1787278739.9715214,-246.62504901566672,-189.2048106589549,1348.4725572073194,14.19036079942062,-18.496878676174923,2.970553428777586e-19
1787278828.848815,resting,fast,1787278739.9715214,-245.77766872677648,-189.35778390630742,1347.0497959955,14.20183379297207,-18.43332515450814,2.9699729774569327e-19
1787278828.8603847,resting,fast,1787278739.9715214,-246.5475066849226,-188.60172827722965,1349.4270345507894,14.145129620790986,-18.491063001369334,2.9712067316971665e-19
1787278828.8715546,resting,fast,1787278739.9715214,-247.653391711106,-187.746165886026,1350.0619696020703,14.080962441450911,-18.574004378332823,2.972117174840058e-19
1787278828.8821695,resting,fast,1787278739.9715214,-248.99270447358458,-186.91155408359134,1350.9789316838533,14.018366556268067,-18.674452835518615,2.9708646637172646e-19
1787278828.8937044,resting,fast,1787278739.9715214,-248.29156936799473,-186.26930059731887,1347.337767718208,13.970197544797916,-18.621867702599374,2.9681225085204895e-19
1787278828.9046354,resting,fast,1787278739.9715214,-247.76172583969628,-186.83344059166268,1346.817564147691,14.012508044373451,-18.582129437977045,2.971013545316014e-19
1787278828.915354,resting,fast,1787278739.9715214,-247.41062355287386,-186.91707808086755,1347.3321667653645,14.018780856063987,-18.55579676646522,2.974356908719677e-19
1787278828.9268878,resting,fast,1787278739.9715214,-246.4181663918166,-187.73324513692626,1345.2720922531962,14.079993385268384,-18.48136247938622,2.9731565705872674e-19
1787278828.9381359,resting,fast,1787278739.9715214,-247.19347258615062,-187.63080485551598,1350.1144505574166,14.072310364162465,-18.539510443961234,2.976196946445489e-19
1787278828.9486961,resting,fast,1787278739.9715214,-246.54908763390767,-186.69277674935745,1350.5588521257205,14.001958256200684,-18.491181572543056,2.975448280487024e-19
1787278828.9602084,resting,fast,1787278739.9715214,-245.41251165576932,-183.7861101931752,1349.5679163164032,13.783958264487001,-18.405938374182774,2.973050711909683e-19
1787278828.9713218,resting,fast,1787278739.9715214,-244.43539173321233,-184.0733733753783,1345.0035658551487,13.805503003152214,-18.332654379990842,2.965201422112073e-19
1787278828.981993,resting,fast,1787278739.9715214,-245.76208712616744,-184.5071162967921,1347.884700640775,13.838033722258192,-18.432156534462486,2.967808597596899e-19
1787278828.9934893,resting,fast,1787278739.9715214,-248.57384406964002,-186.8154437447207,1355.5113819517019,14.011158280852758,-18.64303830522278,2.973526823668807e-19
1787278829.0047517,resting,fast,1787278739.9715214,-248.2225525943736,-186.70814924260674,1353.5470018493297,14.00311119319419,-18.616691444577903,2.973193353863706e-19
1787278829.0153244,resting,fast,1787278739.9715214,-248.14302492046818,-187.62963559310026,1353.655403426258,14.072222669481196,-18.610726869034963,2.9723438900949196e-19
1787278829.0267973,resting,fast,1787278739.9715214,-247.2003946400987,-186.8537280964382,1349.1277780667378,14.014029607231453,-18.540029598007102,2.9706651141922857e-19
1787278829.038089,resting,fast,1787278739.9715214,-248.9893371763933,-187.33510786423074,1352.5671057513218,14.050133089816189,-18.674200288229436,2.9725630607675824e-19
1787278829.0485568,resting,fast,1787278739.9715214,-248.90474591065276,-187.68370014561094,1351.4182597875906,14.07627751091957,-18.667855943299003,2.973606225611441e-19
1787278829.060118,resting,fast,1787278739.9715214,-249.85569642684322,-188.64607785052033,1354.0401084652758,14.148455838788,-18.73917723201297,2.974495028815051e-19
1787278829.071271,resting,fast,1787278739.9715214,-249.25132035356228,-187.97203954202462,1353.184661077442,14.097902965650864,-18.693849026516986,2.9771176794438657e-19
1787278829.0819438,resting,fast,1787278739.9715214,-249.065203468846,-187.05647974161127,1355.8532920635944,14.029235980619692,-18.67989026016327,2.9771985315059873e-19
1787278829.093376,resting,fast,1787278739.9715214,-246.65790198831974,-186.44034953616722,1349.637545711751,13.983026215211428,-18.49934264912394,2.9699149318169334e-19
1787278829.104482,resting,fast,1787278739.9715214,-245.91483617355834,-186.0858478241879,1349.6832568225973,13.956438586812812,-18.443612713016634,2.9679084673589594e-19
1787278829.1151338,resting,fast,1787278739.9715214,-245.73729157411753,-185.9904977939185,1346.7776748217211,13.949287334542749,-18.430296868058527,2.9667529281835812e-19
1787278829.1266477,resting,fast,1787278739.9715214,-246.03931914497525,-185.3997614682304,1347.623657406043,13.904982110116155,-18.45294893587326,2.9749587102796e-19
1787278829.137814,resting,fast,1787278739.9715214,-246.53134904523313,-186.59866804103115,1351.5548921020918,13.994900103076166,-18.489851178392406,2.977864471035844e-19
1787278829.1484683,resting,fast,1787278739.9715214,-246.34459108890724,-187.51026568833652,1351.9403938596524,14.063269926624148,-18.475844331668164,2.9795097283491636e-19
1787278829.1599882,resting,fast,1787278739.9715214,-246.95860260560266,-187.91536034828448,1356.1259056029603,14.093652026120143,-18.521895195420086,2.977981649056182e-19
1787278829.171076,resting,fast,1787278739.9715214,-246.96037385231693,-186.95688288678082,1353.6509922738342,14.021766216507576,-18.522028038923565,2.9758242751093946e-19
1787278829.1818023,resting,fast,1787278739.9715214,-246.74993658096855,-186.3087411556511,1352.9938343568747,13.973155586672693,-18.506245243572415,2.973893900940305e-19
1787278829.193304,resting,fast,1787278739.9715214,-247.31571019165995,-186.47988267769063,1350.5523661843463,13.98599120082547,-18.548678264374203,2.9732486876520985e-19
1787278829.2045164,resting,fast,1787278739.9715214,-247.03445912539473,-187.5510325890017,1346.6386777630332,14.066327444173854,-18.52758443440443,2.9708230427142734e-19
1787278829.215077,resting,fast,1787278739.9715214,-248.24488049037836,-190.30691378351855,1346.4038060891353,14.273018533762698,-18.61836603677817,2.971531723788352e-19
1787278829.2266068,resting,fast,1787278739.9715214,-247.06021490420653,-190.23790158975714,1343.1501706908903,14.267842619230652,-18.529516117815355,2.967207285715979e-19
1787278829.2377791,resting,fast,1787278739.9715214,-248.16502482799524,-189.98398667363188,1348.4096373633574,14.24879900052132,-18.612376862099616,2.9711010847681743e-19
1787278829.24835,resting,fast,1787278739.9715214,-247.92230489200438,-189.12297888189653,1349.9911390306252,14.184223416140913,-18.594172866900188,2.9717334133500914e-19
1787278829.259756,resting,fast,1787278739.9715214,-249.62702076580126,-189.50118415645068,1356.3906132097882,14.212588811732605,-18.722026557434944,2.9736108095791334e-19
1787278829.2711508,resting,fast,1787278739.9715214,-249.59951227369447,-188.02629098937757,1359.7966983185224,14.101971824202113,-18.719963420526895,2.973523967353632e-19
1787278829.2817512,resting,fast,1787278739.9715214,-248.6371323465778,-187.01107548754896,1357.4941731126592,14.025830661565013,-18.647784925992923,2.972973441556313e-19
1787278829.293184,resting,fast,1787278739.9715214,-246.77324742561495,-186.68481292123226,1353.5489871507716,14.001360969091198,-18.50799355692081,2.9782288941654597e-19
1787278829.307789,resting,fast,1787278739.9715214,-246.96455220853613,-187.45790248854848,1346.380420831384,14.05934268663977,-18.522341415640092,2.975589864914964e-19
1787278829.3148813,resting,fast,1787278739.9715214,-247.31666469632773,-187.75344777442945,1349.4502659620657,14.081508583081078,-18.548749852224383,2.9756391316447678e-19
1787278829.3264468,resting,fast,1787278739.9715214,-247.50932790575234,-186.89736081657873,1346.743594592942,14.017302061242265,-18.563199592931127,2.968444034810824e-19
1787278829.3375964,resting,fast,1787278739.9715214,-246.54410446818792,-186.5810091359234,1347.4228655464785,13.993575685193097,-18.49080783511384,2.970889858036793e-19
1787278829.3482146,resting,fast,1787278739.9715214,-245.91979140737521,-186.1856971093522,1342.246518458648,13.963927283200238,-18.443984355552956,2.9691540549111694e-19
1787278829.359649,resting,fast,1787278739.9715214,-246.1058385135807,-186.93599209972137,1342.510520644123,14.020199407477808,-18.457937888518337,2.971682590077819e-19
1787278829.3743446,resting,fast,1787278739.9715214,-245.71632451256346,-187.41035535779918,1340.9728732119993,14.05577665183377,-18.428724338442073,2.968234947640158e-19
1787278829.3814943,resting,fast,1787278739.9715214,-245.72163194445557,-187.21197690983774,1345.081698743531,14.04089826823665,-18.42912239583407,2.970854076198926e-19
1787278829.3929412,resting,fast,1787278739.9715214,-246.34373551903764,-187.7684159648635,1348.9151899520048,14.082631197363899,-18.475780163927567,2.9721279409674064e-19
1787278829.4078789,resting,fast,1787278739.9715214,-246.59010625478504,-188.0895046905813,1349.3470891171119,14.10671285179254,-18.494257969108673,2.973389613487575e-19
1787278829.4147477,resting,fast,1787278739.9715214,-245.74503817155755,-187.93996069446018,1346.491316884033,14.095497052083463,-18.430877862866623,2.972295443965212e-19
1787278829.4262767,resting,fast,1787278739.9715214,-247.3682700319555,-188.84104331939636,1349.9218767485627,14.1630782489536,-18.552620252396515,2.9774856333929027e-19
1787278829.4395876,resting,fast,1787278739.9715214,-246.28486505754745,-189.38066837466715,1349.2325612643172,14.203550128099,-18.4713648793158,2.976240511024284e-19
1787278829.448192,resting,fast,1787278739.9715214,-247.74150164416687,-190.31168291520578,1349.4083662730964,14.27337621863943,-18.58061262331273,2.9756629432549835e-19
1787278829.4595795,resting,fast,1787278739.9715214,-246.100356895216,-187.69909585872927,1344.865487120177,14.0774321894033,-18.457526767140983,2.971350727240946e-19
1787278829.4732409,resting,fast,1787278739.9715214,-246.46138870192271,-186.00101176333112,1344.372268607679,13.950075882248417,-18.48460415264401,2.9730490368939266e-19
1787278829.48157,resting,fast,1787278739.9715214,-246.75292864159155,-185.8176353668365,1346.6180707153899,13.936322652511553,-18.506469648119122,2.974763047078302e-19
1787278829.4928632,resting,fast,1787278739.9715214,-245.8132027043007,-186.00830593972807,1346.085618431257,13.950622945478461,-18.435990202822417,2.9718869214993067e-19
1787278829.5074072,resting,fast,1787278739.9715214,-246.59415171192495,-186.2586849280127,1350.0821018039214,13.969401369599712,-18.494561378394167,2.97281286865544e-19
1787278829.5146942,resting,fast,1787278739.9715214,-246.31602234694083,-185.51765174854847,1349.542145399767,13.913823881139866,-18.473701676020532,2.9717576595918665e-19
1787278829.5261388,resting,fast,1787278739.9715214,-246.82857170225134,-186.49734823405663,1352.6416496195352,13.987301117553006,-18.512142877668722,2.976169799390733e-19
1787278829.5394287,resting,fast,1787278739.9715214,-246.72451561469234,-188.2752635111966,1353.7501467290376,14.12064476333855,-18.504338671101905,2.978137152820454e-19
1787278829.548211,resting,fast,1787278739.9715214,-246.11412343718484,-188.07595571087484,1351.485696667035,14.105696678314477,-18.458559257788686,2.9757688228666425e-19
1787278829.5596077,resting,fast,1787278739.9715214,-246.65699216080475,-188.69427971610287,1352.237247009737,14.152070978706579,-18.49927441206023,2.974882999671796e-19
1787278829.5735981,resting,fast,1787278739.9715214,-247.09248459420405,-187.68859559174814,1348.955439602044,14.076644669380077,-18.531936344564997,2.970703222853154e-19
1787278829.5813193,resting,fast,1787278739.9715214,-246.49616199794082,-187.88330778664397,1346.285607895964,14.091248083997218,-18.48721214984556,2.967914655116893e-19
1787278829.5927913,resting,fast,1787278739.9715214,-246.0997666044118,-187.0249001531721,1339.7126097933806,14.026867511486689,-18.45748249533065,2.9637889755731535e-19
1787278829.6056094,resting,fast,1787278739.9715214,-245.39536997753248,-187.4391394250539,1341.0476652636435,14.057935456877804,-18.404652748314845,2.9656665321638915e-19
1787278829.6146693,resting,fast,1787278739.9715214,-246.59978760941112,-188.24735745679789,1345.0761366604484,14.118551809258467,-18.494984070705776,2.9732565509148457e-19
1787278829.6259625,resting,fast,1787278739.9715214,-246.87550818022964,-189.37268168631329,1349.5463976161454,14.202951126472104,-18.51566311351698,2.9798386068755412e-19
1787278829.637414,resting,fast,1787278739.9715214,-246.8849403940435,-189.95683920193835,1348.4619834134437,14.24676294014414,-18.516370529553008,2.979255829611203e-19
1787278829.6478786,resting,fast,1787278739.9715214,-244.97869144531387,-188.61422140620095,1342.4414764301482,14.146066605463776,-18.373401858398346,2.9739895165866127e-19
1787278829.6593826,resting,fast,1787278739.9715214,-244.9674931467248,-187.0263541277253,1344.8875541080442,14.026976559578262,-18.37256198600415,2.9744543307371737e-19
1787278829.6728141,resting,fast,1787278739.9715214,-244.34007521071044,-185.5910148494362,1338.3973204441763,13.919326113706408,-18.325505640803165,2.968798829724428e-19
1787278829.6811562,resting,fast,1787278739.9715214,-245.56836181974677,-186.3709191443428,1343.8961993459916,13.977818935824661,-18.41762713648084,2.9687404137066763e-19
1787278829.6923027,resting,fast,1787278739.9715214,-246.0834827689073,-187.6121919420467,1344.3669808882232,14.070914395652284,-18.45626120766756,2.9661751235403686e-19
1787278829.7060003,resting,fast,1787278739.9715214,-245.8135228828428,-187.5069042742549,1347.0440504665776,14.063017820567968,-18.436014216212783,2.9665798869145554e-19
1787278829.714492,resting,fast,1787278739.9715214,-245.32646406624235,-187.21142587503243,1346.7058237095562,14.040856940626202,-18.399484804968047,2.9715402925766457e-19
1787278829.7259626,resting,fast,1787278739.9715214,-244.50273807228268,-186.15041895486286,1342.3120673338171,13.961281421613425,-18.337705355420972,2.9683450326864087e-19
1787278829.738543,resting,fast,1787278739.9715214,-245.01935684235877,-185.93950257864128,1345.359862711798,13.945462693396852,-18.376451763176675,2.972339910731092e-19
1787278829.7480822,resting,fast,1787278739.9715214,-245.80193330074553,-185.85131412695307,1346.0229463858313,13.938848559520213,-18.435144997555817,2.974066256739974e-19
1787278829.7593582,resting,fast,1787278739.9715214,-246.26846908085327,-186.8292865422933,1352.46710455415,14.012196490670792,-18.470135181063682,2.9768723402103344e-19
1787278829.7724183,resting,fast,1787278739.9715214,-246.66512107484186,-187.67320862060194,1351.9021843198216,14.075490646543944,-18.499884080612688,2.977630909453995e-19
1787278829.7813601,resting,fast,1787278739.9715214,-246.7388245469824,-187.97560848739556,1352.3066654866134,14.098170636553508,-18.50541184102333,2.9702058590253647e-19
1787278829.7926965,resting,fast,1787278739.9715214,-246.5395242388845,-187.63713214751544,1346.6699662678884,14.072784911062445,-18.49046431791622,2.9690611158102267e-19
1787278829.8054266,resting,fast,1787278739.9715214,-246.16487228524193,-188.1432753681296,1349.7440869388092,14.110745652608703,-18.462365421393102,2.9690900281872055e-19
1787278829.8143322,resting,fast,1787278739.9715214,-245.72633350179558,-187.8136742764451,1347.1534966175977,14.086025570732165,-18.4294750126344,2.970890490116104e-19
1787278829.8255265,resting,fast,1787278739.9715214,-247.07692076536796,-188.47528095487326,1349.9014724148792,14.135646071614278,-18.530769057402416,2.973341914363862e-19
1787278829.8386219,resting,fast,1787278739.9715214,-248.42657074311546,-188.09162800617253,1347.3555575753662,14.106872100461732,-18.63199280573344,2.9728350988030653e-19
1787278829.847948,resting,fast,1787278739.9715214,-248.91389591814777,-189.74987257759642,1346.5026078335222,14.231240443318587,-18.668542193860794,2.9750507583889593e-19
1787278829.8590899,resting,fast,1787278739.9715214,-247.79933106331328,-189.18493027421243,1342.5267360846874,14.188869770564882,-18.58494982974836,2.9689637089717543e-19
1787278829.872226,resting,fast,1787278739.9715214,-247.67667709092575,-187.8967726775678,1343.9934056287575,14.092257950816236,-18.575750781819238,2.9669916196681567e-19
1787278829.8812592,resting,fast,1787278739.9715214,-248.00966499087053,-186.10286173920906,1346.5327765553475,13.957714630439558,-18.60072487431526,2.965279085322694e-19
1787278829.892555,resting,fast,1787278739.9715214,-248.09799724277718,-187.02542910047293,1347.855876173301,14.026907182534263,-18.607349793208144,2.966422590090945e-19
1787278829.9064238,resting,fast,1787278739.9715214,-247.55580648235582,-187.4338563633761,1348.4961896873183,14.05753922725211,-18.566685486176368,2.9706001016281225e-19
1787278829.9145184,resting,fast,1787278739.9715214,-246.3291130340208,-186.8164503513002,1349.193448562496,14.011233776346362,-18.474683477551466,2.971751436931932e-19
1787278829.9258716,resting,fast,1787278739.9715214,-246.085848734087,-185.69397140456647,1347.1169736230686,13.927047855341346,-18.456438655056367,2.972971774991391e-19
1787278829.9385283,resting,fast,1787278739.9715214,-246.88746496454814,-187.01673891876737,1346.2435220927828,14.026255418906434,-18.51655987234099,2.9736156746580914e-19
1787278829.9475846,resting,fast,1787278739.9715214,-247.44946164771818,-189.23137789316422,1341.1375402478598,14.192353341986138,-18.5587096235788,2.973629035758019e-19
1787278829.9590905,resting,fast,1787278739.9715214,-247.8670776554668,-190.66181238852607,1345.7566479057723,14.29963592913835,-18.590030824159896,2.9772759905274335e-19
1787278829.972688,resting,fast,1787278739.9715214,-247.88231212626442,-190.97152679055318,1349.6900279945376,14.322864509290458,-18.591173409469548,2.9765577406049777e-19
1787278829.9810221,resting,fast,1787278739.9715214,-247.40012086406978,-189.40508027675003,1353.4915857284586,14.205381020755173,-18.555009064805162,2.9729948256819488e-19
1787278829.9923785,resting,fast,1787278739.9715214,-246.8944455313117,-188.6751980292603,1350.336200427134,14.150639852193354,-18.51708341484825,2.968559100046953e-19
1787278830.0053337,resting,fast,1787278739.9715214,-245.30520609478071,-187.52534309533974,1345.858858828994,14.064400732149398,-18.397890457108524,2.9671494159683188e-19
1787278830.0143573,resting,fast,1787278739.9715214,-245.79555749696237,-187.09957432219596,1350.7482447334942,14.032468074163734,-18.434666812271878,2.970384580142368e-19
1787278830.0255914,resting,fast,1787278739.9715214,-246.26334315728536,-186.71093397977563,1352.7348136879127,14.003320048481928,-18.46975073679632,2.9736976647298417e-19
1787278830.038607,resting,fast,1787278739.9715214,-246.87626214897455,-187.3032083748036,1354.4386380111273,14.047740628109157,-18.5157196611731,2.9752232980773224e-19
1787278830.047681,resting,fast,1787278739.9715214,-246.7268412452181,-188.6093009168277,1344.9961447703545,14.145697568761026,-18.50451309339121,2.9722822473622215e-19
1787278830.0590422,resting,fast,1787278739.9715214,-246.40036523005483,-188.39584410803184,1343.4109257435985,14.129688308101382,-18.480027392253874,2.9693168511138577e-19
1787278830.0708706,resting,fast,1787278739.9715214,-247.249064845852,-189.8460110705438,1342.4521578002232,14.23845083028991,-18.543679863438435,2.9685423951410256e-19
1787278830.0810924,resting,fast,1787278739.9715214,-246.2011745741097,-189.0533793440983,1344.3166120028209,14.179003450806295,-18.465088093057922,2.9710510803290496e-19
1787278830.0924325,resting,fast,1787278739.9715214,-247.23348823192782,-190.1461499750268,1348.6130593971366,14.260961248125714,-18.542511617394247,2.9756935166932894e-19
1787278830.1047893,resting,fast,1787278739.9715214,-247.76759221900056,-189.10654980698598,1352.1951131428914,14.182991235522866,-18.582569416424832,2.9785895453845944e-19
1787278830.1140473,resting,fast,1787278739.9715214,-249.0261418097266,-189.07463904020995,1356.7199031765604,14.180597928014624,-18.676960635729387,2.9832162760979283e-19
1787278830.1252482,resting,fast,1787278739.9715214,-248.1978432544288,-188.49624124069317,1352.603735315629,14.137218093050851,-18.61483824408168,2.9807376034051594e-19
1787278830.1371644,resting,fast,1787278739.9715214,-246.13511007293755,-186.84644733863013,1347.9502280639108,14.013483550396177,-18.460133255469856,2.9749172682625674e-19
1787278830.1475582,resting,fast,1787278739.9715214,-245.48202519031793,-186.4963962477492,1344.7017253189852,13.987229718579986,-18.411151889273526,2.968541306291248e-19
1787278830.158915,resting,fast,1787278739.9715214,-245.64396296429595,-186.60804883603203,1342.9523100694887,13.995603662701047,-18.42329722232182,2.967657551443825e-19
1787278830.1708207,resting,fast,1787278739.9715214,-246.60223791736962,-187.41706031968818,1343.1487420702406,14.056279523975466,-18.495167843802648,2.9681228158703664e-19
1787278830.1810014,resting,fast,1787278739.9715214,-246.9216673613987,-189.01562149233985,1343.6489176003824,14.176171611924264,-18.519125052104698,2.970637786200051e-19
1787278830.19223,resting,fast,1787278739.9715214,-246.75029080757167,-189.36460963208867,1344.1802425253509,14.202345722405415,-18.50627181056783,2.9697167922068206e-19
1787278830.203339,resting,fast,1787278739.9715214,-246.86776176380727,-188.8888113874449,1346.5156052812335,14.166660854057287,-18.515082132285272,2.97378324702835e-19
1787278830.2143738,resting,fast,1787278739.9715214,-247.32117751106625,-187.77901235123898,1349.8928181161946,14.083425926341778,-18.549088313329854,2.9751019018070544e-19
1787278830.2255208,resting,fast,1787278739.9715214,-247.28165763066,-187.77218636131386,1350.0253663149351,14.082913977097537,-18.546124322299562,2.977498224144624e-19
1787278830.2370896,resting,fast,1787278739.9715214,-246.38358940100034,-188.6640449853943,1347.5723330942756,14.14980337390337,-18.47876920507469,2.9727223126953262e-19
1787278830.2476475,resting,fast,1787278739.9715214,-246.4192072369765,-189.2389493745544,1344.5808630295223,14.192921203090567,-18.481440542773008,2.9692516831464574e-19
1787278830.2588813,resting,fast,1787278739.9715214,-247.380221051209,-189.48106829066285,1345.2164109256128,14.211080121798947,-18.553516578840608,2.968149680073818e-19
1787278830.2696326,resting,fast,1787278739.9715214,-247.5243488877818,-189.1794467518297,1342.0250667648388,14.18845850638596,-18.564326166583648,2.966400500182805e-19
1787278830.2809818,resting,fast,1787278739.9715214,-245.91512095661483,-189.09335324057645,1338.4579914906253,14.182001493041984,-18.44363407174618,2.963551626127564e-19
1787278830.2921808,resting,fast,1787278739.9715214,-244.80084417548414,-188.86803227182315,1335.677909414694,14.16510242038564,-18.360063313161106,2.96247901693446e-19
1787278830.303052,resting,fast,1787278739.9715214,-244.3770993385183,-188.58520161345757,1339.5669702052955,14.143890121008003,-18.328282450388656,2.9674478979342993e-19
1787278830.3140771,resting,fast,1787278739.9715214,-245.07424317966934,-187.78709411886928,1342.6615354516334,14.08403205891408,-18.380568238475036,2.9720755306527125e-19
1787278830.3253937,resting,fast,1787278739.9715214,-245.34661211772573,-188.08704613485372,1343.2330606343285,14.106528460112688,-18.40099590882945,2.9696176859898996e-19
1787278830.3364556,resting,fast,1787278739.9715214,-245.56827105674938,-187.6531572252594,1342.7710759505653,14.073986791893393,-18.417620329256096,2.9665269682737676e-19
1787278830.3473244,resting,fast,1787278739.9715214,-246.1052319060359,-188.66460896148158,1344.2246978603116,14.14984567210998,-18.45789239295219,2.9671209691421695e-19
1787278830.3586328,resting,fast,1787278739.9715214,-245.16952409912165,-187.14618124056994,1346.3174618426738,14.035963593041576,-18.387714307434017,2.9696054168020246e-19
1787278830.3698297,resting,fast,1787278739.9715214,-246.2929175517279,-188.2664913720215,1346.890052820646,14.1199868529003,-18.471968816379324,2.973380725056748e-19
1787278830.3809412,resting,fast,1787278739.9715214,-245.19344594293625,-186.24398495730372,1339.1844147732963,13.968298871796552,-18.389508445720168,2.9648538488899096e-19
1787278830.3920135,resting,fast,1787278739.9715214,-245.61921877051327,-186.3539029105342,1339.4547789258877,13.976542718288858,-18.421441407788286,2.964898686000836e-19
1787278830.4030092,resting,fast,1787278739.9715214,-245.69723000193108,-186.12037670759844,1339.2258330464838,13.959028253068869,-18.427292250144724,2.96600651157658e-19
1787278830.4138637,resting,fast,1787278739.9715214,-245.41166794223182,-187.85016578539296,1340.9312071871436,14.088762433903458,-18.405875095667263,2.972079378105074e-19
1787278830.425219,resting,fast,1787278739.9715214,-244.4323237427684,-188.60455723527377,1336.2719709775074,14.145341792644334,-18.332424280707542,2.970482238328224e-19
1787278830.4365976,resting,fast,1787278739.9715214,-244.44356669902436,-188.92495546781117,1337.892018894333,14.169371660084682,-18.333267502426658,2.9709990285400064e-19
1787278830.4475667,resting,fast,1787278739.9715214,-245.70353838489473,-187.7182703572454,1342.126329474905,14.078870276792262,-18.427765378866894,2.974002081704794e-19
1787278830.4586337,resting,fast,1787278739.9715214,-246.9221302753881,-186.57751758672464,1344.995242499067,13.993313819003223,-18.51915977065395,2.9738718893620857e-19
1787278830.4693363,resting,fast,1787278739.9715214,-246.08566813991592,-186.70038440529868,1340.9628059381785,14.002528830396106,-18.456425110493562,2.971146693335901e-19
1787278830.4802024,resting,fast,1787278739.9715214,-246.74299385935092,-187.60186757102804,1346.3164717530917,14.07014006782595,-18.505724539451066,2.969860477850122e-19
1787278830.4916515,resting,fast,1787278739.9715214,-246.62639496374186,-188.61359350711348,1346.943154902824,14.146019513032332,-18.496979622280307,2.9690682153435323e-19
1787278830.5029242,resting,fast,1787278739.9715214,-247.52578000587755,-187.80798334100984,1353.464574752038,14.085598750574679,-18.564433500440543,2.9704078652828277e-19
1787278830.5141048,resting,fast,1787278739.9715214,-246.68260888342547,-188.1847907601733,1349.450841050243,14.113859307011882,-18.50119566625669,2.9682611800443136e-19
1787278830.5247138,resting,fast,1787278739.9715214,-246.46908276346812,-188.5660443985563,1352.5900610630024,14.142453329890476,-18.4851812072599,2.972807161081355e-19
1787278830.5356786,resting,fast,1787278739.9715214,-245.8688719104407,-188.6663654167188,1347.0512759812855,14.149977406252763,-18.44016539328294,2.968436959969069e-19
1787278830.5472488,resting,fast,1787278739.9715214,-247.37620704239498,-189.15243524235586,1350.448763297466,14.186432643175625,-18.553215528179294,2.9712028478149985e-19
1787278830.5585752,resting,fast,1787278739.9715214,-247.36718934997361,-187.64535658056036,1347.607084930144,14.073401743540959,-18.552539201247832,2.96932916562688e-19
1787278830.5692775,resting,fast,1787278739.9715214,-246.82966633565457,-187.52075230439084,1348.0514128614204,14.064056422828347,-18.512224975173908,2.9681130314820746e-19
1787278830.580819,resting,fast,1787278739.9715214,-245.666423390378,-186.35446129762943,1344.1623884616429,13.976584597320855,-18.424981754278484,2.9658765766314564e-19
1787278830.5917475,resting,fast,1787278739.9715214,-245.77931440089878,-185.9969846020848,1343.7316748882813,13.949773845155025,-18.433448580067207,2.9638956215846176e-19
1787278830.6028447,resting,fast,1787278739.9715214,-246.76597249337965,-186.54199704306177,1347.1066639540013,13.990649778228391,-18.507447937003256,2.9699461819706536e-19
1787278830.6139543,resting,fast,1787278739.9715214,-247.41750363187157,-187.5294026524724,1350.6713215326627,14.064705198934394,-18.556312772389973,2.9749380697798675e-19
1787278830.62508,resting,fast,1787278739.9715214,-247.4166201979465,-189.64928692157093,1350.3124869666726,14.223696519116519,-18.55624651484588,2.976402383369321e-19
1787278830.6358032,resting,fast,1787278739.9715214,-247.64792576444825,-189.75280181558753,1348.6829534810322,14.231460136167929,-18.57359443233321,2.9733177932049446e-19
1787278830.6472197,resting,fast,1787278739.9715214,-246.91931495771541,-189.84804004123146,1345.3236811945217,14.23860300309116,-18.51894862182843,2.968783196249611e-19
1787278830.6584294,resting,fast,1787278739.9715214,-246.8535755404505,-189.7618209511087,1343.6155034375815,14.232136571332095,-18.5140181655336,2.970683304418818e-19
1787278830.669155,resting,fast,1787278739.9715214,-246.94669143762758,-190.78017863982643,1343.6836279327936,14.308513397986008,-18.521001857822135,2.9735212644599294e-19
1787278830.680325,resting,fast,1787278739.9715214,-246.79587087412028,-190.28228437644918,1344.5232362464058,14.271171328232644,-18.509690315558757,2.9719990935489985e-19
1787278830.6916661,resting,fast,1787278739.9715214,-247.56028231128266,-188.82062307738067,1351.9228146211763,14.16154673080256,-18.567021173345836,2.9730614863521897e-19
1787278830.702591,resting,fast,1787278739.9715214,-246.49038940663786,-188.87538513581205,1347.6210317522427,14.165653885184842,-18.48677920549762,2.966314426230079e-19
1787278830.7139566,resting,fast,1787278739.9715214,-247.51828608016103,-188.42133124888244,1348.4209147377123,14.131599843665118,-18.563871456011924,2.9674248113203294e-19
1787278830.7250628,resting,fast,1787278739.9715214,-247.47605546471505,-189.22946140375564,1345.2940257187993,14.192209605280656,-18.560704159853444,2.967181821598327e-19
1787278830.735549,resting,fast,1787278739.9715214,-246.78261418175362,-188.42635272181644,1345.8882518249166,14.13197645413523,-18.508696063631305,2.9702366371388786e-19
1787278830.747246,resting,fast,1787278739.9715214,-246.59032720877394,-189.56765659187442,1345.18326830768,14.217574244389215,-18.49427454065787,2.9692332565659793e-19
1787278830.7583516,resting,fast,1787278739.9715214,-246.20798198285365,-190.26771078620652,1344.1328242667341,14.270078308964163,-18.465598648714007,2.9704847232095975e-19
1787278830.7691135,resting,fast,1787278739.9715214,-248.2518555139318,-189.85484519590102,1351.4660028181324,14.239113389691486,-18.61888916354455,2.973659133323181e-19
1787278830.7806392,resting,fast,1787278739.9715214,-247.5152439399576,-189.48762544948306,1350.8392112020565,14.211571908710159,-18.56364329549639,2.973907383356684e-19
1787278830.7911189,resting,fast,1787278739.9715214,-247.18820327774165,-189.02205125931198,1352.3888276820135,14.176653844447376,-18.53911524583048,2.972877296937338e-19
1787278830.802085,resting,fast,1787278739.9715214,-246.253235594359,-189.20644849087455,1347.4002368196352,14.190483636814552,-18.468992669576657,2.9705713339904373e-19
1787278830.813559,resting,fast,1787278739.9715214,-246.4984085586143,-188.07996828576222,1349.2229387789384,14.105997621430934,-18.48738064189603,2.971734825080181e-19
1787278830.824806,resting,fast,1787278739.9715214,-247.81451673971742,-187.78328272231045,1352.6700217999323,14.083746204172034,-18.586088755478592,2.9723884919969814e-19
1787278830.8355875,resting,fast,1787278739.9715214,-248.73496345329795,-187.81535329371502,1354.6283973923937,14.086151497027576,-18.655122258997345,2.9739168535174375e-19
1787278830.8469741,resting,fast,1787278739.9715214,-249.00354904482674,-188.03344803822108,1353.9887070248378,14.102508602865658,-18.675266178361447,2.973963943450554e-19
1787278830.8582137,resting,fast,1787278739.9715214,-247.1640831197651,-187.78346209021754,1347.0766225336201,14.083759656765142,-18.53730623398215,2.970203022394954e-19
1787278830.8689518,resting,fast,1787278739.9715214,-245.56703279168096,-187.2260535370109,1345.2133864357174,14.041954015274715,-18.417527459376082,2.970136465196786e-19
1787278830.880344,resting,fast,1787278739.9715214,-247.7096637524087,-188.79193376826026,1353.0902260265657,14.159395032618324,-18.5782247814306,2.9776703494972166e-19
1787278830.8915806,resting,fast,1787278739.9715214,-248.41411093383113,-190.55744477509654,1353.706366066427,14.29180835813138,-18.631058320037276,2.9803883662449883e-19
1787278830.902194,resting,fast,1787278739.9715214,-249.11186585306814,-190.4837162589689,1350.2731896805935,14.286278719421535,-18.68338993898007,2.9764591417533908e-19
1787278830.9136798,resting,fast,1787278739.9715214,-247.54011261978258,-189.9730439935464,1345.7071329084984,14.247978299514859,-18.565508446483683,2.9713066308501295e-19
1787278830.9247746,resting,fast,1787278739.9715214,-246.80948700592262,-187.96960187942966,1345.0944658734052,14.097720140955989,-18.51071152544413,2.967119082441078e-19
1787278830.9355462,resting,fast,1787278739.9715214,-246.47017642573655,-188.73498178701232,1351.617038414609,14.155123634024921,-18.485263231930006,2.9718417984190624e-19
1787278830.946974,resting,fast,1787278739.9715214,-246.49830767783578,-188.6774003317704,1347.2450953210946,14.15080502488168,-18.487373075837255,2.9710818961001003e-19
1787278830.9579735,resting,fast,1787278739.9715214,-246.73158780402582,-188.4536942352862,1350.0155437470103,14.134027067645196,-18.504869085301642,2.9738293817470507e-19
1787278830.9686832,resting,fast,1787278739.9715214,-247.8623473522871,-188.4113045034063,1350.1230314056747,14.13084783775422,-18.589676051421357,2.977926206124737e-19
1787278830.9801123,resting,fast,1787278739.9715214,-246.57724384596304,-187.83683062860848,1348.9216475038857,14.087762297144597,-18.493293288446957,2.9734035470957045e-19
1787278830.9912195,resting,fast,1787278739.9715214,-246.94457908309187,-188.2259199796482,1349.162277648472,14.116943998472511,-18.520843431231846,2.9739471688226384e-19
1787278831.0018904,resting,fast,1787278739.9715214,-246.86375208178242,-188.01819189804758,1347.7913800331307,14.101364392352469,-18.51478140613338,2.9680965932328883e-19
1787278831.0129526,resting,fast,1787278739.9715214,-247.23819574240088,-188.38647612964417,1349.6731548398957,14.128985709722077,-18.542864680679692,2.9719906467861814e-19
1787278831.0244124,resting,fast,1787278739.9715214,-247.29013418677596,-188.32432144541679,1348.805443727927,14.12432410840508,-18.54676006400789,2.9715764053401545e-19
1787278831.0351436,resting,fast,1787278739.9715214,-247.45893096465215,-187.2615950476221,1351.0375608264376,14.044619628570832,-18.559419822348744,2.9726356934156387e-19
1787278831.0467663,resting,fast,1787278739.9715214,-248.20072476155156,-187.28952763192694,1351.1371344391564,14.046714572393345,-18.615054357116215,2.972341996721234e-19
1787278831.0579567,resting,fast,1787278739.9715214,-248.43224387572036,-187.96548656138827,1351.4103480270633,14.097411492102953,-18.63241829067863,2.9730552808764614e-19
1787278831.0685282,resting,fast,1787278739.9715214,-248.132240724211,-191.48026357507422,1351.170485451451,14.361019768129527,-18.6099180543157,2.975122191956763e-19
1787278831.0800757,resting,fast,1787278739.9715214,-246.38863235721647,-190.8653626931258,1351.132722207397,14.314902201983191,-18.47914742679105,2.972522126440168e-19
1787278831.0911834,resting,fast,1787278739.9715214,-247.12632707390594,-192.0657247113253,1352.7045472984291,14.404929353348397,-18.534474530542965,2.9749851600467767e-19
1787278831.1019719,resting,fast,1787278739.9715214,-246.72584949981274,-188.69359173055716,1352.6090317995177,14.152019379790648,-18.5044387124858,2.975483601282236e-19
1787278831.1134157,resting,fast,1787278739.9715214,-247.7642078824315,-188.55343770341335,1350.0221219176847,14.141507827754868,-18.58231559118216,2.9743189164159616e-19
1787278831.124582,resting,fast,1787278739.9715214,-247.22169442236327,-187.05883213010964,1345.5748277839275,14.029412409757288,-18.54162708167687,2.9658230639091025e-19
1787278831.135344,resting,fast,1787278739.9715214,-247.7767938506845,-187.9529841011812,1346.1419944557392,14.09647380758759,-18.583259538801208,2.9617199088495202e-19
1787278831.1467009,resting,fast,1787278739.9715214,-248.097898475467,-188.17840753243274,1348.8169288234358,14.113380564931536,-18.607342385660026,2.9675010954318857e-19
1787278831.1580074,resting,fast,1787278739.9715214,-249.29551983331885,-190.23972523322038,1353.3027316586567,14.26797939249052,-18.697163987498527,2.97689379788657e-19
1787278831.1685066,resting,fast,1787278739.9715214,-249.27317481352065,-191.68158190218753,1351.794115529373,14.37611864266282,-18.695488111013617,2.980702429064039e-19
1787278831.180049,resting,fast,1787278739.9715214,-248.56974640457202,-193.35211856445937,1350.3603800630726,14.501408892333291,-18.6427309803426,2.980837886288222e-19
1787278831.1911824,resting,fast,1787278739.9715214,-247.17107552350308,-191.78500067896164,1349.9718450338796,14.38387505092101,-18.53783066426263,2.9785481732582806e-19
1787278831.2018435,resting,fast,1787278739.9715214,-246.81685824974056,-190.43250698277404,1350.7958949736067,14.282438023706963,-18.51126436873046,2.977473190156749e-19
1787278831.213294,resting,fast,1787278739.9715214,-247.41292727372684,-190.50034607245323,1349.9814912009142,14.287525955432859,-18.555969545529464,2.9750024623740083e-19
1787278831.2245557,resting,fast,1787278739.9715214,-247.66779143935446,-189.45182092265088,1348.5273046518514,14.20888656919772,-18.575084357951305,2.969754874971196e-19
1787278831.2351816,resting,fast,1787278739.9715214,-248.89897298025835,-191.52218757833396,1349.18289240182,14.3641640683739,-18.66742297351933,2.970431158968157e-19
1787278831.2466207,resting,fast,1787278739.9715214,-247.62708155005976,-190.36781866440958,1346.215070135374,14.277586399829847,-18.572031116254266,2.9677037705569896e-19
1787278831.2577264,resting,fast,1787278739.9715214,-246.42988110984925,-190.86441548392838,1341.821912622193,14.314831161293444,-18.482241083238705,2.9670401028569686e-19
1787278831.2684386,resting,fast,1787278739.9715214,-246.17081613371784,-190.20085413864638,1340.7730892063582,14.265064060397098,-18.46281121002869,2.9678794226997597e-19
1787278831.279861,resting,fast,1787278739.9715214,-246.05763489682113,-189.894524706168,1341.0691317790106,14.242089352961646,-18.45432261726137,2.967797063016442e-19
1787278831.2909424,resting,fast,1787278739.9715214,-246.89619669572903,-189.99423408990867,1347.0748618290881,14.249567556741798,-18.51721475217962,2.97234136920141e-19
1787278831.3016057,resting,fast,1787278739.9715214,-245.39206790496291,-186.56784260213396,1344.3698282595533,13.99258819515909,-18.40440509287196,2.9644312531416304e-19
1787278831.313071,resting,fast,1787278739.9715214,-245.81847816533946,-187.0171439602699,1345.3224908273833,14.026285797019103,-18.4363858624005,2.9643535453737787e-19
1787278831.32695,resting,fast,1787278739.9715214,-244.5575836040939,-187.6147260610902,1342.4938029030936,14.071104454580809,-18.341818770306936,2.9628364736146415e-19
1787278831.3353376,resting,fast,1787278739.9715214,-244.82857698739144,-189.86318027777577,1341.0876406811904,14.23973852083218,-18.36214327405427,2.968179122340895e-19
1787278831.3465683,resting,fast,1787278739.9715214,-246.06318450856497,-189.7357911600219,1345.277288655966,14.230184337000598,-18.454738838142113,2.973287950334238e-19
1787278831.357534,resting,fast,1787278739.9715214,-247.70472869044943,-190.03669346123354,1345.3902168664436,14.252752009591564,-18.57785465178366,2.9722298262411154e-19
1787278831.368482,resting,fast,1787278739.9715214,-248.1473026867884,-189.51856158258522,1351.0960343802062,14.213892118692886,-18.61104770150888,2.9737395579776637e-19
1787278831.3796587,resting,fast,1787278739.9715214,-246.87079999388288,-188.2351759349491,1350.0352036128852,14.11763819512031,-18.51530999954116,2.9693060616171733e-19
1787278831.3939502,resting,fast,1787278739.9715214,-246.39371655691912,-187.631706170332,1352.1681982053242,14.072377962773803,-18.479528741768796,2.970911042974526e-19
1787278831.4016407,resting,fast,1787278739.9715214,-245.08975082718598,-188.1450132824699,1350.4633454160548,14.110875996184038,-18.381731312038944,2.9691283828422196e-19
1787278831.413013,resting,fast,1787278739.9715214,-245.23457166174876,-187.87919722983918,1351.0905511623814,14.090939792236757,-18.392592874630886,2.969002903101964e-19
1787278831.4271555,resting,fast,1787278739.9715214,-245.41727581689383,-186.12853172784787,1350.5037905847703,13.959639879587716,-18.406295686266738,2.970609591348216e-19
1787278831.4348829,resting,fast,1787278739.9715214,-246.33872838119032,-187.55034337922928,1348.8323153336178,14.066275753441051,-18.475404628589104,2.971999353367219e-19
1787278831.4462454,resting,fast,1787278739.9715214,-246.3141631074991,-189.04036503107875,1345.167669028201,14.178027377329716,-18.473562233062374,2.974212158018435e-19
1787278831.4595737,resting,fast,1787278739.9715214,-245.60108834587436,-191.4011333481402,1344.2305163717438,14.355085001109376,-18.4200816259403,2.971668780877085e-19
1787278831.4682705,resting,fast,1787278739.9715214,-245.7315361557944,-190.7938519068524,1342.9400786550932,14.309538893012618,-18.42986521168455,2.9698204099666884e-19
1787278831.4796512,resting,fast,1787278739.9715214,-246.29687134555616,-191.05476672855696,1348.20477688134,14.329107504640763,-18.472265350916643,2.9719801931688596e-19
1787278831.4931884,resting,fast,1787278739.9715214,-245.99032741297333,-189.19415877897734,1347.558358383324,14.189561908422224,-18.44927455597294,2.967968514094821e-19
1787278831.501713,resting,fast,1787278739.9715214,-245.69237670795383,-188.43367634466597,1347.9502553783468,14.132525725849067,-18.426928253096506,2.965538827261226e-19
1787278831.51289,resting,fast,1787278739.9715214,-245.39670156791954,-188.35715990505025,1345.097012631325,14.126786992877701,-18.404752617593836,2.9629995037549596e-19
1787278831.5267308,resting,fast,1787278739.9715214,-245.63437521487003,-190.05551709044687,1345.7603782755841,14.254163781782626,-18.422578141114947,2.970959084643197e-19
1787278831.5349512,resting,fast,1787278739.9715214,-245.7646235832376,-188.9953911176657,1348.85151675623,14.17465433382377,-18.432346768742825,2.975482991719596e-19
1787278831.5461814,resting,fast,1787278739.9715214,-246.4805835109196,-187.60756093689668,1353.7079731627682,14.070567070266183,-18.486043763318825,2.979640514980416e-19
1787278831.5597193,resting,fast,1787278739.9715214,-247.47866560483953,-186.66964967336924,1354.6735044602565,14.000223725501616,-18.560899920362687,2.9750540104771527e-19
1787278831.568265,resting,fast,1787278739.9715214,-247.4031469205088,-188.52945785094482,1351.3486544019424,14.139709338819731,-18.555236019037615,2.972161977613279e-19
1787278831.5795033,resting,fast,1787278739.9715214,-247.34374921173412,-190.71880204888964,1348.2176043515728,14.30391015366563,-18.550781190879917,2.9735654652566487e-19
1787278831.5927293,resting,fast,1787278739.9715214,-247.58478616947514,-191.13536405906996,1348.220816680524,14.335152304429148,-18.5688589627104,2.9748456260996875e-19
1787278831.6016762,resting,fast,1787278739.9715214,-247.3733930560934,-189.13580575594608,1347.3401512106966,14.185185431694936,-18.553004479206784,2.974293116597733e-19
1787278831.6128983,resting,fast,1787278739.9715214,-247.74640914439306,-187.7131409985867,1346.0137822916558,14.078485574892799,-18.58098068582919,2.9678823171334023e-19
1787278831.6271985,resting,fast,1787278739.9715214,-247.48649476060064,-187.32371581894483,1346.2328181899984,14.0492786864199,-18.56148710704474,2.971192987906641e-19
1787278831.6347082,resting,fast,1787278739.9715214,-246.14821053016794,-188.22418766383782,1343.84691434453,14.116814074786763,-18.46111578976255,2.9714223196272402e-19
1787278831.6461859,resting,fast,1787278739.9715214,-244.19110213727754,-188.07054243863047,1341.9613371319801,14.105290682896186,-18.314332660295698,2.9714924358458154e-19
1787278831.659716,resting,fast,1787278739.9715214,-244.4399289749831,-188.9815172971645,1338.8053472474357,14.17361379728624,-18.332994673123522,2.9672985410742374e-19
1787278831.6683166,resting,fast,1787278739.9715214,-246.4579735223274,-189.97742542300728,1343.3999368270843,14.24830690672464,-18.484348014174422,2.9694256609382347e-19
1787278831.6795018,resting,fast,1787278739.9715214,-248.75832741148452,-190.79504457358632,1347.3066830497019,14.309628343017952,-18.656874555861265,2.970058403999722e-19
1787278831.6940815,resting,fast,1787278739.9715214,-248.5484849095651,-189.7879050975347,1347.4409175857172,14.234092882313906,-18.641136368217204,2.966459984477751e-19
1787278831.7012377,resting,fast,1787278739.9715214,-247.000175918703,-189.19799704499053,1348.0225501438208,14.189849778373205,-18.52501319390271,2.966616272918645e-19
1787278831.712725,resting,fast,1787278739.9715214,-246.13170156100068,-189.54526784156894,1345.01709614421,14.215895088116529,-18.45987761707488,2.9666647191088946e-19
1787278831.7238455,resting,fast,1787278739.9715214,-247.04468499710083,-189.20031096337505,1350.0849457678642,14.190023322251893,-18.528351374782552,2.973623432805514e-19
1787278831.7345743,resting,fast,1787278739.9715214,-248.0885078781198,-190.06101542555564,1349.929163118356,14.254576156915693,-18.60663809085881,2.9702181824181315e-19
1787278831.745925,resting,fast,1787278739.9715214,-248.3780109312197,-189.767662028161,1353.448078569224,14.232574652110944,-18.6283508198413,2.9740457388425187e-19
1787278831.7572641,resting,fast,1787278739.9715214,-247.30804573002524,-190.04306611495792,1353.3640947735012,14.253229958620697,-18.54810342975179,2.973629354101017e-19
1787278831.7678206,resting,fast,1787278739.9715214,-247.87339416827808,-188.70718822123433,1353.9082951034952,14.15303911659139,-18.590504562620687,2.9762834587512275e-19
1787278831.779187,resting,fast,1787278739.9715214,-246.79117378882938,-187.88352885692223,1348.601009630379,14.091264664268127,-18.509338034161992,2.969652638178252e-19
1787278831.7900774,resting,fast,1787278739.9715214,-246.42448363545327,-189.1575976403493,1344.1263135024283,14.186819823025136,-18.481836272658768,2.966124229100118e-19
1787278831.8010697,resting,fast,1787278739.9715214,-247.1569630250856,-190.1189687908883,1348.2183372104819,14.25892265931552,-18.536772226881368,2.9695067916451563e-19
1787278831.8124444,resting,fast,1787278739.9715214,-247.9447172473615,-190.08980858514985,1351.4672292285168,14.25673564388521,-18.595853793551925,2.973424934332422e-19
1787278831.8237464,resting,fast,1787278739.9715214,-249.0613558703203,-188.9558698800705,1354.189605471086,14.171690241004175,-18.67960169027392,2.974519226897228e-19
1787278831.8345141,resting,fast,1787278739.9715214,-249.0114746742379,-188.67712683933098,1352.379241398302,14.150784512948722,-18.675860600567603,2.971945876745114e-19
1787278831.8458562,resting,fast,1787278739.9715214,-249.97382722508928,-189.14566908688528,1352.4040089373057,14.185925181515234,-18.74803704188154,2.9730570494410793e-19
1787278831.8571644,resting,fast,1787278739.9715214,-249.0797232617292,-189.19512443327096,1352.886295073612,14.18963433249414,-18.68097924462942,2.974171890820469e-19
1787278831.8678603,resting,fast,1787278739.9715214,-248.12639647257174,-187.8872228158997,1351.2251999209357,14.091541711191471,-18.60947973544279,2.9755287708115253e-19
1787278831.8792791,resting,fast,1787278739.9715214,-246.70296410369292,-187.1860745258324,1352.7441478277733,14.03895558943626,-18.50272230777685,2.973870713364469e-19
1787278831.8936484,resting,fast,1787278739.9715214,-247.34458599928212,-186.2976751780103,1353.0633484062246,13.972325638349734,-18.55084394994583,2.9755238117115852e-19
1787278831.9011261,resting,fast,1787278739.9715214,-247.62807969279538,-185.9034105347422,1354.2679531854765,13.942755790104673,-18.5721059769594,2.9784583400279708e-19
1787278831.9121926,resting,fast,1787278739.9715214,-247.77897976787744,-186.60271482063752,1356.6349310052547,13.995203611546518,-18.58342348259069,2.978983946545794e-19
1787278831.9234438,resting,fast,1787278739.9715214,-247.46413240012816,-187.61442971529334,1352.8152324402554,14.071082228645995,-18.559809930009436,2.9750435921085917e-19
1787278831.934392,resting,fast,1787278739.9715214,-247.35240020462652,-190.0173301356582,1350.1556317072182,14.251299760173385,-18.551430015346966,2.9726765460194746e-19
1787278831.945473,resting,fast,1787278739.9715214,-248.37812010172138,-190.52426808803932,1348.0161320133639,14.289320106601853,-18.62835900762896,2.9731075307848144e-19
1787278831.9585853,resting,fast,1787278739.9715214,-247.8288711570499,-191.69118133964832,1348.0589537327096,14.376838600472656,-18.58716533677864,2.97670795271499e-19
1787278831.967521,resting,fast,1787278739.9715214,-247.05236662033394,-189.16513287411215,1349.116172740568,14.187384965557175,-18.528927496524936,2.9751915695814277e-19
1787278831.9791415,resting,fast,1787278739.9715214,-245.46062135181046,-189.3754931684888,1344.964598625903,14.203161987635387,-18.4095466013856,2.9720100441477853e-19
1787278831.9927027,resting,fast,1787278739.9715214,-245.4446066093974,-187.95882689058237,1345.3046617169866,14.096912016792178,-18.408345495704715,2.9681687347689513e-19
1787278832.0009997,resting,fast,1787278739.9715214,-246.26267828992468,-190.39961488821712,1345.5982340550281,14.279971116615219,-18.469700871743996,2.968415468468411e-19
1787278832.0124004,resting,fast,1787278739.9715214,-246.63894034266514,-188.33310991273686,1349.7131816189913,14.124983243454114,-18.497920525699698,2.9701825395580405e-19
1787278832.0256257,resting,fast,1787278739.9715214,-246.86789054950304,-188.07522468576815,1352.502910171458,14.105641851431574,-18.51509179121249,2.9727154781243383e-19
1787278832.0343397,resting,fast,1787278739.9715214,-246.52554771758923,-186.0670780780821,1351.2635028170762,13.955030855854847,-18.48941607881889,2.9681580417191426e-19
1787278832.0457008,resting,fast,1787278739.9715214,-245.94209066508802,-185.93501081519173,1342.7464502179728,13.945125811138187,-18.445656799881313,2.963409825059293e-19
1787278832.0600708,resting,fast,1787278739.9715214,-246.13195228091763,-186.30205057113824,1343.5338650489439,13.972653792834283,-18.459896421068642,2.9622911283642432e-19
1787278832.067563,resting,fast,1787278739.9715214,-246.0398692914191,-187.1248759569811,1341.6564354809643,14.03436569677233,-18.452990196856085,2.9668850572167166e-19
1787278832.078993,resting,fast,1787278739.9715214,-246.4138555285458,-187.16124859594754,1349.0074386057067,14.037093644694924,-18.48103916464097,2.968507608506665e-19
1787278832.0933774,resting,fast,1787278739.9715214,-246.48054704212382,-188.229473404367,1347.3328255228344,14.117210505326359,-18.486041028159107,2.9705491100450883e-19
1787278832.1007097,resting,fast,1787278739.9715214,-246.97824890846505,-187.73384972230076,1347.6680083136825,14.080038729171367,-18.523368668134616,2.969291039564988e-19
1787278832.1122055,resting,fast,1787278739.9715214,-247.88790720359384,-188.68967993429862,1346.6901026098267,14.151725995071377,-18.59159304026926,2.970603780750324e-19
1787278832.127119,resting,fast,1787278739.9715214,-246.6066988990283,-189.19035733927547,1343.4650820762008,14.18927680044445,-18.495502417427147,2.965959696826553e-19
1787278832.1340306,resting,fast,1787278739.9715214,-245.07862545598482,-188.43622159606696,1345.0275210848877,14.132716619704002,-18.380896909198775,2.963749248441489e-19
1787278832.1454828,resting,fast,1787278739.9715214,-244.06654034761732,-187.52427966229868,1344.5282762880079,14.064320974671535,-18.304990526071002,2.9658121013449866e-19
1787278832.158696,resting,fast,1787278739.9715214,-245.45389146182197,-185.8705172746071,1346.9723568632662,13.940288795594416,-18.40904185963678,2.9643194522707835e-19
1787278832.1675067,resting,fast,1787278739.9715214,-246.65324781508252,-188.09449923293994,1346.8764781320178,14.107087442469354,-18.4989935861311,2.9650352476043825e-19
1787278832.1788054,resting,fast,1787278739.9715214,-247.8464146455076,-190.17122721228964,1348.5511976244952,14.262842040920564,-18.588481098412913,2.967066604210743e-19
1787278832.1930618,resting,fast,1787278739.9715214,-246.64649679807053,-189.51580587615092,1346.727295295358,14.213685440710368,-18.49848725985509,2.970265449660055e-19
1787278832.2006686,resting,fast,1787278739.9715214,-247.4213115956495,-189.0539715633796,1346.2416170456208,14.179047867252354,-18.55659836967351,2.9725479120856574e-19
1787278832.2118914,resting,fast,1787278739.9715214,-247.08794335509583,-188.99189269398505,1345.374220724806,14.174391952047674,-18.531595751632103,2.968859635149827e-19
1787278832.2265093,resting,fast,1787278739.9715214,-248.31607670202402,-189.26146195033436,1347.6271239842326,14.194609646274078,-18.623705752651723,2.9680148060955154e-19
1787278832.2338724,resting,fast,1787278739.9715214,-247.06731253945281,-188.97547877571844,1348.2400236622534,14.173160908178023,-18.530048440458785,2.967270083205066e-19
1787278832.245578,resting,fast,1787278739.9715214,-245.82151904813645,-187.1666262282855,1345.6832913305452,14.037496967120294,-18.436613928609837,2.965995405511062e-19
1787278832.2600946,resting,fast,1787278739.9715214,-244.74302700008639,-186.46593461659234,1341.4192741566812,13.984945096243354,-18.355727025006168,2.96358782363111e-19
1787278832.267482,resting,fast,1787278739.9715214,-245.4938986831453,-185.50326782374975,1343.3715912473117,13.912745086779896,-18.412042401235787,2.9681339524209326e-19
1787278832.2788048,resting,fast,1787278739.9715214,-246.98939616220878,-185.7359280671243,1347.0231010995203,13.930194605033197,-18.524204712165627,2.972142639988098e-19
1787278832.292771,resting,fast,1787278739.9715214,-248.0324305228619,-186.78201654064094,1352.0276764086675,14.008651240546929,-18.602432289214605,2.9778522994152643e-19
1787278832.3005986,resting,fast,1787278739.9715214,-247.21002555538007,-186.6692510339932,1348.448755324608,14.000193827548419,-18.540751916653356,2.973549186536646e-19
1787278832.3117397,resting,fast,1787278739.9715214,-247.41573597013712,-187.11133147955013,1350.5562719604777,14.033349860965163,-18.556180197760085,2.9746579592552874e-19
1787278832.3256555,resting,fast,1787278739.9715214,-246.39214229912022,-186.95115545082888,1347.5004922920443,14.021336658811027,-18.479410672433715,2.9711326405307133e-19
1787278832.3342085,resting,fast,1787278739.9715214,-245.65932133708566,-187.81850290527052,1345.9713989914353,14.086387717894286,-18.42444910028118,2.9634995952168416e-19
1787278832.3454604,resting,fast,1787278739.9715214,-244.59663593293635,-187.29438248522604,1340.4707228849793,14.047078686391021,-18.34474769497008,2.9585307738009355e-19
1787278832.3592162,resting,fast,1787278739.9715214,-245.7666047402431,-188.9479812020992,1343.7016868337641,14.171098590156365,-18.432495355518014,2.965596487762015e-19
1787278832.367385,resting,fast,1787278739.9715214,-247.06158417025517,-188.4053589977401,1347.3043674170667,14.130401924829403,-18.529618812768895,2.9740006402990166e-19
1787278832.3786333,resting,fast,1787278739.9715214,-247.37017140152284,-188.8860728445053,1351.0810063369709,14.16645546333665,-18.552762855114203,2.9788657328681573e-19
1787278832.389743,resting,fast,1787278739.9715214,-246.55076326771768,-186.86797293375037,1350.898106089343,14.015097970030087,-18.491307245078566,2.973218728559021e-19
1787278832.400626,resting,fast,1787278739.9715214,-247.98689063437678,-188.27432596968504,1354.2474797952245,14.120574447725264,-18.59901679757793,2.9767213502540685e-19
1787278832.4120002,resting,fast,1787278739.9715214,-248.79692211108295,-189.12023581906794,1351.9418264212154,14.184017686429048,-18.659769158330974,2.9743876967294317e-19
1787278832.423133,resting,fast,1787278739.9715214,-249.42253250728982,-189.77235622159617,1351.9460073194723,14.23292671661861,-18.706689938046665,2.9768146026005063e-19
1787278832.433746,resting,fast,1787278739.9715214,-248.32579728536848,-189.1337955308985,1346.4585579462537,14.185034664816417,-18.624434796402234,2.9672213967197093e-19
1787278832.4449162,resting,fast,1787278739.9715214,-247.10849233337876,-188.07296225278276,1341.5674031152093,14.105472168957522,-18.53313692500332,2.962566265291361e-19
1787278832.456045,resting,fast,1787278739.9715214,-247.61306938197185,-188.64567527784368,1342.9192186679402,14.148425645837111,-18.57098020364794,2.9620770011160347e-19
1787278832.467116,resting,fast,1787278739.9715214,-247.05121165068022,-188.15260030211937,1340.6205113105489,14.111445022657808,-18.528840873800753,2.963673541489897e-19
1787278832.478341,resting,fast,1787278739.9715214,-246.69951569087652,-188.2050064531153,1342.4556697329053,14.115375483982607,-18.502463676815744,2.9669061021027598e-19
1787278832.4899359,resting,fast,1787278739.9715214,-245.46543838630032,-187.66259535183792,1342.0342146997964,14.074694651386881,-18.409907878972433,2.9662780379699147e-19
1787278832.5006933,resting,fast,1787278739.9715214,-245.78533668768932,-188.4015669047643,1345.9309154134799,14.13011751785601,-18.43390025157653,2.9695113050767336e-19
1787278832.511504,resting,fast,1787278739.9715214,-246.82374213705998,-189.3179600057082,1349.3307690817956,14.198847000426955,-18.511780660279264,2.969305141596658e-19
1787278832.5230095,resting,fast,1787278739.9715214,-247.26927699639464,-189.57680526531942,1349.4737198290213,14.218260394897815,-18.545195774729436,2.97045387232011e-19
1787278832.5336409,resting,fast,1787278739.9715214,-247.25594941438385,-188.5590155289725,1350.3457937143548,14.141926164671734,-18.544196206078624,2.9677200537615585e-19
1787278832.5451734,resting,fast,1787278739.9715214,-246.34858298795143,-186.46229892788404,1348.1132724625468,13.984672419590158,-18.47614372409633,2.9654004601820557e-19
1787278832.5563762,resting,fast,1787278739.9715214,-246.02361378349224,-185.21834614910665,1344.0068595689127,13.891375961181769,-18.4517710337618,2.961848708719389e-19
1787278832.567248,resting,fast,1787278739.9715214,-247.96539448997873,-185.86582383302414,1346.9774004706223,13.939936787475435,-18.597404586748006,2.971534858619981e-19
1787278832.5784984,resting,fast,1787278739.9715214,-248.7810051282827,-186.2579549674639,1348.9649755249475,13.969346622558607,-18.65857538462103,2.9750888835100153e-19
1787278832.5925534,resting,fast,1787278739.9715214,-249.73464849068432,-186.55819407407023,1351.8207611817315,13.991864555554105,-18.73009863680135,2.9777935987316663e-19
1787278832.6004634,resting,fast,1787278739.9715214,-248.05208630889365,-187.62452857357232,1349.854291739056,14.07183964301672,-18.603906473166724,2.973349029849129e-19
1787278832.6117754,resting,fast,1787278739.9715214,-247.7602312703507,-188.757971572143,1347.6078425957157,14.156847867909622,-18.58201734527612,2.972355336377172e-19
1787278832.6230643,resting,fast,1787278739.9715214,-247.66123471262154,-189.01146663330826,1347.266671300812,14.17585999749696,-18.574592603446213,2.9718272585251913e-19
1787278832.6339085,resting,fast,1787278739.9715214,-249.02074491901067,-187.69992511347812,1350.9975936659948,14.077494383509777,-18.676555868925576,2.972666876512261e-19
1787278832.6449826,resting,fast,1787278739.9715214,-249.70327330906957,-188.34137572517204,1352.5893838360416,14.125603179386847,-18.72774549818004,2.972385046576333e-19
1787278832.65616,resting,fast,1787278739.9715214,-249.90368707655352,-189.18457850807943,1352.1266524590073,14.188843388104747,-18.742776530741338,2.974079101877239e-19
1787278832.667,resting,fast,1787278739.9715214,-248.57439409355857,-188.93568941953788,1347.449837294428,14.17017670646415,-18.64307955701669,2.971792303502635e-19
1787278832.6784687,resting,fast,1787278739.9715214,-248.55099558968004,-187.85242197344235,1351.0630140197582,14.08893164800718,-18.641324669226023,2.972174215890429e-19
1787278832.6895854,resting,fast,1787278739.9715214,-248.2208100471912,-186.79101532509492,1350.9338793317884,14.009326149381199,-18.61656075353917,2.966602306750041e-19
1787278832.7002327,resting,fast,1787278739.9715214,-248.53235930234814,-187.87200398573543,1350.1665454962158,14.090400298929229,-18.63992694767589,2.964229045335481e-19
1787278832.7117093,resting,fast,1787278739.9715214,-247.33082890762898,-187.84037782620305,1345.7446048228912,14.088028336964047,-18.549812168071988,2.962364816356832e-19
1787278832.722589,resting,fast,1787278739.9715214,-245.56081189510087,-188.75239145284002,1342.4443563252962,14.156429358961876,-18.417060892132533,2.963142847649053e-19
1787278832.733704,resting,fast,1787278739.9715214,-245.29113329399888,-189.01433358871134,1340.6352837898567,14.17607501915234,-18.3968349970497,2.965117692506878e-19
1787278832.7450883,resting,fast,1787278739.9715214,-245.80546363309304,-189.7066489900534,1339.2064852486592,14.227998674252891,-18.435409772482032,2.96611625097525e-19
1787278832.756149,resting,fast,1787278739.9715214,-247.95666898544323,-189.04731669409819,1348.4942518883663,14.178548752056575,-18.596750173908006,2.9705012111381814e-19
1787278832.7669399,resting,fast,1787278739.9715214,-249.47785526307644,-188.36304314920392,1354.0390604001923,14.127228236189186,-18.71083914473057,2.973098348709685e-19
1787278832.7783682,resting,fast,1787278739.9715214,-248.66034870729027,-187.22220505183566,1356.2963394683984,14.041665378886638,-18.649526153046494,2.971990499743013e-19
1787278832.7924004,resting,fast,1787278739.9715214,-248.00608844948647,-187.6791067868147,1350.9475497395879,14.075933009009962,-18.60045663371131,2.970814709415385e-19
1787278832.800182,resting,fast,1787278739.9715214,-246.24191103346539,-188.1987744056836,1349.2801159154687,14.114908080425398,-18.468143327509786,2.971003902345644e-19
1787278832.8115478,resting,fast,1787278739.9715214,-246.92133944142415,-190.0042486599565,1349.1373979006648,14.250318649495828,-18.519100458106536,2.9723332790435677e-19
1787278832.8258152,resting,fast,1787278739.9715214,-246.29153893425837,-190.3744738373299,1346.6491866882034,14.27808553779855,-18.471865420069122,2.971715797103037e-19
1787278832.8333244,resting,fast,1787278739.9715214,-245.64625520918207,-189.82513657780135,1344.9617757235947,14.23688524333399,-18.42346914068827,2.967718982936145e-19
1787278832.8447998,resting,fast,1787278739.9715214,-245.43720944742972,-189.02016798106672,1341.6265173442125,14.176512598579041,-18.407790708557116,2.9670155346296936e-19
1787278832.8585932,resting,fast,1787278739.9715214,-246.23471242805545,-189.44843853807208,1344.4404362625,14.208632890354199,-18.467603432104013,2.9670631317285485e-19
1787278832.8669412,resting,fast,1787278739.9715214,-246.352216205461,-188.60936091747396,1345.5154143202208,14.145702068809118,-18.476416215409458,2.968830340212988e-19
1787278832.8781655,resting,fast,1787278739.9715214,-246.5894016935231,-188.2471892887021,1349.2005680502925,14.118539196651415,-18.494205127014133,2.9710436351212017e-19
1787278832.891672,resting,fast,1787278739.9715214,-247.51690852293586,-187.8516157603641,1349.1756800782887,14.088871182026242,-18.563768139220073,2.974125372728715e-19
1787278832.9002333,resting,fast,1787278739.9715214,-247.33363890253577,-188.24974110496908,1346.3701234517694,14.118730582871653,-18.550022917690008,2.9694234302686783e-19
1787278832.911572,resting,fast,1787278739.9715214,-247.70770554385535,-188.70818030480302,1345.743557701583,14.15311352285919,-18.578077915788903,2.9670069340002483e-19
1787278832.9235327,resting,fast,1787278739.9715214,-247.2375043949528,-188.98258262605952,1344.8247174720773,14.173693696953539,-18.542812829621262,2.9637853472278387e-19
1787278832.933482,resting,fast,1787278739.9715214,-247.30759109546807,-189.4398876295744,1339.7401499955422,14.207991572216944,-18.54806933216007,2.9630207335011323e-19
1787278832.9448755,resting,fast,1787278739.9715214,-246.79093715655335,-189.35691776288274,1340.3971097856784,14.201768832215127,-18.509320286741143,2.9634236453555906e-19
1787278832.9583504,resting,fast,1787278739.9715214,-246.93292036273533,-189.6823747008499,1341.4567720237874,14.226178102562589,-18.519969027204844,2.9630861354414724e-19
1787278832.96677,resting,fast,1787278739.9715214,-246.7611527505337,-189.32455864068504,1344.7483696333302,14.199341898050367,-18.50708645628982,2.964684837066969e-19
1787278832.9780846,resting,fast,1787278739.9715214,-248.00473547477714,-189.60302616743354,1348.3806641570563,14.220226962556541,-18.60035516060816,2.9690944024001423e-19
1787278832.9909759,resting,fast,1787278739.9715214,-247.54274374860825,-189.4044717200337,1347.0970774964453,14.205335379001514,-18.565705781145425,2.9668020461577377e-19
1787278833.000095,resting,fast,1787278739.9715214,-248.741991609028,-189.54676197337665,1346.3595750677496,14.216007148001939,-18.655649370676727,2.971459277014477e-19
1787278833.011455,resting,fast,1787278739.9715214,-248.47207782751002,-188.72400652529961,1345.7074415549623,14.15430048939631,-18.63540583706321,2.9711310357847007e-19
1787278833.0236506,resting,fast,1787278739.9715214,-247.66280413628147,-186.7764716954572,1345.4937791325146,14.008235377158133,-18.5747103102211,2.972159533199478e-19
1787278833.0334258,resting,fast,1787278739.9715214,-247.5481044946505,-186.45938764898585,1350.1954911887015,13.98445407367274,-18.566107837098635,2.9748625180147917e-19
1787278833.044668,resting,fast,1787278739.9715214,-247.5383778875016,-187.5564314835923,1348.2205973140562,14.06673236126824,-18.565378341562713,2.9720019496522614e-19
1787278833.0580337,resting,fast,1787278739.9715214,-247.88703851164564,-188.332987481244,1349.1748028009397,14.12497406109198,-18.591527888373385,2.9747649246674724e-19
1787278833.06661,resting,fast,1787278739.9715214,-247.55748168608852,-187.69374538948853,1345.1430492402042,14.077030904210364,-18.566811126456436,2.967060187448948e-19
1787278833.0780787,resting,fast,1787278739.9715214,-246.8954970432892,-186.5302306751472,1345.7442427749438,13.98976730063497,-18.517162278246595,2.9681827254019697e-19
1787278833.0908647,resting,fast,1787278739.9715214,-246.3625304006141,-187.25338174918795,1346.5695912857454,14.044003631188136,-18.47718978004586,2.968894239247567e-19
1787278833.1000113,resting,fast,1787278739.9715214,-245.55655458684896,-187.21361813092687,1346.9196830942174,14.041021359818448,-18.41674159401351,2.9726890276858673e-19
1787278833.1112664,resting,fast,1787278739.9715214,-246.15200721037172,-187.98518630069077,1346.3930969332769,14.098888972550487,-18.461400540777703,2.9723166008222123e-19
1787278833.123446,resting,fast,1787278739.9715214,-247.8575064607253,-187.33643292607633,1351.05221710961,14.050232469454603,-18.589312984554105,2.9756154508056035e-19
1787278833.1331682,resting,fast,1787278739.9715214,-247.745420921819,-187.37284523641608,1349.5658447843334,14.052963392730039,-18.580906569136182,2.9748785754362184e-19
1787278833.1445577,resting,fast,1787278739.9715214,-246.56483850857467,-186.22980379254489,1347.7282670777104,13.9672352844396,-18.492362888143,2.973796363638822e-19
1787278833.1576724,resting,fast,1787278739.9715214,-244.9997712963418,-186.3463040975438,1339.7723811168116,13.975972807314594,-18.374982847225397,2.9670167819818185e-19
1787278833.1666427,resting,fast,1787278739.9715214,-245.41601276147912,-187.49920554391758,1340.478609221137,14.062440415792612,-18.406200957110627,2.965359423039686e-19
1787278833.1778634,resting,fast,1787278739.9715214,-246.89873775227852,-190.52948699915294,1344.6238616045875,14.28971152493543,-18.517405331420477,2.969963871059096e-19
1787278833.191118,resting,fast,1787278739.9715214,-248.78148527770145,-190.5939873700869,1349.7850396996992,14.294549052755347,-18.658611395827258,2.9752546818403755e-19
1787278833.1999025,resting,fast,1787278739.9715214,-249.0508068891154,-189.67699109778084,1352.7955259120617,14.225774332332495,-18.67881051668354,2.977229802759722e-19
1787278833.2112846,resting,fast,1787278739.9715214,-248.14727201881624,-187.78879050803232,1349.595108512548,14.084159288101223,-18.611045401411147,2.9749492874198613e-19
1787278833.223836,resting,fast,1787278739.9715214,-246.96323306026306,-187.93844681930102,1347.0614628779067,14.095383511446247,-18.522242479519605,2.971202554616356e-19
1787278833.2334478,resting,fast,1787278739.9715214,-245.90898368009084,-188.1882286241722,1339.5648469836933,14.11411714681157,-18.443173776006404,2.96424071480686e-19
1787278833.2444668,resting,fast,1787278739.9715214,-246.25265034636732,-187.71071844398182,1345.016362143212,14.078303883297327,-18.468948775977466,2.9667110133340225e-19
1787278833.2581103,resting,fast,1787278739.9715214,-245.60348729706266,-187.35153669862882,1343.0511860700071,14.051365252395914,-18.420261547279374,2.96542396424365e-19
1787278833.2664979,resting,fast,1787278739.9715214,-246.16567715217616,-187.34791968557568,1344.7693991576407,14.05109397641704,-18.462425786412986,2.964875750272646e-19
1787278833.2777839,resting,fast,1787278739.9715214,-246.01010180078129,-188.25910239367056,1340.09124342218,14.119432679524127,-18.45075763505846,2.96385351068164e-19
1787278833.2912188,resting,fast,1787278739.9715214,-246.30324728156347,-188.94213672463195,1340.8243331766325,14.17066025434612,-18.4727435461172,2.966996425180091e-19
1787278833.2997801,resting,fast,1787278739.9715214,-246.58079580307685,-188.84494425040327,1344.6844257661478,14.163370818778919,-18.493559685230743,2.972843156472877e-19
1787278833.3110378,resting,fast,1787278739.9715214,-247.6937724813556,-188.99188222189275,1346.9975126973777,14.17439116664072,-18.57703293610163,2.9718167174043115e-19
1787278833.3234358,resting,fast,1787278739.9715214,-247.43272179053247,-188.61036433093307,1347.7597998299998,14.145777324819026,-18.557454134289728,2.969532757191415e-19
1787278833.3328912,resting,fast,1787278739.9715214,-246.60903746999566,-187.04340026618718,1349.0842394376368,14.028255019962959,-18.495677810249568,2.9735528817793687e-19
1787278833.3442712,resting,fast,1787278739.9715214,-246.41161314923147,-187.68199577105145,1352.2370800750696,14.076149682827708,-18.480870986192322,2.9759832929241277e-19
1787278833.3561256,resting,fast,1787278739.9715214,-246.2135273489962,-186.5840633218878,1353.1219502541671,13.993804749140327,-18.466014551174524,2.9782163695099437e-19
1787278833.3661375,resting,fast,1787278739.9715214,-246.53236490848167,-188.89877216429852,1349.9180698242644,14.1674079123211,-18.489927368135923,2.9735373117103082e-19
1787278833.3774712,resting,fast,1787278739.9715214,-245.55167914329786,-187.68536808737156,1344.1114295584712,14.0764026065516,-18.416375935746892,2.970714676477912e-19
1787278833.3904912,resting,fast,1787278739.9715214,-247.39007178606107,-188.67079639831206,1344.8936241811198,14.150309729872152,-18.55425538395454,2.9695106139135706e-19
1787278833.399516,resting,fast,1787278739.9715214,-247.12529888179643,-187.67814756146197,1344.6766081634769,14.075861067108608,-18.534397416134603,2.970196077497757e-19
1787278833.4106002,resting,fast,1787278739.9715214,-247.092739121063,-186.40943588704988,1346.460928995949,13.98070769152763,-18.531955434079663,2.971778950148418e-19
1787278833.4228141,resting,fast,1787278739.9715214,-246.03778062391984,-186.6087876656203,1346.37641548378,13.995659074920301,-18.45283354679382,2.9719323484023857e-19
1787278833.4328358,resting,fast,1787278739.9715214,-245.18732802798013,-184.75548638197336,1347.4144969668532,13.856661478646945,-18.389049602098453,2.969633691231546e-19
1787278833.44423,resting,fast,1787278739.9715214,-246.08693103117594,-186.49646003232021,1346.1716665674312,13.987234502422755,-18.456519827338127,2.970278737256352e-19
1787278833.4565916,resting,fast,1787278739.9715214,-247.79065856575153,-187.01871077845578,1350.5357287553716,14.026403308383127,-18.58429939243119,2.974935475899626e-19
1787278833.466146,resting,fast,1787278739.9715214,-249.43335463082212,-189.78901547912858,1350.750208771994,14.234176160933263,-18.707501597311555,2.9789236077875633e-19
1787278833.477591,resting,fast,1787278739.9715214,-248.5792284241047,-189.26660792109317,1348.434134467031,14.194995594080684,-18.643442131807618,2.9756774602370925e-19
1787278833.4907613,resting,fast,1787278739.9715214,-246.8491669550508,-187.80659869382532,1344.3168359382407,14.085494902035652,-18.513687521628448,2.971808848669984e-19
1787278833.499447,resting,fast,1787278739.9715214,-247.5891567459944,-185.9732481338243,1346.4893489792203,13.947993610035699,-18.56918675594944,2.9677414353795967e-19
1787278833.5106833,resting,fast,1787278739.9715214,-248.3807198529471,-187.57566542940424,1350.0475517084114,14.0681749072041,-18.6285539889708,2.969069699482402e-19
1787278833.5239825,resting,fast,1787278739.9715214,-248.10115010288564,-188.57212111904926,1346.088796557954,14.142909083927439,-18.60758625771605,2.966782542371631e-19
1787278833.5326862,resting,fast,1787278739.9715214,-247.27558764286505,-189.81553695780156,1345.5137613456782,14.236165271833773,-18.545669073214583,2.9723396124202113e-19
1787278833.5440068,resting,fast,1787278739.9715214,-246.8004590337555,-187.81809869285496,1346.7884322533873,14.086357401963145,-18.51003442753135,2.978170668654233e-19
1787278833.5571828,resting,fast,1787278739.9715214,-247.0112247160382,-187.2536258288909,1351.6774284307821,14.04402193716557,-18.525841853702595,2.982928173723092e-19
1787278833.565921,resting,fast,1787278739.9715214,-247.61696524131048,-187.37216910385712,1352.2075733650518,14.05291268278825,-18.57127239309807,2.9789823138704097e-19
1787278833.5772052,resting,fast,1787278739.9715214,-248.29418345872318,-188.67528069607204,1354.00064030054,14.150646052204312,-18.622063759403915,2.976347608825889e-19
1787278833.5902076,resting,fast,1787278739.9715214,-249.14569642665674,-189.26362284521326,1354.2046334068991,14.194771713389702,-18.68592723199903,2.975582215383082e-19
1787278833.5993698,resting,fast,1787278739.9715214,-249.63923725830182,-189.23844713776873,1356.7522707311882,14.192883535331493,-18.722942794372415,2.981124144810114e-19
1787278833.610477,resting,fast,1787278739.9715214,-249.36457437817307,-188.8014174712581,1355.2949213649545,14.160106310342986,-18.70234307836273,2.9797156616485536e-19
1787278833.624523,resting,fast,1787278739.9715214,-247.93043484235614,-188.730425073613,1353.0056958452305,14.15478188051988,-18.5947826131765,2.980025358258087e-19
1787278833.6324394,resting,fast,1787278739.9715214,-246.59161783904938,-189.18614984295107,1349.3500454152281,14.188961238220148,-18.494371337928385,2.973512113897942e-19
1787278833.6437984,resting,fast,1787278739.9715214,-247.14749445797088,-188.96901072750427,1350.470873747804,14.172675804561639,-18.536062084347613,2.974364870051942e-19
1787278833.657679,resting,fast,1787278739.9715214,-248.41560170155708,-189.04674242087447,1352.0741788356345,14.178505681564193,-18.6311701276165,2.9719642678584907e-19
1787278833.6657948,resting,fast,1787278739.9715214,-249.5924776071829,-189.75363971964987,1354.0653138988719,14.231522978972524,-18.719435820538507,2.9711881292518457e-19
1787278833.6772377,resting,fast,1787278739.9715214,-247.4725540622053,-189.5397983137958,1346.83823250363,14.215484873533487,-18.560441554665417,2.9694263637400947e-19
1787278833.690403,resting,fast,1787278739.9715214,-245.98565738347725,-187.96611350589671,1343.8848522388025,14.09745851294112,-18.44892430376065,2.9673163725398416e-19
1787278833.699222,resting,fast,1787278739.9715214,-246.47117429160744,-186.19637558917032,1345.6390202854882,13.964728169186873,-18.48533807187051,2.971210955203666e-19
1787278833.710461,resting,fast,1787278739.9715214,-247.2386712372886,-185.93121055533004,1349.4902585773625,13.94484079164852,-18.54290034279613,2.9689557454874743e-19
1787278833.72502,resting,fast,1787278739.9715214,-248.672353071433,-187.57333677648546,1352.6146597732177,14.068000258235205,-18.650426480357268,2.971700358602076e-19
1787278833.7324283,resting,fast,1787278739.9715214,-246.57088214120768,-187.75913420507766,1349.7657653660217,14.081935065379643,-18.492816160590436,2.9671739628483725e-19
1787278833.743764,resting,fast,1787278739.9715214,-246.92451678656153,-186.41449606599042,1351.8870630246793,13.981087204947972,-18.519338758991864,2.9693399008129256e-19
1787278833.7566874,resting,fast,1787278739.9715214,-245.9068278115551,-184.84364826146782,1346.8855909545737,13.863273619609021,-18.443012085866386,2.966625027050186e-19
1787278833.765844,resting,fast,1787278739.9715214,-247.77542267822037,-186.03015670493153,1347.0784832417821,13.952261752868683,-18.583156700866546,2.970386350125909e-19
1787278833.7769842,resting,fast,1787278739.9715214,-248.02673786109654,-186.71234471448759,1348.5599674814266,14.003425853585473,-18.602005339582405,2.9702626121797236e-19
1787278833.790269,resting,fast,1787278739.9715214,-248.74157356906153,-187.71165944571987,1354.112070598102,14.078374458427835,-18.65561801767967,2.972867456714128e-19
1787278833.7990434,resting,fast,1787278739.9715214,-247.02867572862078,-186.11002065356627,1352.5328316435962,13.958251549016428,-18.527150679646283,2.968004559010815e-19
1787278833.8103793,resting,fast,1787278739.9715214,-247.08855936178998,-185.95662430646678,1349.9270600488098,13.946746822983886,-18.53164195213408,2.9649156692204387e-19
1787278833.8238864,resting,fast,1787278739.9715214,-246.27672214388213,-187.0061990914395,1345.316785494303,14.025464931856835,-18.47075416079104,2.9621280832167227e-19
1787278833.83217,resting,fast,1787278739.9715214,-246.64422540797523,-187.03113382174377,1349.0916039520935,14.027335036629498,-18.498316905597953,2.9672239280746025e-19
1787278833.84368,resting,fast,1787278739.9715214,-245.8246995868344,-188.97076386158403,1344.5433204927294,14.172807289617456,-18.436852469012287,2.9653437137465345e-19
1787278833.8565032,resting,fast,1787278739.9715214,-246.3868211897411,-187.66883864075305,1345.0985513907008,14.0751628980552,-18.479011589230346,2.964011978793454e-19
1787278833.865601,resting,fast,1787278739.9715214,-246.6375449783559,-187.53918022560003,1343.255649485197,14.065438516918793,-18.497815873376403,2.966843361502007e-19
1787278833.8766701,resting,fast,1787278739.9715214,-246.34642103625401,-186.29801129552686,1343.243580384261,13.972350847163515,-18.475981577719004,2.970776828660906e-19
1787278833.8901088,resting,fast,1787278739.9715214,-245.68497383214753,-186.8663291320796,1341.294314061598,14.014974684904946,-18.426373037410848,2.967570808080296e-19
1787278833.8989558,resting,fast,1787278739.9715214,-246.29318594197184,-188.75083813125036,1340.6183914814292,14.156312859842775,-18.471988945647766,2.9638533470614537e-19
1787278833.9101675,resting,fast,1787278739.9715214,-247.7837466879423,-189.98600107207187,1343.059698190783,14.248950080404033,-18.583781001595497,2.963818799537297e-19
1787278833.923351,resting,fast,1787278739.9715214,-248.1277059262652,-189.5715511050281,1344.7632883946344,14.217866332876074,-18.609577944469983,2.9686546327532495e-19
1787278833.9321127,resting,fast,1787278739.9715214,-248.0343074219386,-188.56687180904567,1345.0186506702803,14.142515385677488,-18.60257305664534,2.9687787773552363e-19
1787278833.943514,resting,fast,1787278739.9715214,-247.66034403481308,-188.5546266887353,1345.6102690217567,14.141597001654024,-18.574525802610914,2.969167491643872e-19
1787278833.9563036,resting,fast,1787278739.9715214,-248.3575004564841,-188.4004427162364,1348.8407235689456,14.130033203716241,-18.626812534236272,2.965692695473423e-19
1787278833.9655209,resting,fast,1787278739.9715214,-247.68769882524202,-188.4445615764174,1345.240269726267,14.133342118230335,-18.57657741189292,2.9661111824942525e-19
1787278833.9767535,resting,fast,1787278739.9715214,-248.19005627996148,-187.460062791498,1345.0206290038977,14.059504709361153,-18.614254220997125,2.9652644784389087e-19
1787278833.988957,resting,fast,1787278739.9715214,-248.62095863177228,-188.06416189265508,1345.9699069660628,14.104812141947864,-18.646571897382678,2.9706095150197816e-19
1787278833.9987562,resting,fast,1787278739.9715214,-248.40037121022988,-187.43108233769215,1346.0347606099322,14.057331175325704,-18.63002784076715,2.967761231090632e-19
1787278834.0100603,resting,fast,1787278739.9715214,-246.76882400489876,-186.2168841045294,1345.5333316894348,13.966266307838513,-18.507661800367238,2.9659767129633295e-19
1787278834.021441,resting,fast,1787278739.9715214,-245.7757944474456,-185.41227110983039,1342.0213492232624,13.905920333236214,-18.43318458355825,2.965406379873739e-19
1787278834.0321302,resting,fast,1787278739.9715214,-246.50763179542582,-186.36155325249808,1345.0578410777061,13.977116493936126,-18.48807238465679,2.9674437821877786e-19
1787278834.0430202,resting,fast,1787278739.9715214,-246.56655460604952,-186.55973531688858,1344.1663008193727,13.991980148765567,-18.4924915954534,2.96842496218703e-19
1787278834.054262,resting,fast,1787278739.9715214,-246.79145832577387,-187.12760070689353,1346.3127601733968,14.034570053015816,-18.5093593744326,2.969266721823765e-19
1787278834.0654771,resting,fast,1787278739.9715214,-246.05899045297292,-186.65939345577124,1344.1261962328526,13.999454509181962,-18.454424283972955,2.9727618708740217e-19
1787278834.0766342,resting,fast,1787278739.9715214,-246.86362775440693,-187.39455392799334,1344.087269534194,14.0545915445983,-18.514772081580233,2.9731160454116403e-19
1787278834.0884666,resting,fast,1787278739.9715214,-246.71557593675652,-186.48876505103578,1342.8397779680427,13.986657378826639,-18.503668195256587,2.968298591226648e-19
1787278834.0986838,resting,fast,1787278739.9715214,-245.61663085233204,-187.02060853321893,1340.3370815816734,14.026545639990307,-18.421247313924574,2.957317345199604e-19
1787278834.109956,resting,fast,1787278739.9715214,-245.02559108308242,-186.7314950234046,1340.0262938696333,14.004862126754066,-18.376919331231058,2.958548784427311e-19
1787278834.1212125,resting,fast,1787278739.9715214,-244.78743457971404,-187.1450340489872,1338.178902203791,14.035877553672695,-18.359057593478134,2.9596911370438395e-19
1787278834.1320875,resting,fast,1787278739.9715214,-246.84987355547173,-185.68525475760032,1342.361732192453,13.926394106818936,-18.513740516660135,2.9669334057889303e-19
1787278834.1431506,resting,fast,1787278739.9715214,-247.34598826668434,-185.82029806475055,1346.7286465439493,13.936522354855132,-18.55094912000107,2.966905109179464e-19
1787278834.1544015,resting,fast,1787278739.9715214,-247.6945862319667,-185.6492978092839,1351.0208690360823,13.92369733569517,-18.57709396739743,2.97022107238696e-19
1787278834.1653662,resting,fast,1787278739.9715214,-246.1733507735048,-185.49841382146894,1349.206184116124,13.912381036609023,-18.463001308012473,2.9694720309226403e-19
1787278834.17652,resting,fast,1787278739.9715214,-246.0771043251293,-185.60709212070026,1343.8550972852872,13.920531909051451,-18.455782824384706,2.964700206696211e-19
1787278834.1877124,resting,fast,1787278739.9715214,-245.51157382885094,-186.3578824498819,1342.256900376241,13.976841183739925,-18.413368037163572,2.961594175279001e-19
1787278834.1986463,resting,fast,1787278739.9715214,-245.41800089578874,-185.2537649316729,1341.0488556525424,13.894032369874385,-18.40635006718408,2.9610377640522427e-19
1787278834.2098722,resting,fast,1787278739.9715214,-245.06999141628012,-185.38427082260398,1340.621237784876,13.903820311693966,-18.380249356220723,2.960969333420189e-19
1787278834.220526,resting,fast,1787278739.9715214,-245.69876326176063,-185.2243107533351,1338.4044267594172,13.89182330649901,-18.42740724463166,2.9622330673724484e-19
1787278834.2317924,resting,fast,1787278739.9715214,-247.0818294857213,-186.83449444959263,1341.6179088847284,14.012587083718106,-18.53113721142899,2.9635628872074565e-19
1787278834.243318,resting,fast,1787278739.9715214,-247.56924575727817,-186.94142516304566,1344.148544042163,14.020606887227476,-18.567693431795732,2.970696176167372e-19
1787278834.2542436,resting,fast,1787278739.9715214,-247.78516018805067,-186.95935794228228,1346.941220339765,14.021951845670106,-18.583887014103496,2.974437022111502e-19
1787278834.2654305,resting,fast,1787278739.9715214,-245.95764563489547,-187.0422497949993,1342.6784484799746,14.028168734623893,-18.446823422617264,2.9713425290647556e-19
1787278834.276642,resting,fast,1787278739.9715214,-245.70007580783613,-187.33516835528337,1343.503521359159,14.050137626645057,-18.427505685587462,2.9679051905038617e-19
1787278834.2876108,resting,fast,1787278739.9715214,-245.77690628180108,-186.58034519747582,1346.324244714834,13.993525889809394,-18.433267971135116,2.967518804302142e-19
1787278834.2985427,resting,fast,1787278739.9715214,-246.2775093761743,-186.16162431953114,1350.5002444953834,13.962121823963788,-18.470813203212835,2.976821588569737e-19
1787278834.3098176,resting,fast,1787278739.9715214,-246.31354111990413,-185.71764552274306,1346.2620143138092,13.92882341420449,-18.4735155839926,2.972301758368859e-19
1787278834.3208015,resting,fast,1787278739.9715214,-245.73276003428828,-186.8288052415429,1341.8941042269298,14.012160393114687,-18.429957002571484,2.9687982364309272e-19
1787278834.3317907,resting,fast,1787278739.9715214,-246.30135517384906,-187.7197528304058,1340.170566635913,14.078981462279192,-18.472601638038668,2.959778562873182e-19
1787278834.3431416,resting,fast,1787278739.9715214,-246.93805031801048,-187.5470071824085,1342.7207841874451,14.066025538679188,-18.520353773850523,2.9613290880784824e-19
1787278834.3541794,resting,fast,1787278739.9715214,-247.1245182517764,-185.98665333278643,1341.4187252430684,13.948998999957656,-18.534338868882948,2.960718803682429e-19
1787278834.365339,resting,fast,1787278739.9715214,-247.1784905704012,-187.14941873180976,1339.4531126166994,14.03620640488457,-18.538386792779832,2.9622485475254076e-19
1787278834.3763044,resting,fast,1787278739.9715214,-247.12792287859565,-187.90966024271881,1342.2196292802846,14.093224518202849,-18.534594215894636,2.9663744288855144e-19
1787278834.387652,resting,fast,1787278739.9715214,-248.12169865779606,-190.22239858234968,1345.7012652927106,14.266679893674937,-18.609127399334554,2.9698026996974944e-19
1787278834.398389,resting,fast,1787278739.9715214,-247.6924515460746,-189.1541772677905,1344.241394866708,14.186563295083278,-18.57693386595529,2.970403951621621e-19
1787278834.4097426,resting,fast,1787278739.9715214,-246.7330691463908,-187.5346843942965,1341.7453014666362,14.06510132957101,-18.50498018597908,2.9665980480292295e-19
1787278834.4208555,resting,fast,1787278739.9715214,-246.2843574947242,-186.90601035466796,1338.5757946011681,14.017950776598656,-18.471326812103946,2.964142162994669e-19
1787278834.4319506,resting,fast,1787278739.9715214,-247.29045887364418,-187.98811593229254,1343.9000418774822,14.099108694920634,-18.546784415523184,2.9684093554125816e-19
1787278834.4430459,resting,fast,1787278739.9715214,-248.50753359169676,-188.64103688013836,1347.5922886012331,14.148077766009369,-18.63806501937691,2.9728910523400116e-19
1787278834.45422,resting,fast,1787278739.9715214,-248.5140010651162,-189.25359702263665,1351.7737362736125,14.19401977669651,-18.638550079883515,2.976708823207828e-19
1787278834.465194,resting,fast,1787278739.9715214,-247.2963461645818,-187.42336262593324,1348.659749498719,14.056752196943837,-18.547225962343568,2.9714120967451736e-19
1787278834.4763086,resting,fast,1787278739.9715214,-246.07717947271567,-187.75727298898244,1346.5278371180202,14.081795474172726,-18.45578846045362,2.969450083100691e-19
1787278834.48709,resting,fast,1787278739.9715214,-244.80761220794875,-186.79748551714704,1342.0054940922337,14.009811413785076,-18.360570915595858,2.9660189189306905e-19
1787278834.4987078,resting,fast,1787278739.9715214,-246.39562476448873,-186.81552189235924,1344.5803734571373,14.011164141925779,-18.479671857336612,2.965049379276548e-19
1787278834.509712,resting,fast,1787278739.9715214,-246.63457571531626,-185.30868796862512,1343.7156259967387,13.89815159764591,-18.497593178648515,2.9655211217050405e-19
1787278834.520805,resting,fast,1787278739.9715214,-247.31442745723461,-185.1835878102969,1347.4827077865457,13.888769085771305,-18.548582059292244,2.968581532002227e-19
1787278834.5316372,resting,fast,1787278739.9715214,-245.88924428325618,-185.36928349156062,1345.709802547287,13.90269626186603,-18.441693321244202,2.971768804395499e-19
1787278834.542936,resting,fast,1787278739.9715214,-246.32142039053952,-187.42915800938601,1344.7932162407078,14.057186850702653,-18.474106529290367,2.9682936736701514e-19
1787278834.5539877,resting,fast,1787278739.9715214,-247.6114932813448,-187.90191265118995,1345.7172959649733,14.092643448838164,-18.570861996100525,2.968354007876499e-19
1787278834.5651336,resting,fast,1787278739.9715214,-247.26593278942937,-187.1807219649878,1342.7747657275877,14.03855414737274,-18.544944959206937,2.963165196145237e-19
1787278834.5761719,resting,fast,1787278739.9715214,-247.27561421747805,-186.41372373108686,1345.2877053954753,13.98102927983054,-18.545671066310668,2.9675850390502275e-19
1787278834.587834,resting,fast,1787278739.9715214,-245.3960216394721,-185.7600523255402,1342.6133493299649,13.932003924414435,-18.40470162296007,2.965903336918889e-19
1787278834.5982635,resting,fast,1787278739.9715214,-245.56200649438097,-186.96999548047017,1347.1682509165903,14.022749661034087,-18.417150487078302,2.971414235279116e-19
1787278834.6095781,resting,fast,1787278739.9715214,-245.63462729796674,-187.0023274022468,1346.0288624184095,14.0251745551674,-18.422597047347246,2.972079826370253e-19
1787278834.6205826,resting,fast,1787278739.9715214,-246.15892844195105,-187.336559059136,1345.6883363602165,14.05024192943404,-18.46191963314616,2.9700269769547983e-19
1787278834.6316319,resting,fast,1787278739.9715214,-246.10280791812283,-186.19481658924144,1344.0837347553834,13.964611244192017,-18.457710593859233,2.965195390726337e-19
1787278834.64274,resting,fast,1787278739.9715214,-246.7835262427384,-187.68100701430592,1347.9131563021556,14.076075526071921,-18.50876446820522,2.9682877857838127e-19
1787278834.6538658,resting,fast,1787278739.9715214,-246.79299889637014,-186.65654093368641,1347.8452085829567,13.999240570025467,-18.509474917227813,2.9703563966508464e-19
1787278834.6648257,resting,fast,1787278739.9715214,-248.86998016079315,-186.63168187535268,1352.7363002069478,13.997376140650264,-18.665248512059293,2.9772462851942655e-19
1787278834.6760314,resting,fast,1787278739.9715214,-248.55053209613243,-185.76512985410193,1349.999073878881,13.932384739056676,-18.64128990720981,2.9734048358289997e-19
1787278834.6871414,resting,fast,1787278739.9715214,-249.24109341857138,-187.49202873635284,1351.0309832389948,14.0619021552255,-18.693082006392686,2.9737050097313505e-19
1787278834.6981084,resting,fast,1787278739.9715214,-247.1727075369722,-187.68601816409307,1347.7233471734426,14.076451362305836,-18.537953065272518,2.974474534453625e-19
1787278834.7093577,resting,fast,1787278739.9715214,-246.17692599846077,-188.12924321092248,1345.4480553175954,14.109693240818093,-18.46326944988423,2.9733344225711966e-19
1787278834.72026,resting,fast,1787278739.9715214,-246.35757969471024,-187.50999972029342,1344.7244327480776,14.0632499790208,-18.476818477103023,2.9718235914918824e-19
1787278834.7313497,resting,fast,1787278739.9715214,-247.6443032266011,-186.85283056581181,1347.9650059667356,14.013962292434673,-18.573322741994865,2.96969964638228e-19
1787278834.7426193,resting,fast,1787278739.9715214,-248.68331939753762,-185.63278781741303,1347.5592816041235,13.922459086305029,-18.65124895481508,2.966854349177969e-19
1787278834.7536573,resting,fast,1787278739.9715214,-248.18925497171267,-185.6518229370405,1347.1223032700264,13.923886720277114,-18.614194122878516,2.968109107666743e-19
1787278834.764718,resting,fast,1787278739.9715214,-248.16959153252674,-187.34161129214215,1344.1093065103696,14.050620846909485,-18.61271936493953,2.9676830201414095e-19
1787278834.7759867,resting,fast,1787278739.9715214,-246.70414428184495,-187.08812243399632,1346.3429376045433,14.031609182548682,-18.502810821138013,2.9686523833016315e-19
1787278834.7866209,resting,fast,1787278739.9715214,-245.98318995409545,-185.49180913892963,1348.8312334726188,13.911885685418543,-18.448739246556777,2.9719093694942626e-19
1787278834.7979894,resting,fast,1787278739.9715214,-246.48452348482397,-184.40689783474397,1352.7377333717914,13.830517337604693,-18.48633926136165,2.9715510795047174e-19
1787278834.8092265,resting,fast,1787278739.9715214,-246.4082277790826,-185.07910326982358,1346.3602529277387,13.880932745235757,-18.480617083431042,2.967213301421683e-19
1787278834.820251,resting,fast,1787278739.9715214,-247.21072769076227,-185.50188458870446,1342.8564790949958,13.912641344151556,-18.54080457680724,2.961700987744012e-19
1787278834.8313186,resting,fast,1787278739.9715214,-246.76812187300357,-186.44732822993922,1342.7712667721107,13.98354961724431,-18.50760914047524,2.9646335421946693e-19
1787278834.842556,resting,fast,1787278739.9715214,-247.35943619904947,-185.6890921568912,1344.9935391386198,13.926681911765417,-18.551957714928363,2.9663069438812193e-19
1787278834.8535492,resting,fast,1787278739.9715214,-248.0313890550192,-186.05463536767195,1347.7970563941062,13.954097652574351,-18.60235417912628,2.9678483513531754e-19
1787278834.864802,resting,fast,1787278739.9715214,-247.61854580923637,-186.1429826224877,1343.632237721954,13.960723696685537,-18.57139093569254,2.9650853334037205e-19
1787278834.8758755,resting,fast,1787278739.9715214,-249.0191684142069,-187.25437818097237,1347.8020949971678,14.04407836357166,-18.67643763106534,2.970925371017255e-19
1787278834.8869827,resting,fast,1787278739.9715214,-248.27210752271685,-187.34831222940636,1346.203892257031,14.051123417204355,-18.620408064203737,2.9687447203062717e-19
1787278834.897909,resting,fast,1787278739.9715214,-249.29497816868889,-187.79719275638206,1346.4056131428688,14.084789456727368,-18.697123362651617,2.9646278353266883e-19
1787278834.9091544,resting,fast,1787278739.9715214,-248.53685185421682,-187.88225198863904,1346.4119232395287,14.091168899146798,-18.640263889066063,2.9632395421720585e-19
1787278834.9199045,resting,fast,1787278739.9715214,-248.29783570026893,-188.35844978321245,1346.2101217513982,14.126883733740048,-18.62233767751998,2.9646526825040734e-19
1787278834.9311502,resting,fast,1787278739.9715214,-248.4377155641546,-188.57251262935017,1348.3045060038467,14.142938447200198,-18.6328286673115,2.9728453961869855e-19
1787278834.9424193,resting,fast,1787278739.9715214,-248.03853884161026,-189.01637732721963,1347.420728244174,14.176228299540217,-18.602890413120647,2.9753253212455873e-19
1787278834.9531827,resting,fast,1787278739.9715214,-247.79807807175757,-189.0856448759513,1348.216012625363,14.181423365695114,-18.58485585538179,2.978503339492527e-19
1787278834.9646058,resting,fast,1787278739.9715214,-247.36534000281017,-186.82659294011103,1345.954685438831,14.01199447050718,-18.552400500210673,2.969971612692043e-19
1787278834.9757934,resting,fast,1787278739.9715214,-247.15523096639436,-185.58552900460552,1345.8834968163728,13.918914675344187,-18.53664232247946,2.9662441336270783e-19
1787278834.9864366,resting,fast,1787278739.9715214,-247.2263319727722,-186.28528919477515,1344.6338072977787,13.971396689606937,-18.541974897957736,2.963811651378135e-19
1787278834.9978166,resting,fast,1787278739.9715214,-247.24664453696687,-187.75870694566663,1345.1180321507027,14.081903020923722,-18.543498340272215,2.9698648931307125e-19
1787278835.0088756,resting,fast,1787278739.9715214,-247.91660156118314,-188.9569547095474,1349.4797166948892,14.171771603215095,-18.59374511708866,2.976198073045495e-19
1787278835.0200193,resting,fast,1787278739.9715214,-248.03651930324622,-188.64228942176362,1353.4185307335038,14.148171706631235,-18.602738947743212,2.9815031460794127e-19
1787278835.0310407,resting,fast,1787278739.9715214,-247.54866578030988,-188.62487977410967,1351.010765346823,14.146865983057157,-18.566149933523207,2.978509137375479e-19
1787278835.0422843,resting,fast,1787278739.9715214,-247.55128029033176,-188.04627125267587,1348.7753079565582,14.10347034394967,-18.566346021774713,2.9756740343207217e-19
1787278835.0531454,resting,fast,1787278739.9715214,-248.03362213694845,-187.82865322316695,1348.6590565902725,14.087148991736388,-18.602521660271137,2.970196212935171e-19
1787278835.0646272,resting,fast,1787278739.9715214,-248.83860078585667,-188.29525959065165,1352.7896956516988,14.122144469297385,-18.662895058939057,2.9726235867765323e-19
1787278835.075661,resting,fast,1787278739.9715214,-248.8976220830341,-188.8515810513794,1349.5005729799059,14.16386857885232,-18.667321656227337,2.971108541339552e-19
1787278835.0867033,resting,fast,1787278739.9715214,-248.3210310304853,-188.00663824802461,1347.3386694805422,14.100497868600943,-18.624077327286187,2.9727177731535642e-19
1787278835.0976558,resting,fast,1787278739.9715214,-247.75923803234082,-188.40239432543456,1348.141732584144,14.130179574406274,-18.5819428524255,2.975280904773771e-19
1787278835.108879,resting,fast,1787278739.9715214,-245.98236158921418,-186.72681211184693,1345.4316486830785,14.004510908387221,-18.448677119190776,2.9695566026912437e-19
1787278835.1201725,resting,fast,1787278739.9715214,-246.29992370087393,-187.77381068596503,1343.213464177822,14.08303580144619,-18.472494277565374,2.9678322963186904e-19
1787278835.1311228,resting,fast,1787278739.9715214,-245.25190423426602,-186.0320317350537,1343.2030192701905,13.952402380127769,-18.393892817569764,2.9638215252863873e-19
1787278835.1423714,resting,fast,1787278739.9715214,-245.6751279910236,-186.98375204719275,1344.2606634039375,14.023781403538383,-18.42563459932675,2.968768721614376e-19
1787278835.1533558,resting,fast,1787278739.9715214,-245.1569613474735,-186.35347711108454,1343.2031575027186,13.97651078333023,-18.38677210106041,2.966257237095798e-19
1787278835.1643233,resting,fast,1787278739.9715214,-246.0476701366565,-189.2717845916776,1340.2254139905572,14.19538384437475,-18.453575260249004,2.968231099356821e-19
1787278835.175513,resting,fast,1787278739.9715214,-246.0498720527071,-188.6913515934126,1343.8385979731092,14.1518513695048,-18.45374040395305,2.9687923164793013e-19
1787278835.1864498,resting,fast,1787278739.9715214,-246.48818941094987,-189.7371517395219,1347.2569883720416,14.230286380462903,-18.486614205821162,2.973913242192419e-19
1787278835.1976871,resting,fast,1787278739.9715214,-246.934898067007,-188.35673705929833,1350.263277134468,14.126755279446247,-18.520117355025178,2.9723634870309755e-19
1787278835.208784,resting,fast,1787278739.9715214,-248.98881933848725,-189.1861049086209,1350.4140664858105,14.18895786814537,-18.674161450386194,2.975812509317589e-19
1787278835.2194524,resting,fast,1787278739.9715214,-248.67468760907514,-189.22807066274243,1349.1272838757532,14.192105299704426,-18.650601570680635,2.9720488282711485e-19
1787278835.2308052,resting,fast,1787278739.9715214,-248.01958331424385,-189.3515770748205,1347.6463829769718,14.201368280610527,-18.601468748568074,2.9734263249200686e-19
1787278835.2420766,resting,fast,1787278739.9715214,-246.9881460128513,-189.69459962989515,1345.8131165360455,14.227094972240796,-18.524110950963582,2.969274161589e-19
1787278835.2531855,resting,fast,1787278739.9715214,-246.83693947811798,-188.3357211621809,1341.9302950424617,14.125179087162469,-18.51277046085889,2.966730891633531e-19
1787278835.264216,resting,fast,1787278739.9715214,-245.9572005028881,-187.79184153601193,1339.3347883467277,14.08438811519979,-18.44679003771619,2.9652933163890375e-19
1787278835.2755013,resting,fast,1787278739.9715214,-245.60660896577383,-186.32834175263736,1340.9718184396452,13.974625631446674,-18.420495672432736,2.9650606050157357e-19
1787278835.2864692,resting,fast,1787278739.9715214,-245.32872951527543,-187.50072861634578,1345.2575997523063,14.0625546462248,-18.39965471364539,2.9715952403287587e-19
1787278835.2974358,resting,fast,1787278739.9715214,-245.36554015980573,-187.04507661029413,1343.6053180264107,14.028380745770736,-18.402415511985346,2.9688925348654717e-19
1787278835.30866,resting,fast,1787278739.9715214,-246.27066112025523,-188.25027177117965,1340.9441053078963,14.11877038283733,-18.470299584019088,2.9675762979589366e-19
1787278835.3196187,resting,fast,1787278739.9715214,-247.0523106845526,-187.18311397633067,1340.0629060238143,14.038733548223679,-18.528923301341194,2.963165406174609e-19
1787278835.3307881,resting,fast,1787278739.9715214,-248.57673107107848,-187.70393432507956,1345.592220051486,14.07779507438001,-18.643254830330655,2.968631629638735e-19
1787278835.341959,resting,fast,1787278739.9715214,-248.8871588741663,-187.62440475762162,1347.0758002848934,14.071830356820431,-18.66653691556227,2.9721705902902983e-19
1787278835.3530586,resting,fast,1787278739.9715214,-248.33427344288384,-188.2463961679358,1347.7057163559684,14.118479712594155,-18.62507050821617,2.975942840738948e-19
1787278835.3641775,resting,fast,1787278739.9715214,-248.67623829464856,-187.56999545980887,1349.3180047799497,14.067749659484424,-18.65071787209844,2.980920859376523e-19
1787278835.3752725,resting,fast,1787278739.9715214,-246.75167419371292,-188.12612939529515,1347.3328962317055,14.109459704645946,-18.506375564528227,2.975200058227994e-19
1787278835.3861923,resting,fast,1787278739.9715214,-247.09069833245894,-187.49360872422346,1346.632290868275,14.062020654315436,-18.531802374934287,2.9750066312845405e-19
1787278835.3974369,resting,fast,1787278739.9715214,-245.82245014899627,-187.44527616885182,1342.207512335929,14.058395712662676,-18.436683761174393,2.967452844807818e-19
1787278835.4086883,resting,fast,1787278739.9715214,-246.7540920910119,-186.43623090280073,1344.8220150007992,13.982717317709007,-18.50655690682575,2.970518782672282e-19
1787278835.4195147,resting,fast,1787278739.9715214,-247.07979601281886,-187.59867792356624,1344.5905258956964,14.069900844266517,-18.530984700961184,2.967521262049033e-19
1787278835.4308598,resting,fast,1787278739.9715214,-248.015735218602,-188.64388361515728,1346.9536862738578,14.148291271135594,-18.601180141395155,2.966724800540026e-19
1787278835.4419162,resting,fast,1787278739.9715214,-247.07831701971872,-188.56170053657968,1345.5314182857373,14.142127540242274,-18.530873776478913,2.9659088942161115e-19
1787278835.4525065,resting,fast,1787278739.9715214,-246.94356338885473,-188.0303342579415,1346.0769387352184,14.102275069344575,-18.52076725416382,2.96930424023425e-19
1787278835.4639852,resting,fast,1787278739.9715214,-246.77674771958345,-189.28707556627785,1345.569387657616,14.196530667469606,-18.508256078968387,2.9722630533504295e-19
1787278835.4750435,resting,fast,1787278739.9715214,-246.97037147583114,-189.2471376408388,1345.6835646632107,14.193535323061898,-18.5227778606872,2.972011015346963e-19
1787278835.4857607,resting,fast,1787278739.9715214,-247.00804346918767,-188.13347130940463,1345.3432157300858,14.110010348204202,-18.52560326018873,2.969831202279456e-19
1787278835.4974186,resting,fast,1787278739.9715214,-247.7501513508073,-186.8289002118812,1349.9748888946096,14.012167515889889,-18.581261351310367,2.9718632947930104e-19
1787278835.5085464,resting,fast,1787278739.9715214,-248.54564091366547,-187.3789850903853,1353.5926090747698,14.053423881777764,-18.6409230685248,2.975878849586186e-19
1787278835.5193806,resting,fast,1787278739.9715214,-248.06894766133928,-186.56158049787552,1353.4333260858339,13.992118537339568,-18.605171074600264,2.975277658022907e-19
1787278835.5305665,resting,fast,1787278739.9715214,-247.00417888264974,-184.89963495836525,1349.1758377710948,13.86747262187632,-18.5253134161987,2.9701881258095627e-19
1787278835.5417476,resting,fast,1787278739.9715214,-246.26080870598753,-183.43192795281595,1346.5547018749212,13.75739459645995,-18.469560652948743,2.9669345862717045e-19
1787278835.5529478,resting,fast,1787278739.9715214,-246.29117426901803,-184.66262716892322,1347.188441796051,13.849697037668168,-18.471838070176254,2.967672148687951e-19
1787278835.563742,resting,fast,1787278739.9715214,-244.58190122176666,-184.8822686508555,1346.1438530235037,13.866170148812987,-18.343642591632147,2.969121417736952e-19
1787278835.5749197,resting,fast,1787278739.9715214,-244.24709767037757,-185.57540900638048,1342.7538934881313,13.918155675477554,-18.31853232527827,2.967605795048339e-19
1787278835.5858257,resting,fast,1787278739.9715214,-243.22391178686803,-186.14119372347784,1341.276619619056,13.960589529259781,-18.241793384015146,2.9685611841849955e-19
1787278835.5971,resting,fast,1787278739.9715214,-246.03189239161338,-188.61661664895257,1342.1579006584625,14.146246248670241,-18.452391929370762,2.970814599392184e-19
1787278835.6082866,resting,fast,1787278739.9715214,-246.91214275274933,-188.04602393427797,1343.473815798864,14.103451795069748,-18.518410706456038,2.9702811511440515e-19
1787278835.619236,resting,fast,1787278739.9715214,-248.0681920883594,-188.4935982006067,1344.6552253784075,14.137019865044184,-18.605114406626896,2.970305424803812e-19
1787278835.6300142,resting,fast,1787278739.9715214,-248.11904509759506,-187.82731732198647,1348.2844943919508,14.087048799147755,-18.608928382319462,2.9698623760684227e-19
1787278835.641247,resting,fast,1787278739.9715214,-248.7253653572202,-188.60410268455564,1349.846168062767,14.145307701340474,-18.654402401791174,2.97169722053308e-19
1787278835.6524944,resting,fast,1787278739.9715214,-249.1501982691275,-186.47270120777932,1352.702498600468,13.985452590582288,-18.686264870184303,2.972582750121777e-19
1787278835.6638367,resting,fast,1787278739.9715214,-247.45189034542227,-186.0016374505343,1344.7044814988994,13.950122808788894,-18.55889177590653,2.9672441190308183e-19
1787278835.6748211,resting,fast,1787278739.9715214,-245.84822177646902,-186.26704094810714,1346.337421510144,13.970028071106999,-18.43861663323498,2.971797086008768e-19
1787278835.6855862,resting,fast,1787278739.9715214,-246.09378074602364,-188.45805719676434,1346.156763338845,14.13435428975622,-18.457033555951597,2.9735276050431255e-19
1787278835.6969812,resting,fast,1787278739.9715214,-246.2494958684997,-188.6550699157234,1350.0723252622438,14.149130243678105,-18.468712190137452,2.977489529860973e-19
1787278835.7081876,resting,fast,1787278739.9715214,-247.87658679431888,-189.01166273622596,1352.9262377657005,14.175874705215907,-18.59074400957371,2.9772298773680796e-19
1787278835.7190146,resting,fast,1787278739.9715214,-247.8622356977853,-187.7870158661891,1353.4795928786853,14.084026189962973,-18.589667677333786,2.9737026500252177e-19
1787278835.7304528,resting,fast,1787278739.9715214,-247.61201209301953,-187.9960508784933,1353.1588948852996,14.099703815885793,-18.570900906976192,2.973494169377652e-19
1787278835.7416039,resting,fast,1787278739.9715214,-246.71119219262846,-187.6593928759586,1347.2890292164093,14.074454465695798,-18.503339414446877,2.9707685457633114e-19
1787278835.752497,resting,fast,1787278739.9715214,-245.6909350467472,-188.37990150653798,1343.4588731296872,14.128492612989294,-18.42682012850598,2.9680812034162817e-19
1787278835.7636034,resting,fast,1787278739.9715214,-246.43358006449262,-187.50204744198606,1343.7624461089335,14.062653558147648,-18.482518504836904,2.9697436332168817e-19
1787278835.7746181,resting,fast,1787278739.9715214,-245.70135455175705,-186.81553643349264,1344.197213138329,14.01116523251105,-18.42760159138178,2.9674318534623903e-19
1787278835.7856088,resting,fast,1787278739.9715214,-245.10225855528597,-185.52851030122463,1342.1672985207797,13.914638272590711,-18.382669391646104,2.9691265917697457e-19
1787278835.7969537,resting,fast,1787278739.9715214,-244.62663324973664,-184.70345032501348,1343.3976156559356,13.852758774374923,-18.34699749373,2.969327279302585e-19
1787278835.808002,resting,fast,1787278739.9715214,-245.14588254469572,-184.67343614741333,1343.001399354037,13.850507711054934,-18.385941190852066,2.971163999424441e-19
1787278835.8188555,resting,fast,1787278739.9715214,-247.23538109253286,-186.26395220159304,1346.9478720543493,13.969796415118598,-18.54265358193983,2.973187573887746e-19
1787278835.8301651,resting,fast,1787278739.9715214,-247.68525542455563,-187.91424076248802,1346.911662106898,14.093568057185625,-18.57639415684136,2.9715746316253303e-19
1787278835.8415883,resting,fast,1787278739.9715214,-248.05926711054917,-188.74706747814264,1347.2302912588375,14.156030060859653,-18.604445033291128,2.972975170241033e-19
1787278835.8521256,resting,fast,1787278739.9715214,-248.4444376238821,-187.57249170068383,1349.6533400606686,14.0679368775501,-18.6333328217912,2.9759283483541305e-19
1787278835.863337,resting,fast,1787278739.9715214,-248.98617673467515,-188.50142952238355,1350.6867439887747,14.137607214177553,-18.673963255100475,2.977312749893327e-19
1787278835.8747098,resting,fast,1787278739.9715214,-250.32010594079975,-189.32392305969427,1357.3509608863687,14.199294229475743,-18.774007945559944,2.9826634412354027e-19
1787278835.8854403,resting,fast,1787278739.9715214,-248.9520688846892,-190.92855936629473,1355.08451392577,14.319641952470949,-18.671405166351448,2.9794898679933405e-19
1787278835.8969295,resting,fast,1787278739.9715214,-248.42919415641745,-189.6314619829608,1354.7475928231042,14.22235964872117,-18.63218956173109,2.9786245751410173e-19
1787278835.908059,resting,fast,1787278739.9715214,-247.39620201403022,-187.82093200397924,1349.379172578666,14.086569900297281,-18.554715151052058,2.9716839584533075e-19
1787278835.9186952,resting,fast,1787278739.9715214,-248.26036192130368,-186.58873917469475,1349.1867759420957,13.994155438100936,-18.619527144097468,2.96825225682542e-19
1787278835.92977,resting,fast,1787278739.9715214,-248.71890512919208,-186.27071530146156,1350.341074732526,13.970303647608393,-18.653917884689363,2.9667598836327503e-19
1787278835.9412239,resting,fast,1787278739.9715214,-249.5234652779377,-186.80583026655643,1352.0242646682536,14.010437269990536,-18.714259895845295,2.966077188193944e-19
1787278835.952227,resting,fast,1787278739.9715214,-250.58724904004384,-186.7235959529811,1355.2408920770022,14.004269696472424,-18.79404367800319,2.9761190757909164e-19
1787278835.9636223,resting,fast,1787278739.9715214,-249.80267018501263,-186.844664054585,1353.1830140770826,14.0133498040929,-18.735200263875612,2.9756311557690776e-19
1787278835.9746838,resting,fast,1787278739.9715214,-250.23709217704754,-187.128628578046,1352.9773189479265,14.034647143352277,-18.76778191327849,2.9789849970816666e-19
1787278835.9856038,resting,fast,1787278739.9715214,-249.4630167388391,-186.89488815595962,1350.24309342998,14.017116611695844,-18.709726255412583,2.971222130276458e-19
1787278835.9967785,resting,fast,1787278739.9715214,-249.96514334305675,-187.6017691897315,1351.260255975335,14.070132689228945,-18.74738575072915,2.975830015765883e-19
1787278836.00815,resting,fast,1787278739.9715214,-247.95427725189575,-186.76359138192208,1347.3365546940686,14.007269353643071,-18.596570793892013,2.973177686349597e-19
1787278836.018668,resting,fast,1787278739.9715214,-247.86062080543206,-186.38131631486306,1350.1077142024378,13.978598723613548,-18.589546560407463,2.973989605254405e-19
1787278836.0301433,resting,fast,1787278739.9715214,-248.19088772926852,-184.87165236043563,1349.183662422115,13.865373927031388,-18.61431657969476,2.9680272142604923e-19
1787278836.0413537,resting,fast,1787278739.9715214,-248.25094444610522,-185.17306283658593,1351.1486911542352,13.887979712742851,-18.618820833457654,2.9658599349428985e-19
1787278836.0519557,resting,fast,1787278739.9715214,-247.71645753576786,-185.47050400988053,1351.4281273585411,13.910287800739955,-18.5787343151826,2.968731441058309e-19
1787278836.063383,resting,fast,1787278739.9715214,-247.00486886529552,-186.02014285368148,1349.7713052962,13.95151071402518,-18.525365164896826,2.972457060654506e-19
1787278836.0746164,resting,fast,1787278739.9715214,-246.19977762414283,-186.582051262846,1347.2035602806618,13.993653844712373,-18.464983321810514,2.9738266916977295e-19
1787278836.0852933,resting,fast,1787278739.9715214,-246.54064666602835,-187.89168455118568,1343.9164726733497,14.09187634133777,-18.490548499951977,2.971103429763559e-19
1787278836.096624,resting,fast,1787278739.9715214,-246.67390529869272,-187.7489690332378,1346.1892010592082,14.081172677491711,-18.500542897401836,2.9702851875389054e-19
1787278836.107884,resting,fast,1787278739.9715214,-247.5531668579647,-186.6865916481521,1350.0049245506643,14.001494373610317,-18.566487514347145,2.9697638533239384e-19
1787278836.118581,resting,fast,1787278739.9715214,-246.74928305631465,-186.04219483658073,1347.8234256477017,13.953164612742643,-18.506196229223526,2.967044285890457e-19
1787278836.1299553,resting,fast,1787278739.9715214,-245.82073339179215,-185.35334900531427,1345.153074374698,13.901501175397602,-18.436555004384118,2.9647846994866797e-19
1787278836.1411273,resting,fast,1787278739.9715214,-245.76157128144723,-186.76056106915155,1342.0965844517368,14.00704208018519,-18.432117846108248,2.965389648936607e-19
1787278836.1519883,resting,fast,1787278739.9715214,-245.8273604655492,-188.00267827686037,1344.6277203502877,14.100200870763263,-18.43705203491581,2.9690398389248887e-19
1787278836.1631966,resting,fast,1787278739.9715214,-246.5828839762694,-189.77735219126896,1345.3396697223297,14.233301414344101,-18.493716298220022,2.9696219630948736e-19
1787278836.1746337,resting,fast,1787278739.9715214,-246.71087945416502,-188.89371514387278,1348.0065104084724,14.167028635789368,-18.50331595906212,2.9694427217479463e-19
1787278836.1852775,resting,fast,1787278739.9715214,-246.2614262819484,-188.3269185348289,1345.9890899015618,14.124518890110938,-18.46960697114573,2.9625947831536373e-19
1787278836.1965406,resting,fast,1787278739.9715214,-246.17228868595294,-188.64378078943366,1344.675279180302,14.148283559206451,-18.462921651446358,2.9622661604358404e-19
1787278836.207767,resting,fast,1787278739.9715214,-246.67822877047956,-189.25996129082148,1346.052482316155,14.19449709681037,-18.50086715778574,2.966549310494421e-19
1787278836.2186654,resting,fast,1787278739.9715214,-246.8816138833222,-188.71038994141497,1349.1840335977531,14.153279245604995,-18.51612104124908,2.9717468203294334e-19
1787278836.229942,resting,fast,1787278739.9715214,-245.31939539780933,-185.88763845939718,1352.026207686963,13.941572884453453,-18.39895465483552,2.974403120102415e-19
1787278836.241135,resting,fast,1787278739.9715214,-244.94691421620746,-185.6761751668006,1349.257602701543,13.925713137508826,-18.37101856621537,2.9694638319977927e-19
1787278836.2518878,resting,fast,1787278739.9715214,-245.88209189025974,-187.5929953336473,1348.0554954914396,14.06947465002246,-18.441156891769275,2.9715995914069396e-19
1787278836.2631147,resting,fast,1787278739.9715214,-247.33652781602677,-190.41517956649466,1347.7710078025802,14.281138467486006,-18.550239586201634,2.9704102787295993e-19
1787278836.2743685,resting,fast,1787278739.9715214,-248.2134882583964,-191.27409209831205,1348.7491047835729,14.345556907372373,-18.6160116193796,2.972471055234947e-19
1787278836.2850432,resting,fast,1787278739.9715214,-248.07319397381843,-189.51317591542454,1352.9619008014279,14.213488193655753,-18.605489548036232,2.9748535714163295e-19
1787278836.2964675,resting,fast,1787278739.9715214,-247.9531377061062,-188.52864424905295,1353.520930662803,14.139648318677775,-18.596485327957687,2.9762814730807197e-19
1787278836.307625,resting,fast,1787278739.9715214,-247.19683617642613,-188.00257069567954,1353.5785873361247,14.100192802174934,-18.53976271323181,2.9743999475240017e-19
1787278836.3184202,resting,fast,1787278739.9715214,-247.38833450713219,-188.25496112848043,1351.506330534171,14.11912208463487,-18.554125088034667,2.969975470869155e-19
1787278836.3298926,resting,fast,1787278739.9715214,-248.0640654190961,-187.7270827279873,1352.0371332104014,14.079531204597973,-18.60480490643195,2.971132890708345e-19
1787278836.3408957,resting,fast,1787278739.9715214,-248.1444099129635,-187.26884859110112,1351.0471540477656,14.045163644331598,-18.610830743472164,2.973467806383719e-19
1787278836.3515592,resting,fast,1787278739.9715214,-248.0434858393205,-187.59704959362364,1351.7193104951448,14.069778719520631,-18.603261437948888,2.97515778131894e-19
1787278836.3631475,resting,fast,1787278739.9715214,-246.74336726535284,-188.06256150966522,1346.8325577895348,14.104692113223923,-18.505752544901156,2.9707960414136873e-19
1787278836.3742695,resting,fast,1787278739.9715214,-247.39619737943895,-188.5322593927184,1349.3498860815735,14.13991945445267,-18.554714803457692,2.96901998138465e-19
1787278836.384998,resting,fast,1787278739.9715214,-246.81511343726243,-186.96389742554845,1351.0720696493854,14.022292306914782,-18.511133507794497,2.9696591920925324e-19
1787278836.3964477,resting,fast,1787278739.9715214,-247.2792670197391,-186.5234054909737,1354.4486752498642,13.989255411821905,-18.54594502648036,2.971215213951818e-19
1787278836.4078546,resting,fast,1787278739.9715214,-245.8739612862014,-185.6888223632851,1354.213114162313,13.926661677245182,-18.44054709646494,2.9715380000357675e-19
1787278836.4184573,resting,fast,1787278739.9715214,-246.07180129244307,-186.21662118868687,1351.3820978261365,13.966246589150305,-18.455385096933192,2.969671350677964e-19
1787278836.4296956,resting,fast,1787278739.9715214,-245.9771489736845,-186.98399630922938,1347.8986053410854,14.023799723190994,-18.448286173026332,2.9661343859992874e-19
1787278836.4407794,resting,fast,1787278739.9715214,-247.8893838125282,-187.91950943745758,1347.5302589991925,14.093963207808233,-18.591703785939345,2.966606620717514e-19
1787278836.4516213,resting,fast,1787278739.9715214,-247.2786678089301,-188.55958040791336,1343.5990429282801,14.141968530592383,-18.545900085669537,2.9663756531128406e-19
1787278836.4629476,resting,fast,1787278739.9715214,-248.55401739105264,-188.5047069243666,1350.3388655991776,14.13785301932639,-18.64155130432882,2.9708272712873035e-19
1787278836.47411,resting,fast,1787278739.9715214,-247.82010147925894,-188.53444461112178,1350.4644224455742,14.140083345833151,-18.586507610944324,2.9723377698434826e-19
1787278836.4846675,resting,fast,1787278739.9715214,-249.2174217755669,-188.62857746125394,1355.878899647042,14.147143309592995,-18.691306633167486,2.974063641457075e-19
1787278836.495797,resting,fast,1787278739.9715214,-247.8350314312861,-187.58354527289237,1352.762382633563,14.068765895465749,-18.58762735734628,2.970385800537232e-19
1787278836.5072513,resting,fast,1787278739.9715214,-248.43367571469435,-188.05307499414027,1353.5337604018014,14.103980624559643,-18.632525678601937,2.970196515969636e-19
1787278836.5182226,resting,fast,1787278739.9715214,-248.49457665386535,-189.94712372838,1352.1446931481432,14.246034279627512,-18.63709324903983,2.969503768074269e-19
1787278836.529528,resting,fast,1787278739.9715214,-248.34428841014642,-190.73552059554243,1345.7242997787207,14.30516404466444,-18.62582163076069,2.966742000536165e-19
1787278836.5404341,resting,fast,1787278739.9715214,-248.04431888149838,-190.29044565641436,1344.433997948293,14.271783424229842,-18.603323916112316,2.9686022424564365e-19
1787278836.5513966,resting,fast,1787278739.9715214,-247.91915355889296,-187.5911298077266,1348.9996107472534,14.069334735578312,-18.59393651691674,2.9727585392601404e-19
1787278836.562832,resting,fast,1787278739.9715214,-248.91534425982945,-187.5210461287951,1355.6172365201483,14.064078459658635,-18.668650819486956,2.9783826470620757e-19
1787278836.5740576,resting,fast,1787278739.9715214,-248.3609601191688,-187.3899686815115,1356.7638350365678,14.054247651112266,-18.62707200893758,2.977448192256915e-19
1787278836.5846465,resting,fast,1787278739.9715214,-247.71379121345535,-187.74912539274612,1351.4013620937303,14.081184404454948,-18.578534341009004,2.973008967812274e-19
1787278836.5961103,resting,fast,1787278739.9715214,-247.74194393720109,-188.62258151826302,1354.3744332421275,14.14669361386844,-18.580645795289882,2.972031603813105e-19
1787278836.607514,resting,fast,1787278739.9715214,-248.01743389984813,-189.3658140517549,1353.6938582282537,14.202436053880664,-18.60130754248859,2.9720465777660237e-19
1787278836.6180496,resting,fast,1787278739.9715214,-248.1408800812601,-189.6209103123648,1351.5601730130957,14.221568273426204,-18.610566006094608,2.9673657840016186e-19
1787278836.6294518,resting,fast,1787278739.9715214,-247.20059464151518,-188.70167850206974,1347.3095475698565,14.152625887654185,-18.540044598113454,2.966017172765489e-19
1787278836.640673,resting,fast,1787278739.9715214,-247.17510765447742,-187.65651897119653,1346.2816340130676,14.07423892283838,-18.53813307408575,2.9656705629638265e-19
1787278836.6513798,resting,fast,1787278739.9715214,-246.90414674445265,-187.95120509482047,1347.7334530575,14.096340382110387,-18.517811005833885,2.9702539748643925e-19
1787278836.662732,resting,fast,1787278739.9715214,-247.95261308413,-187.50349840272372,1350.1785233044075,14.062762380203257,-18.59644598130965,2.972262840864647e-19
1787278836.6774855,resting,fast,1787278739.9715214,-248.17481466932577,-187.88959023998962,1350.495471846415,14.091719267998034,-18.613111100199156,2.968587905175559e-19
1787278836.6845272,resting,fast,1787278739.9715214,-247.34497976321427,-187.0700534628046,1348.4004700967716,14.030254009709243,-18.550873482240952,2.968996119776372e-19
1787278836.6960368,resting,fast,1787278739.9715214,-246.82128738715392,-187.17831744822354,1347.0918709544649,14.038373808615649,-18.511596554036245,2.9682772432178633e-19
1787278836.710239,resting,fast,1787278739.9715214,-246.6952438381436,-187.2372614010443,1348.8722694938742,14.04279460507718,-18.502143287860605,2.9704836273907268e-19
1787278836.7179117,resting,fast,1787278739.9715214,-246.8657268196862,-186.90494791857247,1351.5600453884044,14.017871093891916,-18.514929511476424,2.9700603468936e-19
1787278836.7293558,resting,fast,1787278739.9715214,-246.54257439757248,-187.31065220762468,1353.7809832519133,14.048298915570687,-18.490693079817937,2.974614479748019e-19
1787278836.7440188,resting,fast,1787278739.9715214,-246.36210169308333,-187.72875584703286,1354.242327228073,14.079656688526203,-18.477157626981217,2.9767295064062076e-19
1787278836.7510433,resting,fast,1787278739.9715214,-246.2534720205863,-188.52516093261477,1353.4150124920898,14.139387069945034,-18.469010401543933,2.974871892097664e-19
1787278836.7626448,resting,fast,1787278739.9715214,-246.74652012666184,-188.70510499857858,1346.534358145741,14.152882874892288,-18.505989009499302,2.9679390427498424e-19
1787278836.776755,resting,fast,1787278739.9715214,-246.2098082505504,-186.35728190595466,1345.0567948102935,13.97679614294552,-18.465735618790944,2.9661275388569093e-19
1787278836.784508,resting,fast,1787278739.9715214,-246.3930694061196,-185.70649119265124,1343.108684730655,13.927986839447701,-18.479480205458678,2.9657815835150595e-19
1787278836.7958903,resting,fast,1787278739.9715214,-247.45638545814154,-185.30802597247464,1351.004308395518,13.898101947934453,-18.559228909360336,2.9681054944091074e-19
1787278836.80938,resting,fast,1787278739.9715214,-247.99965458155975,-187.32092434730646,1350.748355875946,14.049069326047064,-18.599974093616765,2.9670761804981154e-19
1787278836.817641,resting,fast,1787278739.9715214,-248.26537692980992,-188.5767459597604,1350.092604616616,14.14325594698072,-18.619903269735588,2.96793031624302e-19
1787278836.8287866,resting,fast,1787278739.9715214,-247.9461825695057,-189.2077715964914,1349.638954241952,14.19058286973571,-18.595963692712736,2.9696834354931024e-19
1787278836.8413339,resting,fast,1787278739.9715214,-247.82307905795506,-190.2519074087876,1349.420373509326,14.268893055657859,-18.586730929346473,2.9732828086273657e-19
1787278836.851148,resting,fast,1787278739.9715214,-247.95532702032642,-190.65669917668163,1350.5652153072633,14.29925243825014,-18.596649526524274,2.9780387694444285e-19
1787278836.8624878,resting,fast,1787278739.9715214,-247.2327902396678,-190.450847892792,1348.0806372912784,14.28381359195824,-18.542459267974763,2.9788498203370807e-19
1787278836.874976,resting,fast,1787278739.9715214,-246.82413686728842,-188.8942203585192,1345.9314318593706,14.16706652688777,-18.51181026504654,2.975594060487791e-19
1787278836.8844774,resting,fast,1787278739.9715214,-246.35178633164696,-186.9062947878664,1341.7771779640289,14.017972109088806,-18.476383974873507,2.968687255286944e-19
1787278836.8958833,resting,fast,1787278739.9715214,-246.85385214650842,-187.18514210922683,1342.573183545116,14.038885658190953,-18.51403891098792,2.971452587655466e-19
1787278836.9076486,resting,fast,1787278739.9715214,-247.35331536626245,-185.98401104067955,1346.094478466618,13.948800828049958,-18.551498652469263,2.970624087000156e-19
1787278836.9177678,resting,fast,1787278739.9715214,-247.4321602208597,-186.94184589888926,1355.1431670224674,14.020638442415507,-18.557412016564548,2.981294859282131e-19
1787278836.9290805,resting,fast,1787278739.9715214,-246.97005725002919,-185.35824608467112,1353.1502831945445,13.901868456349039,-18.522754293752072,2.975570895484097e-19
1787278836.9417136,resting,fast,1787278739.9715214,-247.20056152094867,-186.92291657844623,1352.804877502097,14.019218743382186,-18.540042114071,2.9755206552559594e-19
1787278836.9508584,resting,fast,1787278739.9715214,-248.9397446182752,-186.59126014019046,1352.8372818599282,13.994344510513049,-18.670480846370545,2.975468245456683e-19
1787278836.9623601,resting,fast,1787278739.9715214,-249.1423018647779,-187.70771186658828,1347.860133829573,14.078078389992957,-18.685672639858076,2.972317637036448e-19
1787278836.9739814,resting,fast,1787278739.9715214,-249.62271168698362,-188.3226046822166,1348.4674571955084,14.124195351165131,-18.721703376523557,2.974572736833383e-19
1787278836.984218,resting,fast,1787278739.9715214,-247.65069853975683,-187.8355361057828,1343.6781547647433,14.087665207932492,-18.57380239048161,2.966458055750064e-19
1787278836.9953382,resting,fast,1787278739.9715214,-248.4296782884726,-187.198682397271,1348.4106009272737,14.039901179794075,-18.632225871635363,2.968726478928317e-19
1787278837.0068803,resting,fast,1787278739.9715214,-246.44698701147945,-185.8429840089874,1346.1244686307773,13.938223800672706,-18.48352402586081,2.963107634549586e-19
1787278837.017712,resting,fast,1787278739.9715214,-246.86434749754744,-186.177689920239,1342.9298900532276,13.963326744016502,-18.51482606231577,2.959756113869029e-19
1787278837.0290585,resting,fast,1787278739.9715214,-245.67956470382842,-185.9021297298358,1342.2202450008435,13.94265972973648,-18.425967352786913,2.958019187644608e-19
1787278837.0396776,resting,fast,1787278739.9715214,-246.95069761990044,-186.98573925662538,1345.3130280172782,14.02393044424591,-18.521302321492342,2.9677426473693965e-19
1787278837.050694,resting,fast,1787278739.9715214,-247.19409604778093,-187.18675102283385,1347.825499430187,14.03900632671169,-18.5395572035836,2.9755037947410206e-19
1787278837.0620184,resting,fast,1787278739.9715214,-246.3149111152129,-187.21089605857435,1345.368037208279,14.040817204391903,-18.4736183336409,2.9768249081319575e-19
1787278837.0734198,resting,fast,1787278739.9715214,-245.27102335194968,-187.4698276607918,1343.349965425351,14.060237074558376,-18.39532675139597,2.9686812243418166e-19
1787278837.0844421,resting,fast,1787278739.9715214,-244.14406253512016,-187.7644273696784,1340.7696571715815,14.08233205272467,-18.310804690133793,2.963065720651995e-19
1787278837.0956464,resting,fast,1787278739.9715214,-244.4961210576589,-187.16012460243576,1344.1756070079618,14.037009345181577,-18.337209079324232,2.9655735867920226e-19
1787278837.106688,resting,fast,1787278739.9715214,-243.80955420305736,-185.40475266175065,1341.4906298481592,13.905356449630364,-18.285716565229315,2.96846197061397e-19
1787278837.117847,resting,fast,1787278739.9715214,-243.56042198446767,-184.3143181215479,1342.0082544484367,13.823573859114862,-18.267031648835037,2.968845105373923e-19
1787278837.128916,resting,fast,1787278739.9715214,-243.97664246474824,-185.4005246978328,1339.5108061110886,13.90503935233625,-18.29824818485617,2.969150509207021e-19
1787278837.1398926,resting,fast,1787278739.9715214,-246.24938987113228,-185.77418963315006,1343.9445287855533,13.933064222485132,-18.468704240334695,2.971648446144789e-19
1787278837.150826,resting,fast,1787278739.9715214,-247.29468821787896,-188.38084410605904,1345.60961348396,14.12856330795319,-18.547101616340854,2.975587668250035e-19
1787278837.1622713,resting,fast,1787278739.9715214,-246.18482110697323,-187.99669361816393,1345.6635745827416,14.099752021361102,-18.46386158302301,2.9686633066084753e-19
1787278837.1729875,resting,fast,1787278739.9715214,-245.33160823243588,-188.19092705981836,1342.6892451208196,14.114319529485403,-18.399870617432505,2.963422603623712e-19
1787278837.184215,resting,fast,1787278739.9715214,-245.61510987244537,-186.69838667526744,1339.8621116728473,14.002379000643646,-18.42113324043317,2.9597225866001455e-19
1787278837.1955671,resting,fast,1787278739.9715214,-246.74472952947463,-186.91027237498122,1339.3062586489823,14.018270428122424,-18.505854714710253,2.9647135109768486e-19
1787278837.2064207,resting,fast,1787278739.9715214,-247.53277388001834,-187.80406265549334,1343.056919145306,14.08530469916072,-18.564958041001184,2.968983745057187e-19
1787278837.2176626,resting,fast,1787278739.9715214,-247.75802965274897,-188.4880061299126,1348.0574185226951,14.136600459742471,-18.58185222395592,2.972358656421857e-19
1787278837.2287688,resting,fast,1787278739.9715214,-248.10495266878615,-189.0298873032017,1349.481741057286,14.177241547738948,-18.60787145015874,2.9733671885380963e-19
1787278837.2395592,resting,fast,1787278739.9715214,-247.42180674371002,-188.6405881843367,1343.6824912095572,14.148044113824003,-18.556635505778054,2.9690528811882732e-19
1787278837.2508128,resting,fast,1787278739.9715214,-246.5390285127446,-188.321970538521,1339.5934277802453,14.124147790387841,-18.49042713845583,2.9640671358740627e-19
1787278837.2621107,resting,fast,1787278739.9715214,-246.8927655719358,-189.11941043530544,1342.475584920504,14.183955782646766,-18.516957417895057,2.9654501140414756e-19
1787278837.2732065,resting,fast,1787278739.9715214,-247.2745696114821,-188.9908381117699,1348.5087262308107,14.174312858381672,-18.545592720860988,2.9713975954083488e-19
1787278837.2841067,resting,fast,1787278739.9715214,-247.2865216608593,-187.53769971670852,1350.6462474022783,14.065327478751914,-18.546489124564445,2.971710300695671e-19
1787278837.2953444,resting,fast,1787278739.9715214,-246.8546049853053,-186.65122347124327,1351.186099683845,13.99884176034205,-18.514095373897796,2.973039466024128e-19
1787278837.3061962,resting,fast,1787278739.9715214,-246.95038658913336,-186.9393101516854,1350.0944102636395,14.02044826137541,-18.52127899418484,2.9737939342025045e-19
1787278837.3174973,resting,fast,1787278739.9715214,-246.5448704198575,-187.38213313940662,1349.9691344322155,14.05365998545442,-18.49086528148903,2.9776759746928257e-19
1787278837.3287168,resting,fast,1787278739.9715214,-247.4676608715613,-187.7857876421832,1352.1605217204824,14.083934073162713,-18.560074565367046,2.9810605994327273e-19
1787278837.339671,resting,fast,1787278739.9715214,-247.5511578462315,-188.32902877588674,1347.787143986182,14.124677158190241,-18.56633683846711,2.9741264972932495e-19
1787278837.350853,resting,fast,1787278739.9715214,-248.5282919500546,-189.32742037581636,1347.501093170119,14.199556528185017,-18.639621896253892,2.972100845832817e-19
1787278837.3619678,resting,fast,1787278739.9715214,-247.63611944945796,-188.92247869849223,1341.6249745530213,14.169185902385468,-18.572708958709264,2.9644749544277688e-19
1787278837.3727367,resting,fast,1787278739.9715214,-247.63364268273517,-188.0611797983605,1344.4681267285368,14.104588484875851,-18.57252320120469,2.9686576814214e-19
1787278837.3840804,resting,fast,1787278739.9715214,-246.95906732859885,-186.38750337119347,1343.8682664612834,13.979062752838349,-18.52193004964475,2.9687256241914363e-19
1787278837.3952572,resting,fast,1787278739.9715214,-246.85050485204147,-186.6869220903949,1342.8697768342236,14.001519156778475,-18.51378786390289,2.9684240168445787e-19
1787278837.4061275,resting,fast,1787278739.9715214,-246.86800902452933,-188.39520973197693,1344.1893409451832,14.129640729897037,-18.515100676839644,2.9708469693699895e-19
1787278837.417438,resting,fast,1787278739.9715214,-247.42176197342133,-188.9595916994664,1345.42083165042,14.171969377458812,-18.556632148006408,2.9715910826022866e-19
1787278837.4286168,resting,fast,1787278739.9715214,-247.38696372340883,-188.68835166866313,1346.4716230832355,14.151626375148613,-18.554022279255385,2.9713869919121736e-19
1787278837.4395936,resting,fast,1787278739.9715214,-246.7432782300525,-187.02997689021834,1343.3666752577674,14.02724826676543,-18.505745867253808,2.966774694936602e-19
1787278837.4507024,resting,fast,1787278739.9715214,-246.59797050756652,-187.4447608140389,1343.0062587171078,14.058357061051883,-18.494847788067204,2.962334272935061e-19
1787278837.4617712,resting,fast,1787278739.9715214,-247.13958439318367,-188.18210695502069,1343.6132909668604,14.113658021625259,-18.53546882948872,2.9666928218231683e-19
1787278837.472593,resting,fast,1787278739.9715214,-247.51292917668297,-188.43158016892528,1347.1822854728862,14.132368512668354,-18.56346968825097,2.970990693954123e-19
1787278837.483947,resting,fast,1787278739.9715214,-247.89151315955178,-188.75538216613552,1346.2827594291712,14.156653662458996,-18.59186348696648,2.971707879645509e-19
1787278837.49507,resting,fast,1787278739.9715214,-246.97345090960744,-187.81235399811987,1346.482626981745,14.085926549858005,-18.523008818220468,2.970328523776767e-19
1787278837.5060399,resting,fast,1787278739.9715214,-247.17915342298284,-187.67063989017117,1341.788806110705,14.07529799176196,-18.53843650672347,2.9644406437301616e-19
1787278837.5173059,resting,fast,1787278739.9715214,-247.2298819972143,-187.84256501344464,1347.2590291551796,14.088192376007388,-18.54224114979113,2.970022841595362e-19
1787278837.5284622,resting,fast,1787278739.9715214,-248.01808044335712,-189.9718436169236,1350.774723290314,14.247888271268199,-18.60135603325169,2.973696777570955e-19
1787278837.5391843,resting,fast,1787278739.9715214,-247.0768431189822,-189.19333394580588,1351.552473438539,14.18950004593437,-18.530763233923444,2.9759629229903197e-19
1787278837.5506065,resting,fast,1787278739.9715214,-247.91253071209803,-189.1881835138862,1353.5812658312761,14.189113763540337,-18.593439803407293,2.97425938203813e-19
1787278837.5616963,resting,fast,1787278739.9715214,-246.8639819341547,-187.86911846959435,1347.6705421221732,14.09018388521837,-18.514798645061326,2.9685888539836115e-19
1787278837.5724587,resting,fast,1787278739.9715214,-248.4240767571232,-189.58785557849262,1350.6356839358405,14.219089168385597,-18.631805756784395,2.97048825256818e-19
1787278837.5837746,resting,fast,1787278739.9715214,-247.35163593681455,-189.5873907480269,1347.0738145586447,14.219054306100933,-18.551372695260852,2.9697385756165026e-19
1787278837.5949337,resting,fast,1787278739.9715214,-247.95396717901122,-188.76274189490266,1353.2464713348027,14.157205642116526,-18.596547538425718,2.970049508300285e-19
1787278837.6058261,resting,fast,1787278739.9715214,-246.78957215725995,-187.2821353002281,1353.716613622556,14.046160147515952,-18.509217911794536,2.971147504587271e-19
1787278837.617144,resting,fast,1787278739.9715214,-247.1766178709936,-188.27453340927866,1356.4408802457974,14.120590005694655,-18.538246340324406,2.97579629023622e-19
1787278837.6283832,resting,fast,1787278739.9715214,-247.04808640571946,-189.58299785500674,1351.968351531229,14.218724839124409,-18.528606480428778,2.976771556733754e-19
1787278837.6393123,resting,fast,1787278739.9715214,-247.0126742944426,-188.7593015862684,1349.513272810037,14.156947618969145,-18.525950572083055,2.973448480711516e-19
1787278837.6504722,resting,fast,1787278739.9715214,-245.52198861866646,-186.9590737912955,1345.3751923133977,14.02193053434586,-18.414149146399737,2.968334249453975e-19
1787278837.661708,resting,fast,1787278739.9715214,-246.17163855478748,-185.8573504841405,1346.575579614976,13.939301286309462,-18.46287289160854,2.969738460497326e-19
1787278837.672354,resting,fast,1787278739.9715214,-245.8829996849713,-185.84016088450983,1345.973915634765,13.93801206633717,-18.441224976372546,2.966703271795866e-19
1787278837.6837847,resting,fast,1787278739.9715214,-246.3807644344747,-186.40518055211248,1344.456922530081,13.980388541407368,-18.478557332585154,2.9692431668788604e-19
1787278837.694884,resting,fast,1787278739.9715214,-245.88626279597747,-186.63191823460772,1344.2106860502618,13.997393867594472,-18.441469709698318,2.9684850216538567e-19
1787278837.705822,resting,fast,1787278739.9715214,-246.2159750889664,-186.7207746544358,1347.2985348447828,14.004058099081522,-18.466198131672172,2.973383439396223e-19
1787278837.7171085,resting,fast,1787278739.9715214,-247.12156843049388,-187.07732044394845,1350.5738717460472,14.030799033295157,-18.534117632286723,2.976044895997275e-19
1787278837.7282352,resting,fast,1787278739.9715214,-247.62448521336728,-186.71386793343447,1350.7624895334638,14.003540095006546,-18.571836391002563,2.974126592822252e-19
1787278837.7388895,resting,fast,1787278739.9715214,-247.62993304151632,-186.86507706282157,1350.3317441386562,14.01488077971047,-18.572244978113538,2.971527323658877e-19
1787278837.7504134,resting,fast,1787278739.9715214,-248.51281212263848,-187.6722822639466,1351.2325845467776,14.075421169794698,-18.638460909197846,2.969159909579993e-19
1787278837.7614095,resting,fast,1787278739.9715214,-247.3596158827836,-187.59775372854676,1349.5268526074497,14.069831529639803,-18.551971191208743,2.966834679938133e-19
1787278837.7722785,resting,fast,1787278739.9715214,-247.87088925557646,-188.33611577755812,1351.1530082690215,14.125208683315481,-18.59031669416791,2.970206029256342e-19
1787278837.783734,resting,fast,1787278739.9715214,-245.77315649022557,-185.783388965163,1349.3080850757642,13.933754172386134,-18.43298673676668,2.9699989096816665e-19
1787278837.7948687,resting,fast,1787278739.9715214,-246.4804127603379,-185.62603128713283,1349.5381976641993,13.921952346533676,-18.486030957025356,2.970437214515919e-19
1787278837.8056097,resting,fast,1787278739.9715214,-246.4140986366051,-184.9502212062324,1349.656998412821,13.871266590466366,-18.48105739774512,2.971963803447311e-19
1787278837.8170745,resting,fast,1787278739.9715214,-248.07578185120428,-187.31345914636415,1348.7590086417122,14.048509435976246,-18.60568363884009,2.9699199603971555e-19
1787278837.8280058,resting,fast,1787278739.9715214,-248.21313609945673,-189.0176584154816,1348.643012161171,14.176324381160061,-18.615985207459126,2.975084752340634e-19
1787278837.83894,resting,fast,1787278739.9715214,-247.99943994710202,-189.5312646801916,1345.5437519382258,14.214844851013243,-18.5999579960324,2.970161714732408e-19
1787278837.8502774,resting,fast,1787278739.9715214,-248.06715650073374,-189.7196808435025,1349.4174007995944,14.22897606326146,-18.605036737555054,2.975085742895167e-19
1787278837.8614092,resting,fast,1787278739.9715214,-247.63332388505978,-188.82493519798038,1349.7090435991568,14.161870139847299,-18.57249929137945,2.9718613542796683e-19
1787278837.8720062,resting,fast,1787278739.9715214,-247.92830714649745,-190.04047988746458,1350.1608751738868,14.253035991558722,-18.59462303598734,2.9727624034475254e-19
1787278837.8836803,resting,fast,1787278739.9715214,-245.89506564926205,-188.88781493256226,1341.7705431925524,14.16658611994102,-18.442129923694623,2.966141591779579e-19
1787278837.8948026,resting,fast,1787278739.9715214,-245.3142479248486,-187.96876521770207,1339.1912477535998,14.097657391326567,-18.398568594363574,2.965355415040687e-19
1787278837.9054089,resting,fast,1787278739.9715214,-245.84414847886137,-186.83252286923232,1343.1424673763768,14.01243921519124,-18.438311135914496,2.9688478324907648e-19
1787278837.9168673,resting,fast,1787278739.9715214,-247.71641505522211,-187.16585537656476,1348.6787735137686,14.037439153241127,-18.57873112914141,2.9730262918293535e-19
1787278837.9279838,resting,fast,1787278739.9715214,-248.00841563504082,-186.63848785500898,1351.9609241183925,13.997886589124509,-18.600631172627857,2.973398027219241e-19
1787278837.9387326,resting,fast,1787278739.9715214,-247.78643719818274,-186.85499185190076,1352.3237601366154,14.014124388891265,-18.58398278986337,2.9767254234767204e-19
1787278837.9501634,resting,fast,1787278739.9715214,-246.59377102627013,-187.02926561726974,1349.210281022647,14.027194921293916,-18.494532826970172,2.9731148558178616e-19
1787278837.9613273,resting,fast,1787278739.9715214,-247.7221169001864,-188.73211052035265,1349.649000036191,14.154908289025489,-18.579158767513754,2.978380372794781e-19
1787278837.9721987,resting,fast,1787278739.9715214,-247.1814146866941,-188.540213283267,1346.604212813968,14.140515996243824,-18.538606101501877,2.974663226298624e-19
1787278837.9829454,resting,fast,1787278739.9715214,-248.50781497252183,-188.73071826151852,1351.602135842396,14.154803869612724,-18.638086122938915,2.9798450101277273e-19
1787278837.9940925,resting,fast,1787278739.9715214,-246.89674747951858,-186.7813427557054,1347.8686180040322,14.008600706676706,-18.517256060963582,2.975709464979579e-19
1787278838.0054562,resting,fast,1787278739.9715214,-246.76824030015496,-187.93132868118653,1344.8972092336508,14.094849651087817,-18.50761802251155,2.9751513963494933e-19
1787278838.0167186,resting,fast,1787278739.9715214,-244.64448098915045,-187.61437993667562,1341.4405450223321,14.071078495249669,-18.348336074186,2.9706481711040885e-19
1787278838.0278754,resting,fast,1787278739.9715214,-245.5687023457208,-189.0340389596737,1348.5312352450737,14.177552921974314,-18.417652675928792,2.97571276918174e-19
1787278838.0386105,resting,fast,1787278739.9715214,-246.46123480551205,-188.25854313818297,1355.4497473131787,14.119390735362632,-18.484592610413202,2.9768524697623514e-19
1787278838.0500472,resting,fast,1787278739.9715214,-248.3656784417285,-187.7757403194372,1357.1669810403482,14.08318052395666,-18.627425883129305,2.977872248880197e-19
1787278838.0611901,resting,fast,1787278739.9715214,-248.78828967584514,-187.8969891765447,1354.8075672352015,14.092274188239589,-18.65912172568828,2.972817065656134e-19
1787278838.0719826,resting,fast,1787278739.9715214,-248.51700975624362,-188.9424417387678,1353.5214358599706,14.170683130406363,-18.63877573171827,2.9733877142180533e-19
1787278838.0834281,resting,fast,1787278739.9715214,-246.31925058707702,-188.78724343801662,1347.863602004175,14.159043257850232,-18.473943794030717,2.97341875169761e-19
1787278838.0945106,resting,fast,1787278739.9715214,-246.38551766315732,-187.9683364621534,1349.4898114924663,14.097625234660686,-18.478913824736523,2.9765338442744884e-19
1787278838.1051118,resting,fast,1787278739.9715214,-246.1095715259985,-188.26700643481843,1344.603325812387,14.12002548261032,-18.45821786444977,2.9720595462548244e-19
1787278838.116386,resting,fast,1787278739.9715214,-248.94740209851034,-188.9828805918802,1354.087167166349,14.17371604438998,-18.67105515738811,2.9743715255635917e-19
1787278838.1278646,resting,fast,1787278739.9715214,-248.82841151878847,-189.69630401340908,1355.7906340581148,14.227222801004434,-18.662130863908892,2.977820052820108e-19
1787278838.1385539,resting,fast,1787278739.9715214,-249.12608415880413,-188.53626143131225,1360.3339597994282,14.14021960734738,-18.684456311910147,2.98392954170246e-19
1787278838.1500676,resting,fast,1787278739.9715214,-245.97388725999417,-187.2209706216512,1348.0724134225393,14.041572796622663,-18.44804154449931,2.976321584536527e-19
1787278838.1639504,resting,fast,1787278739.9715214,-245.3051624369523,-187.3936228303338,1343.0341671733504,14.054521712273957,-18.397887182771278,2.9710962668572186e-19
1787278838.171809,resting,fast,1787278739.9715214,-244.94062184239328,-188.6788980825387,1343.4862607857185,14.150917356189087,-18.370546638179476,2.973035491688944e-19
1787278838.183267,resting,fast,1787278739.9715214,-247.05536139199785,-190.3050807357705,1352.955344600091,14.272881055181674,-18.5291521043997,2.9808579966603336e-19
1787278838.1959689,resting,fast,1787278739.9715214,-247.96685370951354,-191.24735549368813,1354.9112107369683,14.343551662025437,-18.597514028213347,2.9820775147469587e-19
1787278838.2050235,resting,fast,1787278739.9715214,-246.7369504329522,-189.22656601725168,1349.8571039583958,14.19199245129288,-18.505271282471227,2.976328629003278e-19
1787278838.2160444,resting,fast,1787278739.9715214,-246.68109866647637,-189.14822760307095,1348.456388068259,14.18611707022922,-18.50108239998537,2.9711066438543873e-19
1787278838.2305665,resting,fast,1787278739.9715214,-245.05309775128308,-188.39782631625633,1342.1661065340804,14.129836973718202,-18.378982331346016,2.968074138164375e-19
1787278838.2383082,resting,fast,1787278739.9715214,-245.43631318278995,-189.7517059176863,1342.759886868017,14.231377943825354,-18.40772348870928,2.9690844852049774e-19
1787278838.2499373,resting,fast,1787278739.9715214,-245.83336695134722,-189.42829343641858,1341.039912999874,14.207122007730238,-18.437502521350993,2.9739591209014873e-19
1787278838.2642615,resting,fast,1787278739.9715214,-247.01988183909316,-189.10577768853852,1350.7686778544785,14.182933326639276,-18.5264911379319,2.9841885799285195e-19
1787278838.271719,resting,fast,1787278739.9715214,-247.59236596946585,-188.833833736291,1350.4560975293143,14.16253753022075,-18.569427447709877,2.981557745172778e-19
1787278838.2832146,resting,fast,1787278739.9715214,-246.91582191109455,-189.040796269412,1350.594396370584,14.178059720204889,-18.518686643332032,2.9806413628072073e-19
1787278838.296795,resting,fast,1787278739.9715214,-245.21501355125247,-189.1685170090874,1341.5785379218223,14.187638775680174,-18.39112601634376,2.9681528169179806e-19
1787278838.3049712,resting,fast,1787278739.9715214,-244.5181620965618,-189.1419022071451,1339.953444109903,14.185642665534804,-18.338862157241806,2.9691318347507215e-19
1787278838.3160348,resting,fast,1787278739.9715214,-245.06476728558619,-188.70460639434543,1343.7185780870868,14.15284547957447,-18.379857546418975,2.971078534082836e-19
1787278838.3281262,resting,fast,1787278739.9715214,-246.61740265459275,-187.13979430528445,1352.1314635894387,14.035484572895175,-18.49630519909431,2.978230179483721e-19
1787278838.338513,resting,fast,1787278739.9715214,-245.96033039240638,-185.91617075785427,1348.4723022453154,13.943712806838125,-18.447024779430414,2.972244988741761e-19
1787278838.3497393,resting,fast,1787278739.9715214,-244.7148661193255,-183.96082052709937,1344.3832648591078,13.797061539531231,-18.353614958948953,2.96755477274096e-19
1787278838.3618982,resting,fast,1787278739.9715214,-244.6721479128032,-185.83321406054972,1339.7306559657654,13.937491054540107,-18.35041109346013,2.9644050355582143e-19
1787278838.3717468,resting,fast,1787278739.9715214,-245.54016754112354,-186.22737047434464,1345.568774981005,13.96705278557467,-18.415512565584073,2.976031843977351e-19
1787278838.3826797,resting,fast,1787278739.9715214,-244.89749604793042,-187.6259328415,1342.9717986258174,14.07194496311114,-18.367312203594658,2.9781379532646667e-19
1787278838.3937316,resting,fast,1787278739.9715214,-244.46496844140756,-186.51913740474822,1341.7785857220942,13.988935305355046,-18.334872633105398,2.9770428053155865e-19
1787278838.4048636,resting,fast,1787278739.9715214,-243.6283734297881,-186.166658941342,1334.721959427604,13.962499420599276,-18.2721280072341,2.971755943513799e-19
1787278838.4163132,resting,fast,1787278739.9715214,-246.45215204658643,-186.74571195477472,1348.798749102837,14.00592839660705,-18.48391140349382,2.9781155771509957e-19
1787278838.4288096,resting,fast,1787278739.9715214,-245.93857454768977,-188.07012554701998,1350.0865153060595,14.105259416025465,-18.44539309107661,2.9807244190006434e-19
1787278838.4382198,resting,fast,1787278739.9715214,-246.4868464315,-187.79319842894859,1358.019976348599,14.084489882170065,-18.48651348236242,2.9842816544087556e-19
1787278838.449709,resting,fast,1787278739.9715214,-243.53444474108574,-187.8311010049389,1342.5175027400173,14.087332575368936,-18.26508335558119,2.976428689282009e-19
1787278838.4607255,resting,fast,1787278739.9715214,-244.2014085074029,-187.81371650170615,1343.5908489513577,14.086028737626823,-18.315105638055144,2.973965122913144e-19
1787278838.471551,resting,fast,1787278739.9715214,-243.77727169134005,-188.34556886495477,1340.4094948263873,14.125917664870219,-18.283295376850226,2.9713465800933934e-19
1787278838.4825838,resting,fast,1787278739.9715214,-244.80422443059115,-187.93320572225832,1346.0898783888888,14.094990429168266,-18.360316832293954,2.976087343611201e-19
1787278838.4939563,resting,fast,1787278739.9715214,-244.98299494413595,-186.45936119037867,1344.7406892085428,13.9844520892774,-18.37372462080979,2.9754267084931856e-19
1787278838.5050101,resting,fast,1787278739.9715214,-245.63479251520448,-187.4094718176001,1340.6996175676404,14.05571038631891,-18.422609438640343,2.9714849133053686e-19
1787278838.5159185,resting,fast,1787278739.9715214,-245.30350328067425,-186.41098534945888,1337.4096895743687,13.980823901208357,-18.39776274605037,2.964054450191213e-19
1787278838.527282,resting,fast,1787278739.9715214,-245.52119311989418,-186.82135273966685,1338.7671199305923,14.011601455473741,-18.414089483991937,2.966963123886076e-19
1787278838.5380147,resting,fast,1787278739.9715214,-244.9233820215254,-185.28532213247888,1343.3095641877744,13.896399159934862,-18.369253651614123,2.972548161627237e-19
1787278838.5492222,resting,fast,1787278739.9715214,-246.18687049115988,-186.1388895601832,1347.9437033444328,13.960416717012425,-18.464015286836975,2.979252709473144e-19
1787278838.5605936,resting,fast,1787278739.9715214,-245.6423204460002,-187.31228465680658,1347.0087541957882,14.048421349259218,-18.42317403345004,2.9804998253199733e-19
1787278838.5714111,resting,fast,1787278739.9715214,-245.23996256131568,-187.18224441888322,1346.673767601721,14.038668331415355,-18.392997192098427,2.9749650541139257e-19
1787278838.5825324,resting,fast,1787278739.9715214,-242.84046987049214,-186.97322981211357,1339.9831685634717,14.022992235907399,-18.213035240286935,2.96990542551892e-19
1787278838.5947387,resting,fast,1787278739.9715214,-243.48288555276622,-187.21359417770884,1343.5542842248879,14.041019563326945,-18.26121641645721,2.97155910954296e-19
1787278838.6045995,resting,fast,1787278739.9715214,-244.57333110924674,-188.2532081602543,1345.3401976558207,14.118990612017999,-18.34299983319331,2.976766219131297e-19
1787278838.615699,resting,fast,1787278739.9715214,-246.28126829870007,-188.96989893538841,1354.3291582716893,14.172742420153003,-18.471095122402374,2.981645822644456e-19
1787278838.627022,resting,fast,1787278739.9715214,-245.70231821956577,-187.28792380568154,1348.8823392841705,14.046594285424934,-18.42767386646735,2.9741842251346454e-19
1787278838.6381433,resting,fast,1787278739.9715214,-244.28828746476984,-186.60295018436807,1345.3427915179154,13.995221263826497,-18.32162155985757,2.972086927092691e-19
1787278838.6489449,resting,fast,1787278739.9715214,-242.9744734911178,-186.8546404604159,1335.1656269989408,14.014098034529912,-18.223085511833602,2.9663098171454425e-19
1787278838.6602,resting,fast,1787278739.9715214,-242.76822965082692,-187.87587130676764,1338.9379785787578,14.090690348006266,-18.207617223811987,2.9732761049424304e-19
1787278838.67155,resting,fast,1787278739.9715214,-243.05478168405125,-188.65697100967043,1332.8269863835822,14.149272825724001,-18.229108626303663,2.9679529529153987e-19
1787278838.6825087,resting,fast,1787278739.9715214,-242.76228678441885,-187.4154710446452,1330.2853820817008,14.056160328347136,-18.207171508831152,2.9652788940602666e-19
1787278838.693708,resting,fast,1787278739.9715214,-242.95573311829185,-188.10632076009995,1329.4488768635629,14.10797405700642,-18.221679983871773,2.9616684401532764e-19
1787278838.704741,resting,fast,1787278739.9715214,-242.16952980658743,-186.83630358856396,1337.9714906689323,14.012722769141039,-18.162714735493985,2.966030207507784e-19
1787278838.7159574,resting,fast,1787278739.9715214,-242.85536999040096,-187.3625389974867,1340.4122242424537,14.052190424810394,-18.214152749279826,2.9675148812783714e-19
1787278838.7270021,resting,fast,1787278739.9715214,-242.1796459739021,-185.77684812618656,1339.904517971484,13.933263609462745,-18.163473448042573,2.9687541441873234e-19
1787278838.7380512,resting,fast,1787278739.9715214,-243.38724221172697,-187.2653996694081,1336.9325749057725,14.04490497520462,-18.254043165879217,2.973299900083407e-19
1787278838.7491522,resting,fast,1787278739.9715214,-244.2337003452226,-187.65619734221775,1341.8854119733633,14.07421480066522,-18.317527525891514,2.977605206321174e-19
1787278838.7600791,resting,fast,1787278739.9715214,-244.24414951601966,-188.55966296229656,1340.9167252927518,14.141974722171074,-18.318311213701392,2.977609459616895e-19
1787278838.771392,resting,fast,1787278739.9715214,-245.4530186262159,-188.0586292940685,1346.0906848401874,14.104397197054087,-18.408976396966075,2.9768363603583383e-19
1787278838.782429,resting,fast,1787278739.9715214,-244.29458961171213,-186.86340004658734,1341.2454672525118,14.014755003492798,-18.322094220878313,2.9714943249320016e-19
1787278838.7936823,resting,fast,1787278739.9715214,-245.41104199958545,-185.47655407127388,1341.1793945876116,13.910741555344334,-18.405828149968748,2.97100087047161e-19
1787278838.8046117,resting,fast,1787278739.9715214,-243.04854166709129,-185.41763240338207,1335.5798030793512,13.906322430252235,-18.228640625031474,2.9645608456334857e-19
1787278838.815721,resting,fast,1787278739.9715214,-245.68782632913235,-186.63144743890655,1346.6217404826393,13.997358557916801,-18.426586974684746,2.976727766846992e-19
1787278838.8269243,resting,fast,1787278739.9715214,-244.35274361631537,-187.48452549330148,1346.3995986078562,14.061339411996489,-18.326455771223635,2.976205260279079e-19
1787278838.8379917,resting,fast,1787278739.9715214,-245.62266130631042,-186.90676145960344,1347.3909370291667,14.018007109468915,-18.421699597972953,2.977857916484988e-19
1787278838.8490765,resting,fast,1787278739.9715214,-242.52782444193463,-185.2343260774427,1337.0595158659698,13.892574455807196,-18.18958683314508,2.9669327509173133e-19
1787278838.8601437,resting,fast,1787278739.9715214,-244.13530379226495,-184.65863382180316,1341.6995302733203,13.84939753663409,-18.310147784419513,2.9683897024530706e-19
1787278838.8712797,resting,fast,1787278739.9715214,-245.04212016952124,-185.20456626718362,1343.8401020493702,13.890342470037812,-18.37815901271383,2.969088385767012e-19
1787278838.8823683,resting,fast,1787278739.9715214,-246.59630213765786,-185.67093637111373,1346.2353922592456,13.92532022783232,-18.494722660324157,2.9716390150365697e-19
1787278838.8934982,resting,fast,1787278739.9715214,-244.41422311973156,-187.0798510270207,1338.8253162802148,14.0309888270254,-18.331066733979704,2.9683735012273545e-19
1787278838.9045932,resting,fast,1787278739.9715214,-243.9302813902391,-186.6736262289147,1336.7794970865552,14.00052196716732,-18.294771104267824,2.9657011603052437e-19
1787278838.915674,resting,fast,1787278739.9715214,-244.44707939598402,-188.21791964774172,1340.420095833274,14.116343973579365,-18.33353095469863,2.9701847554726604e-19
1787278838.9266143,resting,fast,1787278739.9715214,-246.41457238606517,-186.77502510873308,1346.2506579834817,14.008126883153725,-18.48109292895493,2.9760179151049964e-19
1787278838.9375744,resting,fast,1787278739.9715214,-247.3750268463723,-187.56616937786396,1355.2095284933412,14.067462703338652,-18.553127013477962,2.9850241889943336e-19
1787278838.9489686,resting,fast,1787278739.9715214,-247.00958828951343,-187.28883361878263,1355.3412439402573,14.046662521407487,-18.52571912171325,2.985400644458113e-19
1787278838.9598222,resting,fast,1787278739.9715214,-247.11084688067285,-189.90738425936627,1355.021699237871,14.243053819451138,-18.53331351605015,2.9855227704564653e-19
1787278838.970869,resting,fast,1787278739.9715214,-247.4062665503584,-190.80461079268173,1356.0209057954426,14.310345809449988,-18.555469991276567,2.984509191712494e-19
1787278838.982243,resting,fast,1787278739.9715214,-245.86237738823866,-189.32643152533763,1349.3493492164644,14.199482364399277,-18.439678304117727,2.980310591578841e-19
1787278838.992895,resting,fast,1787278739.9715214,-245.29654839196564,-187.9520155153981,1347.4533251048097,14.09640116365377,-18.397241129397266,2.9752681787712444e-19
1787278839.0040023,resting,fast,1787278739.9715214,-244.3806624203221,-185.70886797500646,1340.7370972077924,13.928165098124385,-18.32854968152408,2.971386989254396e-19
1787278839.0153837,resting,fast,1787278739.9715214,-244.39295099937726,-187.25990862419837,1341.6249266448003,14.044493146813654,-18.329471324953204,2.9678538062994124e-19
1787278839.0263846,resting,fast,1787278739.9715214,-244.65614037445948,-186.2309600781515,1342.9023386797517,13.967322005860243,-18.34921052808435,2.968178100024054e-19
1787278839.0375762,resting,fast,1787278739.9715214,-245.08845943298684,-187.25143649620225,1343.8135597205883,14.0438577372141,-18.38163445747395,2.969458941254603e-19
1787278839.0487847,resting,fast,1787278739.9715214,-246.94010695344286,-186.9805478728182,1349.5680565899302,14.023541090460274,-18.520508021508007,2.9758119239257417e-19
1787278839.0599778,resting,fast,1787278739.9715214,-246.6691126407245,-187.82838164400152,1344.252655974763,14.087128623299154,-18.50018344805428,2.9743235841569037e-19
1787278839.0711033,resting,fast,1787278739.9715214,-245.97279652541738,-187.87162819840148,1342.8188168203915,14.090372114878935,-18.447959739406258,2.9737423515106983e-19
1787278839.0821629,resting,fast,1787278739.9715214,-246.40039094002304,-187.8540128260978,1340.5126149662037,14.089050961956193,-18.48002932050133,2.971732707116097e-19
1787278839.0932617,resting,fast,1787278739.9715214,-246.82326882728785,-188.15340429195055,1343.8368687382545,14.111505321894999,-18.511745162046623,2.97164487423664e-19
1787278839.1039183,resting,fast,1787278739.9715214,-247.36793059047477,-188.62483095794698,1345.9561182667157,14.146862321844782,-18.552594794285653,2.973063756145528e-19
1787278839.115482,resting,fast,1787278739.9715214,-244.87086490917,-186.64154067612287,1341.3301668977738,13.998115550707968,-18.36531486818754,2.971716109431801e-19
1787278839.1266375,resting,fast,1787278739.9715214,-244.56115277977688,-186.08078304134358,1342.7055656123675,13.956058728099695,-18.34208645848293,2.9729973830605775e-19
1787278839.137616,resting,fast,1787278739.9715214,-244.5308575236545,-185.62888229721614,1344.1263447232022,13.922166172290165,-18.3398143142741,2.9747412355632703e-19
1787278839.1487527,resting,fast,1787278739.9715214,-245.50625531736432,-187.71657386973345,1348.8245682383576,14.078743040229131,-18.412969148802155,2.973415657265154e-19
1787278839.1596916,resting,fast,1787278739.9715214,-244.22648391561734,-187.3024790848848,1345.686551909056,14.047685931365354,-18.316986293671086,2.9686297177790744e-19
1787278839.1708767,resting,fast,1787278739.9715214,-244.0147633799902,-186.2909819883156,1345.1552579961035,13.971823649122687,-18.30110725349924,2.9630865848551315e-19
1787278839.1821373,resting,fast,1787278739.9715214,-243.49314726177408,-185.5949931130375,1344.8027838847165,13.919624483476756,-18.261986044632984,2.9656602429430226e-19
1787278839.1930304,resting,fast,1787278739.9715214,-245.43006442890282,-186.02129123680345,1349.1250965259833,13.951596842759148,-18.407254832167446,2.973099259303649e-19
1787278839.2041936,resting,fast,1787278739.9715214,-246.6394448510241,-188.22169177782746,1353.4206607746246,14.116626883335957,-18.497958363826676,2.976549788323597e-19
1787278839.2154021,resting,fast,1787278739.9715214,-248.01123311970105,-188.39821775219718,1352.4304183468112,14.129866331413357,-18.600842483977353,2.979015436403411e-19
1787278839.226278,resting,fast,1787278739.9715214,-248.48071676984864,-189.7202139908619,1357.1256820265435,14.22901604931339,-18.636053757738395,2.980143920926061e-19
1787278839.2376616,resting,fast,1787278739.9715214,-247.82971092432626,-187.6744090075664,1350.8224074886375,14.075580675566105,-18.587228319324346,2.9784316579530866e-19
1787278839.2487786,resting,fast,1787278739.9715214,-248.6392026722201,-188.5239815700478,1353.2276399031116,14.139298617752448,-18.647940200416215,2.9777429237462006e-19
1787278839.2596445,resting,fast,1787278739.9715214,-247.28719647274602,-186.6823090849772,1345.568267064239,14.001173181372028,-18.546539735455674,2.97374239268366e-19
1787278839.2707944,resting,fast,1787278739.9715214,-247.55943972486557,-188.0789244389788,1345.6730474140577,14.105919332922145,-18.566957979364553,2.9745269713054147e-19
1787278839.2820415,resting,fast,1787278739.9715214,-246.1986312167096,-186.81903453923303,1344.9129605780772,14.01142759044156,-18.464897341252765,2.973886749239497e-19
1787278839.2930157,resting,fast,1787278739.9715214,-246.86634871009983,-187.49778579746146,1346.9129042370432,14.062333934808454,-18.514976153257265,2.975864509982562e-19
1787278839.304054,resting,fast,1787278739.9715214,-246.11686606588455,-185.85246731089808,1352.0367461464657,13.938935048316228,-18.458764954941117,2.977073013879015e-19
1787278839.3151598,resting,fast,1787278739.9715214,-245.6234941552807,-186.56084640810388,1351.5378367718777,13.992063480606578,-18.42176206164588,2.9762472522064494e-19
1787278839.3259952,resting,fast,1787278739.9715214,-246.35668486151508,-185.26439436980706,1352.2291874202683,13.894829577734459,-18.47675136461342,2.974228821697725e-19
1787278839.3373287,resting,fast,1787278739.9715214,-246.83780309508484,-187.8900333201101,1345.5783114264514,14.091752499006933,-18.51283523213138,2.970513639953499e-19
1787278839.3486104,resting,fast,1787278739.9715214,-247.8185403385237,-187.14769893861956,1344.646996528375,14.036077420395433,-18.586390525388907,2.9696933592790634e-19
1787278839.3594067,resting,fast,1787278739.9715214,-246.81058968848947,-187.16698141650102,1341.604196746287,14.037523606236253,-18.51079422663647,2.9686028163642775e-19
1787278839.3705256,resting,fast,1787278739.9715214,-246.60863065577132,-185.97720450992972,1346.7017255910023,13.948290338243613,-18.495647299182913,2.9686338213659995e-19
1787278839.381906,resting,fast,1787278739.9715214,-246.26592099398613,-186.24793409647884,1344.4957866728864,13.968595057234698,-18.469944074548543,2.9662733281208466e-19
1787278839.392726,resting,fast,1787278739.9715214,-246.58950406784652,-188.3721000201882,1346.0256725624959,14.127907501513082,-18.49421280508828,2.970464260669786e-19
1787278839.4037888,resting,fast,1787278739.9715214,-246.39316157791427,-189.45301183542563,1341.396903519205,14.208975887655871,-18.4794871183434,2.967252912099958e-19
1787278839.4150157,resting,fast,1787278739.9715214,-247.04314078142806,-189.03149656794437,1345.9175499569128,14.177362242594786,-18.528235558606966,2.971466445680787e-19
1787278839.42609,resting,fast,1787278739.9715214,-246.00270991554726,-187.673713220605,1347.8684387585135,14.075528491544251,-18.450203243665868,2.9680831044346747e-19
1787278839.4372118,resting,fast,1787278739.9715214,-245.94403944513533,-186.1123096001669,1348.0824033847612,13.9584232200115,-18.44580295838506,2.9735521973653133e-19
1787278839.44845,resting,fast,1787278739.9715214,-246.16771282594027,-185.5825130542679,1351.0723748580576,13.918688479069093,-18.462578461945498,2.9747115333575795e-19
1787278839.4594274,resting,fast,1787278739.9715214,-247.10413381055469,-185.38961318634608,1350.323347608245,13.904220988974902,-18.532810035791385,2.976555524895192e-19
1787278839.4704957,resting,fast,1787278739.9715214,-247.11237149946783,-185.54482630347832,1351.719503680867,13.915861972759604,-18.53342786245981,2.976187487986066e-19
1787278839.4817643,resting,fast,1787278739.9715214,-245.68515538656038,-186.30763354182534,1345.8546285950843,13.97307251563591,-18.426386653991976,2.972147421433504e-19
1787278839.492695,resting,fast,1787278739.9715214,-244.61496685683915,-187.05194174934206,1344.5435109463697,14.028895631199507,-18.346122514262753,2.9694757198055263e-19
1787278839.5039916,resting,fast,1787278739.9715214,-245.31983380240536,-187.70918710605758,1346.379248639697,14.078189032952924,-18.398987535180183,2.9683102164606563e-19
1787278839.5152884,resting,fast,1787278739.9715214,-246.14830333689815,-188.54456527033165,1343.718562683006,14.14084239527364,-18.46112275026705,2.966268299123002e-19
1787278839.5259,resting,fast,1787278739.9715214,-246.43510197077057,-187.88240921579938,1343.8082130306238,14.091180691183741,-18.482632647807648,2.966972323261994e-19
1787278839.5373757,resting,fast,1787278739.9715214,-245.46329237881355,-188.6126517946144,1343.5427223771794,14.14594888459499,-18.409746928410833,2.9706546219135535e-19
1787278839.5481203,resting,fast,1787278739.9715214,-245.71277140609482,-189.22120462542227,1349.8257095772433,14.191590346905404,-18.42845785545692,2.978587039159112e-19
1787278839.559278,resting,fast,1787278739.9715214,-245.16857481387297,-188.85884655516418,1348.7133111984722,14.164413491636285,-18.387643111040468,2.978955607416621e-19
1787278839.5706992,resting,fast,1787278739.9715214,-245.18697613960603,-187.47294158938496,1346.3729450311266,14.060470619202736,-18.389023210470427,2.9751964485506566e-19
1787278839.581945,resting,fast,1787278739.9715214,-245.55486047911427,-188.4136212286527,1345.5914321415685,14.131021592147707,-18.41661453593339,2.9729334013904186e-19
1787278839.5926971,resting,fast,1787278739.9715214,-247.45394160838032,-189.10690134542926,1346.6029443939797,14.183017600906087,-18.55904562062843,2.972731911339427e-19
1787278839.603963,resting,fast,1787278739.9715214,-247.08998555389417,-188.47641517573436,1344.5552747947922,14.135731138178517,-18.531748916542007,2.97161652016591e-19
1787278839.6151953,resting,fast,1787278739.9715214,-245.672648990198,-186.0828443317772,1344.2312378850556,13.956213324882174,-18.425448674264658,2.9706075759181096e-19
1787278839.6258528,resting,fast,1787278739.9715214,-244.9278941550615,-185.05265671200834,1343.981171090928,13.87894925339953,-18.369592061629362,2.9698987024495887e-19
1787278839.637208,resting,fast,1787278739.9715214,-245.8563548866873,-186.00851574486376,1348.5149998892311,13.950638680863452,-18.439226616501436,2.975059583370288e-19
1787278839.648371,resting,fast,1787278739.9715214,-246.05471150260882,-186.76983943970674,1348.425389197354,14.007737957976861,-18.45410336269574,2.9752622389009287e-19
1787278839.659075,resting,fast,1787278739.9715214,-247.3592082546552,-187.5364122794923,1352.9355664748446,14.065230920960875,-18.5519406190987,2.980924436944645e-19
1787278839.670602,resting,fast,1787278739.9715214,-246.38860047284788,-188.28874573067685,1348.1954294571342,14.12165592979942,-18.47914503546317,2.9773261645247564e-19
1787278839.6818316,resting,fast,1787278739.9715214,-246.11951181188897,-187.7754265337361,1346.361676403555,14.083156990029057,-18.458963385891373,2.9746624861663983e-19
1787278839.6924093,resting,fast,1787278739.9715214,-245.2351295860076,-187.69247777953012,1344.9270568668899,14.076935833463427,-18.39263471895032,2.9730496983000776e-19
1787278839.703874,resting,fast,1787278739.9715214,-245.64391524681423,-187.9593818644688,1350.4543915288314,14.096953639833902,-18.42329364351076,2.975686223547527e-19
1787278839.7150755,resting,fast,1787278739.9715214,-246.28235485145387,-188.69835871089424,1353.3723974810118,14.152376903315773,-18.47117661385903,2.9795309187255515e-19
1787278839.7256036,resting,fast,1787278739.9715214,-246.03178358853665,-188.80199358151606,1353.063423847726,14.160149518612645,-18.4523837691398,2.9775414352503973e-19
1787278839.737063,resting,fast,1787278739.9715214,-246.63063118949003,-187.62534953562874,1350.662217528633,14.071901215171085,-18.497297339211563,2.976964619921858e-19
1787278839.748301,resting,fast,1787278739.9715214,-246.88012738092448,-187.44602447799787,1351.0557072565252,14.05845183584876,-18.516009553569127,2.977211572687756e-19
1787278839.7588806,resting,fast,1787278739.9715214,-246.97201498451022,-186.13459090241906,1349.314185789618,13.960094317680376,-18.52290112383787,2.974761512321202e-19
1787278839.7703893,resting,fast,1787278739.9715214,-246.90660347442508,-186.55876676904234,1350.046393405094,13.991907507676832,-18.517995260581742,2.9738775904434407e-19
1787278839.7815819,resting,fast,1787278739.9715214,-246.55278834434512,-185.88345381275974,1349.2620084649325,13.941259035955742,-18.491459125825834,2.971564650048419e-19
1787278839.792172,resting,fast,1787278739.9715214,-247.53573582494437,-188.73112439222962,1353.1990714627163,14.154834329416278,-18.565180186870784,2.978772572513457e-19
1787278839.803698,resting,fast,1787278739.9715214,-246.56761385589698,-187.76928881908827,1348.697235088729,14.082696661430663,-18.492571039191994,2.977065050342856e-19
1787278839.814925,resting,fast,1787278739.9715214,-246.47133390270528,-188.30919886483628,1346.4347911874984,14.123189914861673,-18.485350042702628,2.976532333748809e-19
1787278839.8254828,resting,fast,1787278739.9715214,-245.5677049284509,-186.61847218287187,1343.7448586059918,13.996385413713984,-18.417577869633725,2.971730314679305e-19
1787278839.8367686,resting,fast,1787278739.9715214,-246.1417427456622,-186.55115625562314,1349.647600115558,13.991336719170551,-18.460630705924324,2.973351130716621e-19
1787278839.848066,resting,fast,1787278739.9715214,-246.87291498586774,-187.01378962714386,1354.6009272095098,14.026034222034628,-18.51546862393983,2.9754071441081345e-19
1787278839.8588965,resting,fast,1787278739.9715214,-246.9098316429795,-186.2271154690419,1357.656503968702,13.967033660176941,-18.518237373223577,2.9792774848393925e-19
1787278839.870343,resting,fast,1787278739.9715214,-246.36531897809937,-186.9783024495954,1353.6009297224691,14.023372683718495,-18.477398923357107,2.980692759972254e-19
1787278839.8814332,resting,fast,1787278739.9715214,-245.20812773084845,-186.5078425467085,1349.0800365245423,13.988088191001996,-18.390609579813486,2.979428575562085e-19
1787278839.8924642,resting,fast,1787278739.9715214,-245.34726476197875,-187.17697830683517,1346.9960314579375,14.038273373011524,-18.40104485714818,2.976991826777519e-19
1787278839.9037046,resting,fast,1787278739.9715214,-246.30898388430296,-186.56147566820835,1348.751366297195,13.992110675114507,-18.47317379132241,2.973991798300633e-19
1787278839.9149294,resting,fast,1787278739.9715214,-247.1751023125712,-186.41416946768675,1348.1511134473012,13.981062710075395,-18.53813267344256,2.972599796453447e-19
1787278839.9254644,resting,fast,1787278739.9715214,-247.459391030196,-187.07378845846404,1350.108005660949,14.030534134383675,-18.55945432726447,2.9765718675815525e-19
1787278839.9369516,resting,fast,1787278739.9715214,-246.53972580297022,-187.15365081901712,1345.55926184498,14.036523811425088,-18.490479435222547,2.9752088638988476e-19
1787278839.9482806,resting,fast,1787278739.9715214,-246.24817620463045,-186.8271468228853,1344.6094410736378,14.01203601171547,-18.46861321534704,2.9744762289584403e-19
1787278839.9588575,resting,fast,1787278739.9715214,-245.04786839167127,-186.73425088834017,1341.0581538082997,14.005068816624206,-18.378590129375063,2.9686886360200465e-19
1787278839.9702861,resting,fast,1787278739.9715214,-245.1925439403626,-187.88722884816286,1343.1651324145614,14.091542163611056,-18.389440795526873,2.9705682393333544e-19
1787278839.9814758,resting,fast,1787278739.9715214,-246.00819473115962,-188.42266611432467,1345.1969433400018,14.131699958572913,-18.450614604836666,2.9746048669666123e-19
1787278839.9921463,resting,fast,1787278739.9715214,-246.40346200507202,-187.8025006253498,1345.5600129746026,14.085187546899935,-18.480259650380084,2.9761080423077835e-19
1787278840.0035892,resting,fast,1787278739.9715214,-246.45546435646474,-187.75314949623578,1345.6810815674662,14.081486212216536,-18.48415982673459,2.9751910710112033e-19
1787278840.014798,resting,fast,1787278739.9715214,-245.78294586010497,-188.90118513461346,1343.0364340275637,14.167588885094904,-18.4337209395076,2.9718106453430486e-19
1787278840.0255146,resting,fast,1787278739.9715214,-246.4731047496257,-190.1614635582397,1343.1747952825544,14.26210976686696,-18.48548285622188,2.973331582428246e-19
1787278840.0367374,resting,fast,1787278739.9715214,-246.80435451375297,-190.50147184450054,1340.2165782401362,14.287610388336294,-18.51032658853127,2.971784903621868e-19
1787278840.048014,resting,fast,1787278739.9715214,-248.46152929426398,-189.25165267264526,1347.2051997374228,14.193873950447202,-18.634614697069523,2.9766681498687157e-19
1787278840.0587904,resting,fast,1787278739.9715214,-248.55203276177372,-189.172710839155,1351.4576756092147,14.18795331293531,-18.64140245713301,2.9772326265568065e-19
1787278840.0702817,resting,fast,1787278739.9715214,-247.17674513408792,-188.09468213106913,1349.386219971454,14.107101159829032,-18.538255885056344,2.975540911641015e-19
1787278840.0813055,resting,fast,1787278739.9715214,-246.0872827025364,-188.92426982168115,1343.7714457370867,14.169320236624987,-18.45654620269005,2.970302729682036e-19
1787278840.0919535,resting,fast,1787278739.9715214,-245.29363030090144,-189.23944887173036,1338.976739004288,14.192958665378459,-18.397022272567284,2.96878713375405e-19
1787278840.1034381,resting,fast,1787278739.9715214,-246.40280728534663,-190.5316224396621,1344.9301493824833,14.289871682973615,-18.480210546400997,2.9747724683971256e-19
1787278840.1146584,resting,fast,1787278739.9715214,-246.02712717872464,-189.4058261046331,1345.7105732306218,14.205436957846391,-18.452034538404234,2.975399205279883e-19
1787278840.1255517,resting,fast,1787278739.9715214,-246.42100600443382,-188.87911687245457,1346.200079230447,14.165933765432985,-18.481575450332294,2.9742070649639023e-19
1787278840.1367753,resting,fast,1787278739.9715214,-245.3198548693058,-187.91646706513154,1342.4731172326274,14.09373502988375,-18.398989115197743,2.9707577252016003e-19
1787278840.1479688,resting,fast,1787278739.9715214,-244.85560828546704,-188.52780623006504,1342.5273962640304,14.139585467253884,-18.36417062140969,2.9707431190670444e-19
1787278840.1586878,resting,fast,1787278739.9715214,-244.44287886633128,-185.1947898733148,1343.034107147606,13.889609240497425,-18.333215914974737,2.970589282935621e-19
1787278840.1697488,resting,fast,1787278739.9715214,-245.90013444300303,-184.1040571852917,1349.2134225534364,13.807804288895728,-18.442510083225123,2.9743851282785663e-19
1787278840.1806903,resting,fast,1787278739.9715214,-245.94986367936463,-183.20826524714596,1347.609259527001,13.74061989353456,-18.44623977595203,2.972701580810241e-19
1787278840.1919756,resting,fast,1787278739.9715214,-246.50390453870705,-184.73426466378885,1350.3439211126852,13.855069849783124,-18.48779284040279,2.975544118744552e-19
1787278840.2034063,resting,fast,1787278739.9715214,-245.96866692260892,-185.3139591222631,1344.6928726270535,13.898546934168667,-18.447650019195414,2.9737893827590674e-19
1787278840.2145486,resting,fast,1787278739.9715214,-246.56632485292948,-185.5378516032448,1349.356215476114,13.915338870242255,-18.492474363969478,2.9773263803744373e-19
1787278840.2251866,resting,fast,1787278739.9715214,-246.81432320929844,-187.26593744848049,1349.224958903872,14.044945308634983,-18.51107424069722,2.9765208826885095e-19
1787278840.2366505,resting,fast,1787278739.9715214,-247.27647900697275,-187.4226247761202,1353.0286106614121,14.056696858207847,-18.545735925522564,2.976446131453616e-19
1787278840.2477944,resting,fast,1787278739.9715214,-246.4505577756995,-186.9624371947492,1348.4557497540582,14.022182789605015,-18.483791833177165,2.9709835929182703e-19
1787278840.2586122,resting,fast,1787278739.9715214,-244.98516408474234,-186.92747303235012,1340.4808826352864,14.01956047742522,-18.373887306355613,2.967093782821956e-19
1787278840.2699919,resting,fast,1787278739.9715214,-245.19442413117804,-187.8675113531816,1339.387332774787,14.090063351487505,-18.389581809838404,2.964964081858502e-19
1787278840.2811618,resting,fast,1787278739.9715214,-245.59235523864254,-188.98893062136574,1340.633478992745,14.174169796601479,-18.41942664289804,2.9677371553969e-19
1787278840.2917504,resting,fast,1787278739.9715214,-246.30367281248573,-189.20856813829835,1346.839974650754,14.19064261037109,-18.472775460936226,2.9706792801906336e-19
1787278840.30333,resting,fast,1787278739.9715214,-246.72346503011113,-188.5003930832005,1350.2086103763659,14.137529481238932,-18.504259877258242,2.9762874514549837e-19
1787278840.314402,resting,fast,1787278739.9715214,-247.44263582545182,-188.64239292412333,1348.7542401177334,14.148179469308136,-18.558197686908528,2.976003001932054e-19
1787278840.3252225,resting,fast,1787278739.9715214,-248.69582176466838,-188.6810590964743,1350.2090581809398,14.151079432234472,-18.652186632349732,2.977713939944669e-19
1787278840.3365405,resting,fast,1787278739.9715214,-249.10983665298727,-187.69621592078886,1354.6708948026399,14.077216194058071,-18.683237748973774,2.976453606025869e-19
1787278840.350674,resting,fast,1787278739.9715214,-248.92328126286657,-187.02112602500176,1359.7885745689355,14.026584451873976,-18.669246094714772,2.9805601075423554e-19
1787278840.3584127,resting,fast,1787278739.9715214,-248.5265067982068,-187.18370429015715,1361.4883622041643,14.038777821760608,-18.639488009865232,2.982820027535012e-19
1787278840.3699825,resting,fast,1787278739.9715214,-246.67254516718776,-186.98331864542763,1355.3137428297732,14.023748898405987,-18.500440887538886,2.9821140739915613e-19
1787278840.3836699,resting,fast,1787278739.9715214,-246.06133431386797,-187.36985874303343,1350.246942669496,14.052739405726289,-18.454600073540178,2.9761399487874713e-19
1787278840.3919246,resting,fast,1787278739.9715214,-245.36710822524174,-187.32752872325784,1346.6845725184821,14.049564654243344,-18.40253311689301,2.971615906665614e-19
1787278840.4030952,resting,fast,1787278739.9715214,-246.81243021576893,-189.11945573717583,1345.8251611765181,14.183959180286909,-18.510932266182337,2.973756301976021e-19
1787278840.4169717,resting,fast,1787278739.9715214,-245.65002587930712,-187.72161949134477,1342.9818321626944,14.079121461849784,-18.423751940947945,2.9725439497138824e-19
1787278840.42508,resting,fast,1787278739.9715214,-246.52592017165125,-187.92032613235972,1342.2460068166974,14.09402445992595,-18.489444012873662,2.9741940654591843e-19
1787278840.4364693,resting,fast,1787278739.9715214,-245.36737950833094,-186.3867232780466,1341.067356580782,13.979004245852298,-18.402553463124377,2.9679055787694414e-19
1787278840.4477732,resting,fast,1787278739.9715214,-246.77580659375644,-187.88032593302103,1345.0878221168214,14.091024444975265,-18.508185494531553,2.970937695229328e-19
1787278840.4586196,resting,fast,1787278739.9715214,-247.93382489692203,-186.52637953515966,1348.1682526758423,13.989478465135765,-18.595036867268966,2.970961993758849e-19
1787278840.4698024,resting,fast,1787278739.9715214,-248.3746519936999,-187.58195546360264,1348.6392345586164,14.068646659768962,-18.628098899527238,2.9758149478051572e-19
1787278840.4810467,resting,fast,1787278739.9715214,-248.48916214482824,-186.718743824871,1352.364450191585,14.003905786864141,-18.63668716086181,2.9782626664243747e-19
1787278840.4914675,resting,fast,1787278739.9715214,-246.46329610135626,-186.70441778007273,1349.9604470355252,14.002831333504222,-18.484747207601487,2.9775509905340573e-19
1787278840.503008,resting,fast,1787278739.9715214,-246.9021831117593,-185.7756052526173,1352.512948872255,13.933170393945293,-18.517663733382022,2.977899506238562e-19
1787278840.5141504,resting,fast,1787278739.9715214,-246.2845969893583,-185.56297267020398,1348.654970927565,13.917222950264179,-18.471344774201768,2.9750386520765156e-19
1787278840.524857,resting,fast,1787278739.9715214,-246.4865852339467,-185.17336089458956,1351.1067158904925,13.888002067093243,-18.486493892545816,2.9768563461756726e-19
1787278840.5364034,resting,fast,1787278739.9715214,-246.90268382613112,-186.4509028484464,1351.6008689398595,13.983817713632309,-18.517701286959777,2.976995790501291e-19
1787278840.5475812,resting,fast,1787278739.9715214,-247.3919321886683,-186.64888119216891,1354.472947973859,13.998666089411532,-18.554394914149846,2.9825837151874304e-19
1787278840.5582376,resting,fast,1787278739.9715214,-248.74320286713328,-187.7674382250135,1355.774170325326,14.08255786687467,-18.655740215034804,2.984762670483244e-19
1787278840.569569,resting,fast,1787278739.9715214,-247.5214028964342,-186.0954464522025,1354.2155255250154,13.957158483914075,-18.56410521723228,2.984210532648157e-19
1787278840.580773,resting,fast,1787278739.9715214,-247.12647869939656,-185.6501017284212,1352.7386177245435,13.923757629630533,-18.534485902454605,2.981527680782576e-19
1787278840.5913205,resting,fast,1787278739.9715214,-245.83494938976173,-184.32071355157916,1350.250441842164,13.824053516367432,-18.437621204231704,2.9754520496450005e-19
1787278840.6025717,resting,fast,1787278739.9715214,-246.87942263915875,-185.51757060784178,1355.1481608948188,13.913817795586926,-18.515956697936716,2.975481900258096e-19
1787278840.6140404,resting,fast,1787278739.9715214,-247.40034772197714,-186.01167683398592,1353.501461036557,13.9508757625476,-18.555026079148277,2.9761786119703303e-19
1787278840.6246448,resting,fast,1787278739.9715214,-247.40224490456558,-186.53108750828017,1353.6901263731042,13.989831563119896,-18.555168367841993,2.981876377882345e-19
1787278840.6357257,resting,fast,1787278739.9715214,-246.26755312596788,-184.57631281611532,1346.8380575788624,13.843223461207504,-18.470066484447727,2.9752114824581905e-19
1787278840.6471887,resting,fast,1787278739.9715214,-246.58220658449454,-185.55069503659013,1349.2452789448098,13.916302127743169,-18.493665493836808,2.9757167298267607e-19
1787278840.658397,resting,fast,1787278739.9715214,-247.00929973381653,-186.1934799978195,1349.1203633719315,13.964510999835316,-18.52569748003603,2.972972281866449e-19
1787278840.6695197,resting,fast,1787278739.9715214,-246.84024210094913,-186.84416712070345,1349.9327431900829,14.013312534051597,-18.513018157571125,2.976737486322006e-19
1787278840.6807883,resting,fast,1787278739.9715214,-247.2776128831697,-185.81626234587236,1349.9230972328796,13.936219675939203,-18.545820966237507,2.9753026220432495e-19
1787278840.6914527,resting,fast,1787278739.9715214,-248.02643053976817,-186.45434459190972,1353.7924403325405,13.984075844392041,-18.601982290482397,2.979998095960619e-19
1787278840.7028694,resting,fast,1787278739.9715214,-249.42224224210213,-187.33046452661176,1355.9448745348664,14.049784839494794,-18.706668168157734,2.982118753494462e-19
1787278840.714046,resting,fast,1787278739.9715214,-248.73904933054064,-188.306942460532,1355.866914928728,14.123020684538961,-18.6554286997903,2.9833576440821246e-19
1787278840.7248535,resting,fast,1787278739.9715214,-247.7034313838144,-187.70192674477687,1349.9082924944441,14.077644505857425,-18.57775735378602,2.9784542599540637e-19
1787278840.7361927,resting,fast,1787278739.9715214,-246.77899453707005,-186.79063163984677,1346.2524693741352,14.009297372987522,-18.508424590280157,2.9767106484972903e-19
1787278840.7473977,resting,fast,1787278739.9715214,-247.26321863717794,-186.56694620124665,1344.6391774505528,13.992520965092371,-18.544741397788002,2.9748603105242432e-19
1787278840.7580245,resting,fast,1787278739.9715214,-247.6492421924945,-186.7251514111764,1346.407061713503,14.004386355837202,-18.57369316443689,2.9770079808128516e-19
1787278840.769334,resting,fast,1787278739.9715214,-247.39062193200562,-186.4021267321142,1346.618123270876,13.98015950490755,-18.554296644900354,2.975649344815535e-19
1787278840.78059,resting,fast,1787278739.9715214,-246.79545603903125,-186.52002489082008,1347.1947648124233,13.989001866810316,-18.509659202927068,2.9754993153385223e-19
1787278840.7913966,resting,fast,1787278739.9715214,-246.9834459122835,-185.817324093097,1347.7453642884293,13.93629930698103,-18.523758443421038,2.9753361950531504e-19
1787278840.8027809,resting,fast,1787278739.9715214,-247.49030592493682,-187.7628132643407,1348.298305767109,14.082210994824568,-18.561772944369977,2.9767715717968413e-19
1787278840.813782,resting,fast,1787278739.9715214,-247.5385856158532,-187.28034879010022,1348.2922571425197,14.046026159256588,-18.565393921188935,2.9768099112371456e-19
1787278840.8246217,resting,fast,1787278739.9715214,-246.9016814247875,-188.6304861805312,1347.7848626484601,14.147286463538666,-18.517626106859055,2.9741739833223167e-19
1787278840.8360486,resting,fast,1787278739.9715214,-247.55085932730117,-189.65336810294878,1345.645854442745,14.224002607720326,-18.566314449547377,2.973923989769449e-19
1787278840.8472948,resting,fast,1787278739.9715214,-247.65309423034932,-190.14834669723166,1344.8723192209573,14.261126002291423,-18.5739820672759,2.9743242677762434e-19
1787278840.857851,resting,fast,1787278739.9715214,-247.29149692657256,-188.6519923444299,1345.2564205925291,14.148899425831107,-18.546862269492983,2.9751004758344605e-19
1787278840.8688607,resting,fast,1787278739.9715214,-247.78881776631397,-187.2217087439052,1350.8089834959565,14.041628155791802,-18.584161332473407,2.97556424174661e-19
1787278840.8800442,resting,fast,1787278739.9715214,-247.05041818783548,-187.50283064304028,1352.0302208303192,14.062712298226902,-18.528781364087635,2.9765987756707675e-19
1787278840.891045,resting,fast,1787278739.9715214,-247.96276608154994,-188.44810778426142,1351.9465093417703,14.133608083818462,-18.597207456115918,2.97286309019834e-19
1787278840.9026709,resting,fast,1787278739.9715214,-246.62506730078394,-188.21499618899645,1350.39688059136,14.116124714173697,-18.49688004755862,2.9763251201232684e-19
1787278840.9138124,resting,fast,1787278739.9715214,-247.59190311081738,-187.36860893851792,1350.3877832340067,14.052645670387864,-18.56939273331102,2.9777513799346536e-19
1787278840.9245462,resting,fast,1787278739.9715214,-247.59743298519652,-185.85961621880313,1351.4102926306869,13.939471216408979,-18.569807473889398,2.981812437997505e-19
1787278840.9359193,resting,fast,1787278739.9715214,-248.36075631251651,-186.2060756641373,1352.434316540729,13.965455674809153,-18.627056723438557,2.9809842224638935e-19
1787278840.9469957,resting,fast,1787278739.9715214,-248.31814519224508,-186.2275001187653,1351.5494942683536,13.967062508906356,-18.623860889418303,2.980155693950502e-19
1787278840.9577365,resting,fast,1787278739.9715214,-248.1219727531302,-186.1901317659773,1350.9921699305842,13.964259882447084,-18.60914795648476,2.981650808742627e-19
1787278840.9691024,resting,fast,1787278739.9715214,-247.31518308529803,-186.1868883902722,1348.435613062512,13.964016629268958,-18.548638731397247,2.97944505978054e-19
1787278840.9803343,resting,fast,1787278739.9715214,-246.85195588889974,-187.0784472918334,1347.5673732359764,14.03088354688656,-18.51389669166727,2.975464127364127e-19
1787278840.9911523,resting,fast,1787278739.9715214,-245.80543296882615,-187.70552247009903,1344.2125265783916,14.07791418525635,-18.435407472661844,2.9713398299166325e-19
1787278841.0025,resting,fast,1787278739.9715214,-245.3603442862036,-187.4212108131893,1347.060100042022,14.056590810988187,-18.40202582146496,2.971363121707627e-19
1787278841.013804,resting,fast,1787278739.9715214,-245.81220315744713,-185.93267907463644,1349.749384257012,13.944950930596423,-18.435915236808377,2.976121712493723e-19
1787278841.0245705,resting,fast,1787278739.9715214,-246.42269664677997,-187.52228414064518,1348.2600671260561,14.064171310547142,-18.481702248508142,2.9756638223862147e-19
1787278841.0353982,resting,fast,1787278739.9715214,-246.65890158124193,-187.47400143976654,1343.4250073107314,14.060550107981673,-18.49941761859305,2.973968456664066e-19
1787278841.046443,resting,fast,1787278739.9715214,-246.3030058858908,-189.06628212790008,1341.7182549528889,14.179971159591492,-18.47272544144169,2.9730062187810996e-19
1787278841.0576985,resting,fast,1787278739.9715214,-246.27052897848034,-187.86737915325182,1342.9965294487638,14.090053436492529,-18.470289673385857,2.976008845754972e-19
1787278841.0691636,resting,fast,1787278739.9715214,-246.84558974637503,-187.06870587422202,1351.470937837611,14.030152940565362,-18.51341923097783,2.9817928745004307e-19
1787278841.083457,resting,fast,1787278739.9715214,-246.3821296577412,-185.78207754324796,1352.551485671579,13.933655815742544,-18.478659724330335,2.9785925688543396e-19
1787278841.0911055,resting,fast,1787278739.9715214,-245.47034023868264,-185.49929333058742,1352.2284459730245,13.912446999792838,-18.410275517901013,2.97599752210972e-19
1787278841.1025512,resting,fast,1787278739.9715214,-244.94244472039145,-186.19090936722262,1345.9892156657197,13.964318202540742,-18.370683354029275,2.9691956936432085e-19
1787278841.1166968,resting,fast,1787278739.9715214,-246.43996933034077,-188.05868445103272,1348.3801828658825,14.104401333826207,-18.482997699775296,2.975119165205048e-19
1787278841.1245656,resting,fast,1787278739.9715214,-246.50658277791763,-188.2434167929822,1351.4261310197917,14.118256259472563,-18.48799370834388,2.976062629943176e-19
1787278841.1357613,resting,fast,1787278739.9715214,-246.79759595837322,-188.89011450674786,1356.1647764740892,14.1667585880047,-18.509819696877997,2.9821510817723884e-19
1787278841.1491616,resting,fast,1787278739.9715214,-245.85699375135982,-187.14550027131406,1352.9771729337217,14.035912520347356,-18.439274531351913,2.9768774893268157e-19
1787278841.1576343,resting,fast,1787278739.9715214,-246.46957418122975,-186.33976288359315,1349.964274084633,13.975482216268464,-18.48521806359188,2.976237272213186e-19
1787278841.1690714,resting,fast,1787278739.9715214,-245.34851318983283,-185.76622123170307,1341.096519972757,13.932466592376475,-18.401138489237383,2.9709691832313055e-19
1787278841.18258,resting,fast,1787278739.9715214,-245.5635170702967,-186.11342285607327,1342.583809432802,13.958506714204137,-18.417263780272215,2.974213126079021e-19
1787278841.1911683,resting,fast,1787278739.9715214,-245.3799223899573,-186.05164673827892,1340.6538891639966,13.953873505369973,-18.403494179246742,2.968721404283918e-19
1787278841.2023883,resting,fast,1787278739.9715214,-246.0666291257071,-186.5938923017751,1345.596176692744,13.994541922632013,-18.454997184427846,2.9694922272841673e-19
1787278841.2157593,resting,fast,1787278739.9715214,-246.33186589897423,-186.718651732779,1346.670278748109,14.003898879957251,-18.474889942423047,2.9708945704856353e-19
1787278841.2243612,resting,fast,1787278739.9715214,-247.1023539165858,-187.99714654284514,1349.4087430966147,14.099785990712153,-18.532676543743904,2.9750764623872507e-19
1787278841.2357292,resting,fast,1787278739.9715214,-247.29820006133878,-187.5667585816817,1347.6591476663316,14.06750689362504,-18.54736500460031,2.9759190703312993e-19
1787278841.249068,resting,fast,1787278739.9715214,-246.73630802345497,-186.3931113187324,1345.442350101016,13.97948334890393,-18.505223101759107,2.972703380339044e-19
1787278841.2575364,resting,fast,1787278739.9715214,-246.09166469233196,-187.13228898924933,1343.8824964801306,14.03492167419255,-18.45687485192466,2.973542244721786e-19
1787278841.268998,resting,fast,1787278739.9715214,-247.4946850672245,-186.04445042136365,1346.2693665527795,13.953333781601135,-18.562101380041696,2.9705095450091635e-19
1787278841.28259,resting,fast,1787278739.9715214,-247.4335697681331,-187.43585278538592,1346.6013917397004,14.057688958902634,-18.557517732609554,2.9706567592772025e-19
1787278841.290781,resting,fast,1787278739.9715214,-248.580386782392,-187.2215399343571,1349.5468337370485,14.041615495075522,-18.643529008679153,2.9764388947667345e-19
1787278841.3023267,resting,fast,1787278739.9715214,-246.1203790998302,-187.23773531900918,1346.2263123431158,14.042830148924384,-18.45902843248703,2.9745541405370406e-19
1787278841.3161848,resting,fast,1787278739.9715214,-246.9045213900722,-186.56512867208687,1347.8982695286622,13.992384650405302,-18.517839104255287,2.978260875494716e-19
1787278841.324121,resting,fast,1787278739.9715214,-246.12955360547448,-186.83830902306238,1347.4278712439364,14.012873176728593,-18.45971652041044,2.974141628918255e-19
1787278841.3355513,resting,fast,1787278739.9715214,-247.8733636268521,-189.08538866620268,1354.1975522637722,14.181404149963928,-18.5905022720138,2.984214973135209e-19
1787278841.3496091,resting,fast,1787278739.9715214,-247.64147963925325,-190.7057723146121,1349.3226759092404,14.302932923594856,-18.573110972944022,2.9827850915754544e-19
1787278841.3574815,resting,fast,1787278739.9715214,-247.39797368872087,-189.5275382149356,1347.182912721345,14.214565366119093,-18.5548480266537,2.9795076840311115e-19
1787278841.3688507,resting,fast,1787278739.9715214,-246.5334385573974,-187.87229124666544,1340.7497418950434,14.090421843498607,-18.490007891804765,2.974882425633313e-19
1787278841.3831806,resting,fast,1787278739.9715214,-245.30900742135555,-186.93512059341413,1344.0962102080912,14.020134044504761,-18.398175556601586,2.9718815488267747e-19
1787278841.390667,resting,fast,1787278739.9715214,-244.52901062317915,-187.84411208769154,1342.2504493982333,14.088308406575894,-18.339675796738234,2.9694618723738946e-19
1787278841.402101,resting,fast,1787278739.9715214,-245.6266827018785,-188.72378159011794,1346.3200634594841,14.154283619257928,-18.422001202640615,2.9735272483527646e-19
1787278841.4149156,resting,fast,1787278739.9715214,-245.8876089506498,-187.9369024044678,1345.2493039564206,14.095267680333851,-18.44157067129862,2.9739067979300814e-19
1787278841.4242504,resting,fast,1787278739.9715214,-246.42443085317382,-186.4754180363101,1344.7259397719454,13.985656352722064,-18.48183231398791,2.978928542555141e-19
1787278841.4355423,resting,fast,1787278739.9715214,-245.76014075430385,-185.20244604921515,1342.000306283674,13.890183453689989,-18.432010556572656,2.972758810466762e-19
1787278841.4483984,resting,fast,1787278739.9715214,-246.24480400843504,-186.49387614702857,1344.137333669306,13.987040711026186,-18.46836030063232,2.9767696551658664e-19
1787278841.4574156,resting,fast,1787278739.9715214,-247.46009378786175,-187.94805987606753,1347.6052155326715,14.096104490703983,-18.559507034089492,2.978449108726798e-19
1787278841.4686277,resting,fast,1787278739.9715214,-247.95273273999965,-189.1586674660383,1350.5920428073796,14.186900059951586,-18.596454955499702,2.9828992159232073e-19
1787278841.4825566,resting,fast,1787278739.9715214,-247.1812284240018,-187.00444579650946,1348.2037247070175,14.025333434736869,-18.538592131799938,2.979004619122491e-19
1787278841.490602,resting,fast,1787278739.9715214,-246.06794819361812,-186.14029787732431,1349.7020984084838,13.960522340798224,-18.455096114520913,2.977724252772612e-19
1787278841.5021498,resting,fast,1787278739.9715214,-245.875458304095,-184.88736460258121,1350.9668681507746,13.866552345192577,-18.440659372806756,2.977198896783625e-19
1787278841.5159822,resting,fast,1787278739.9715214,-246.6895665787183,-186.67480438680957,1352.7344213679526,14.000610329009536,-18.501717493403795,2.979533003096539e-19
1787278841.5239005,resting,fast,1787278739.9715214,-245.8805691107077,-185.26232425244405,1347.3462660880987,13.894674318932264,-18.441042683303102,2.9740777234445406e-19
1787278841.535368,resting,fast,1787278739.9715214,-246.06423923404463,-186.14643076821665,1346.402333436591,13.960982307615073,-18.454817942553035,2.975165613751803e-19
1787278841.548597,resting,fast,1787278739.9715214,-247.19205944197574,-186.24965821611806,1347.640899549583,13.968724366207656,-18.539404458147892,2.9739425201006436e-19
1787278841.5570607,resting,fast,1787278739.9715214,-247.7205295670633,-187.85761176981975,1350.9501974879795,14.089320882735453,-18.57903971752983,2.9782551872552405e-19
1787278841.568413,resting,fast,1787278739.9715214,-246.91431863387834,-187.30262348000053,1346.4715602729402,14.047696760998637,-18.51857389754062,2.972418799601548e-19
1787278841.5827513,resting,fast,1787278739.9715214,-245.14932186309989,-186.93058316521558,1342.7177922241362,14.019793737389879,-18.386199139732234,2.970625177142695e-19
1787278841.5905163,resting,fast,1787278739.9715214,-245.9595117367203,-186.97390916037068,1345.6211988254972,14.023043187026833,-18.446963380253948,2.9725870979903376e-19
1787278841.6021335,resting,fast,1787278739.9715214,-246.4131519788384,-187.16035748908314,1350.336011042492,14.03702681168031,-18.48098639841284,2.9783416996711074e-19
1787278841.615649,resting,fast,1787278739.9715214,-247.80315392118655,-186.7184927669265,1353.6889972440504,14.00388695751845,-18.585236544088815,2.9804121165484455e-19
1787278841.6238227,resting,fast,1787278739.9715214,-247.2066727900351,-187.30969874966183,1350.7265164260107,14.048227406223592,-18.540500459252492,2.9787542017696265e-19
1787278841.635359,resting,fast,1787278739.9715214,-246.41670819110686,-186.9817457727096,1345.2906609685024,14.023630932952134,-18.48125311433283,2.972403731237808e-19
1787278841.6464207,resting,fast,1787278739.9715214,-245.86296917053232,-186.334661628846,1344.6206690905246,13.975099622162535,-18.439722687789796,2.9714043774275783e-19
1787278841.6571956,resting,fast,1787278739.9715214,-246.49666133952041,-186.72240023432357,1346.1557685751259,14.004180017573095,-18.48724960046369,2.972957712632982e-19
1787278841.668457,resting,fast,1787278739.9715214,-247.64588205461996,-186.6960580715778,1348.3945618607331,14.002204355366974,-18.573441154096088,2.97779896436442e-19
1787278841.6797383,resting,fast,1787278739.9715214,-247.59777328485825,-187.2489868005099,1348.9513396499287,14.043674010036955,-18.56983299636407,2.9769494024056387e-19
1787278841.690552,resting,fast,1787278739.9715214,-247.405661592486,-186.06085587106406,1349.5353543442388,13.954564190328686,-18.55542461943638,2.9764865545790935e-19
1787278841.7017875,resting,fast,1787278739.9715214,-246.7520490484153,-185.82718151109327,1350.7467508116633,13.937038613330845,-18.506403678630818,2.9761386169646945e-19
1787278841.7156332,resting,fast,1787278739.9715214,-246.0780687746078,-185.5302395512225,1348.8328864945643,13.914767966340467,-18.455855158095382,2.975690590799978e-19
1787278841.7238483,resting,fast,1787278739.9715214,-245.5736936665321,-185.58300864757723,1346.001597766458,13.918725648567165,-18.41802702498955,2.9711058670678533e-19
1787278841.7351716,resting,fast,1787278739.9715214,-245.8363198234406,-186.4479930514566,1346.9013282427013,13.98359947885793,-18.43772398675793,2.9720102352575575e-19
1787278841.7492685,resting,fast,1787278739.9715214,-246.1140007847166,-187.29764408756625,1347.1523577875769,14.047323306566074,-18.458550058853504,2.972723920113193e-19
1787278841.7570624,resting,fast,1787278739.9715214,-246.15097704911977,-187.33032635406073,1348.9235658260104,14.0497744765532,-18.46132327868375,2.9744501706316946e-19
1787278841.7685096,resting,fast,1787278739.9715214,-245.80055444319123,-186.37940256405716,1347.7232861942293,13.978455192303176,-18.43504158323927,2.9710321414501104e-19
1787278841.7797415,resting,fast,1787278739.9715214,-245.28924526118362,-184.52962327238254,1343.4660557063025,13.83972174542767,-18.39669339458881,2.9713015930173143e-19
1787278841.7905045,resting,fast,1787278739.9715214,-246.5424442853432,-185.8722332220824,1345.51784022232,13.940417491655314,-18.490683321400454,2.976045198259625e-19
1787278841.8018796,resting,fast,1787278739.9715214,-246.5799976160065,-186.70233815930044,1345.051215415996,14.002675361946306,-18.49349982120009,2.975284832698929e-19
1787278841.8129892,resting,fast,1787278739.9715214,-247.44974773780314,-187.43136301499942,1350.1460767337803,14.057352226123971,-18.558731080335207,2.975624587355083e-19
1787278841.8236072,resting,fast,1787278739.9715214,-248.11385671980906,-185.37963712532462,1352.871539138835,13.903472784398136,-18.608539253985683,2.9804402363483987e-19
1787278841.8351798,resting,fast,1787278739.9715214,-247.6546270631302,-184.47723142020607,1352.0667106736519,13.835792356514407,-18.57409702973466,2.982163872438184e-19
1787278841.846051,resting,fast,1787278739.9715214,-246.82690073572167,-185.36950206025847,1350.134151508987,13.902712654518172,-18.512017555179014,2.981741167089835e-19
1787278841.8570545,resting,fast,1787278739.9715214,-245.32648752751402,-185.5634487379665,1345.6147050118589,13.917258655346291,-18.39948656456336,2.9745455221617205e-19
1787278841.8683114,resting,fast,1787278739.9715214,-247.02078470615697,-186.28230588256145,1349.0992662875042,13.971172941190947,-18.526558852961614,2.9763135819246403e-19
1787278841.8795445,resting,fast,1787278739.9715214,-246.52196735198459,-184.5851220171861,1349.054189222078,13.84388415128787,-18.489147551398823,2.973924912585979e-19
1787278841.890371,resting,fast,1787278739.9715214,-246.64798191559703,-185.50712315626618,1347.6594031266386,13.913034236718776,-18.4985986436698,2.973545530126586e-19
1787278841.9017396,resting,fast,1787278739.9715214,-244.136949804883,-185.42598572684972,1340.9575983239984,13.906948929512627,-18.310271235365953,2.967130110948032e-19
1787278841.915953,resting,fast,1787278739.9715214,-245.8574011240412,-188.25529842677872,1342.715487300541,14.119147382007245,-18.439305084302703,2.971767047350902e-19
1787278841.9236946,resting,fast,1787278739.9715214,-245.2168618601986,-188.4347956156529,1344.6772175903034,14.132609671172919,-18.391264639514702,2.9752250520191285e-19
1787278841.9350626,resting,fast,1787278739.9715214,-246.94375608264227,-189.37006957868027,1348.019777329203,14.202755218400018,-18.520781706198022,2.98250988932649e-19
1787278841.9490736,resting,fast,1787278739.9715214,-245.89749501166943,-188.00411248072908,1343.129066249102,14.100308436053826,-18.442312125875027,2.972481884053998e-19
1787278841.9568977,resting,fast,1787278739.9715214,-246.56390588934528,-187.13543595478575,1342.1855923337125,14.035157696607858,-18.49229294170071,2.9696032390019666e-19
1787278841.9682713,resting,fast,1787278739.9715214,-246.08903848526052,-186.5424246372703,1339.8176743953854,13.990681847794125,-18.456677886394495,2.9621035488163464e-19
1787278841.9820595,resting,fast,1787278739.9715214,-246.96188171633594,-186.8565798765518,1349.2056549742947,14.014243490740316,-18.522141128724947,2.9728075952936357e-19
1787278841.9902627,resting,fast,1787278739.9715214,-246.38235154009953,-186.88181129720408,1349.8273998222494,14.016135847289096,-18.478676365507155,2.971756262767473e-19
1787278842.0015643,resting,fast,1787278739.9715214,-247.15081517792396,-186.38349023068224,1353.842620921857,13.978761767300146,-18.53631113834423,2.9757947548296193e-19
1787278842.0147343,resting,fast,1787278739.9715214,-246.36327172322535,-186.0600286668697,1349.0368722448811,13.954502150014154,-18.477245379241694,2.971438619299446e-19
1787278842.023613,resting,fast,1787278739.9715214,-246.70055621346137,-186.1478899539169,1350.020872167942,13.961091746542497,-18.502541716009418,2.973695065778927e-19
1787278842.0349607,resting,fast,1787278739.9715214,-245.3110082052849,-186.14066312226498,1345.222513838452,13.960549734168655,-18.398325615396068,2.9716118511606044e-19
1787278842.0488908,resting,fast,1787278739.9715214,-245.62300962600284,-186.74609174309614,1342.1951035136217,14.005956880731066,-18.421725721950146,2.970266331631432e-19
1787278842.0567844,resting,fast,1787278739.9715214,-245.3271066401462,-187.15561829132264,1336.072141547792,14.036671371847934,-18.39953299801082,2.9650505055406655e-19
1787278842.0682483,resting,fast,1787278739.9715214,-245.98242550671011,-186.3784113004989,1339.73859386017,13.978380847536233,-18.448681913003277,2.9673333162889505e-19
1787278842.0801265,resting,fast,1787278739.9715214,-246.14879764325497,-186.34761205886787,1343.6909590433288,13.976070904414048,-18.461159823243953,2.968887289680583e-19
1787278842.090198,resting,fast,1787278739.9715214,-246.16303864546762,-185.10339669243183,1342.899159944859,13.882754751931362,-18.462227898409942,2.9683224553324854e-19
1787278842.101563,resting,fast,1787278739.9715214,-245.1805843089628,-186.3906911527905,1342.2024830061464,13.979301836458223,-18.388543823172057,2.9684463151876096e-19
1787278842.1141372,resting,fast,1787278739.9715214,-245.06662760041172,-185.94955174413496,1341.279906550827,13.946216380808995,-18.37999707003062,2.9669814200994046e-19
1787278842.1234896,resting,fast,1787278739.9715214,-245.1090655335306,-187.18332682833568,1343.6054532936805,14.038749512123875,-18.383179915014466,2.970993237593903e-19
1787278842.1348622,resting,fast,1787278739.9715214,-246.07309591244257,-187.61526906739857,1343.3157215159963,14.071145180053495,-18.455482193432985,2.9701829810713404e-19
1787278842.1474352,resting,fast,1787278739.9715214,-246.17953392626305,-186.97002580532205,1343.6940748849092,14.022751935398151,-18.463465044469572,2.973506988234163e-19
1787278842.1568809,resting,fast,1787278739.9715214,-247.0505086681428,-186.21268321967648,1349.3521744540476,13.965951241474489,-18.528788150110422,2.978558764998152e-19
1787278842.1681252,resting,fast,1787278739.9715214,-246.78742347011712,-184.70734794182374,1349.9652714509511,13.853051095635625,-18.509056760258353,2.9810184240949363e-19
1787278842.180274,resting,fast,1787278739.9715214,-247.49213257805377,-185.5459857810025,1349.8093444500037,13.915948933573947,-18.56190994335411,2.979693458197857e-19
1787278842.1901808,resting,fast,1787278739.9715214,-246.20698237070928,-185.69291807298816,1344.8774044555512,13.926968855473053,-18.465523677803027,2.973142276817706e-19
1787278842.2014453,resting,fast,1787278739.9715214,-245.28106479219832,-185.924015365949,1338.8974416718875,13.944301152444854,-18.3960798594145,2.9650542648905817e-19
1787278842.212911,resting,fast,1787278739.9715214,-244.85244534777348,-185.353402887299,1336.8684331622235,13.901505216546173,-18.363933401082846,2.965673614144905e-19
1787278842.2235627,resting,fast,1787278739.9715214,-244.06989460576415,-185.61603507342522,1337.9223972023128,13.921202630505608,-18.305242095432092,2.9670413882685257e-19
1787278842.2347822,resting,fast,1787278739.9715214,-245.8158661670427,-186.37362392528428,1343.4773807262964,13.978021794395023,-18.436189962527862,2.974196138191621e-19
1787278842.246916,resting,fast,1787278739.9715214,-246.08386746499355,-188.21234538080023,1345.6306934273262,14.115925903558736,-18.456290059874362,2.975238651202427e-19
1787278842.2567804,resting,fast,1787278739.9715214,-246.80605083527416,-187.8690485928165,1343.032783918713,14.090178644459943,-18.510453812645267,2.975938148477678e-19
1787278842.268154,resting,fast,1787278739.9715214,-245.7883452627034,-187.403912530939,1341.7636560610563,14.055293439819227,-18.43412589470251,2.974136108571441e-19
1787278842.278977,resting,fast,1787278739.9715214,-245.2188318119329,-186.62495560251398,1342.3261681274498,13.996871670187463,-18.391412385894853,2.9746264321478954e-19
1787278842.2901642,resting,fast,1787278739.9715214,-245.3792534605086,-185.46445075850363,1343.3356156992131,13.909833806886613,-18.403444009537623,2.972481698342336e-19
1787278842.3013103,resting,fast,1787278739.9715214,-246.3071205368301,-185.73214027108008,1345.7408790979798,13.929910520329887,-18.473034040262007,2.973646356854287e-19
1787278842.3126252,resting,fast,1787278739.9715214,-246.74014810839208,-185.5055725224778,1348.5896254721638,13.9129179391845,-18.50551110812927,2.978547605870641e-19
1787278842.3235438,resting,fast,1787278739.9715214,-247.44059692486235,-187.35328149510622,1351.7806847507427,14.051496112131861,-18.558044769364543,2.9837590299361546e-19
1787278842.3347018,resting,fast,1787278739.9715214,-246.35180854205055,-187.0462144219897,1348.4433461092221,14.028466081648151,-18.476385640653724,2.985697209899297e-19
1787278842.346393,resting,fast,1787278739.9715214,-246.0892224723807,-185.3419723372857,1345.2225284200676,13.900647925295434,-18.456691685428304,2.978947461973906e-19
1787278842.3566382,resting,fast,1787278739.9715214,-245.46895376286602,-184.4085790519258,1342.7324414791683,13.830643428893215,-18.410171532214733,2.9764392036876425e-19
1787278842.3679261,resting,fast,1787278739.9715214,-245.1504667400991,-183.8071738780551,1347.871339737948,13.785538040852988,-18.386285005507204,2.9717434874326247e-19
1787278842.379201,resting,fast,1787278739.9715214,-244.828304791115,-185.19745267600513,1347.9197588365323,13.889808950699166,-18.362122859333567,2.9702966755817784e-19
1787278842.3901155,resting,fast,1787278739.9715214,-244.995016147735,-186.33827819081728,1347.4328954166403,13.975370864310026,-18.374626211079885,2.968197071232366e-19
1787278842.401405,resting,fast,1787278739.9715214,-245.6740501249401,-185.86489055291906,1344.2317066864498,13.939866791467868,-18.425553759370338,2.968964957900802e-19
1787278842.4125335,resting,fast,1787278739.9715214,-245.44970296157453,-185.1703918828665,1343.2270915048948,13.887779391213943,-18.40872772211805,2.9710335078603877e-19
1787278842.423379,resting,fast,1787278739.9715214,-245.16679314027215,-184.52419696766367,1341.8775757402373,13.839314772573733,-18.387509485520155,2.97005927687103e-19
1787278842.4344137,resting,fast,1787278739.9715214,-245.38151720108317,-186.90455334868795,1342.7620509416656,14.01784150115046,-18.403613790081003,2.975108958819074e-19
1787278842.4457102,resting,fast,1787278739.9715214,-246.32033996369728,-187.25852924674052,1343.2085533342479,14.044389693504346,-18.474025497276855,2.975160641967097e-19
1787278842.4565313,resting,fast,1787278739.9715214,-246.7559267877309,-187.5702036557076,1344.6919943917483,14.067765274176953,-18.506694509079495,2.977725367283228e-19
1787278842.4673858,resting,fast,1787278739.9715214,-245.42145509319698,-186.26534760283369,1339.2791019477254,13.969901070211652,-18.406609131989555,2.9701649643876436e-19
1787278842.478913,resting,fast,1787278739.9715214,-244.70881208458786,-186.07162112256412,1336.482105912287,13.955371584191045,-18.353160906343874,2.9686630030636024e-19
1787278842.4900331,resting,fast,1787278739.9715214,-244.771659088889,-185.242825570116,1337.2579360719,13.893211917757615,-18.357874431666694,2.964603979703292e-19
1787278842.5011575,resting,fast,1787278739.9715214,-246.56598852427624,-186.25352698061295,1344.4992680133773,13.969014523544875,-18.492449139320804,2.971123719233626e-19
1787278842.5123088,resting,fast,1787278739.9715214,-246.1006062033589,-185.04433788251538,1346.9937435220809,13.878325341187594,-18.457545465251712,2.973650438927184e-19
1787278842.523269,resting,fast,1787278739.9715214,-245.56759289623596,-185.8165268884635,1345.2939406214164,13.936239516633652,-18.41756946721749,2.975500580591057e-19
1787278842.5344765,resting,fast,1787278739.9715214,-243.5518872094376,-183.95139887523703,1337.5934996136411,13.796354915641519,-18.266391540707716,2.9680633315065164e-19
1787278842.5455039,resting,fast,1787278739.9715214,-242.87111130106268,-185.44336116559418,1335.1511964905467,13.908252087418493,-18.21533334757953,2.9619559092751057e-19
1787278842.5565197,resting,fast,1787278739.9715214,-241.73714596165382,-184.38315090619346,1336.9387923391741,13.82873631796338,-18.130285947123895,2.9616351924900084e-19
1787278842.5677388,resting,fast,1787278739.9715214,-242.78334904092526,-185.64995592805496,1341.9377424657769,13.923746694602958,-18.20875117806932,2.9676639884671154e-19
1787278842.5789204,resting,fast,1787278739.9715214,-244.10051698435973,-186.18623653758425,1344.40239219261,13.963967740317859,-18.30753877382687,2.97227544957892e-19
1787278842.5897386,resting,fast,1787278739.9715214,-246.11648582116095,-187.77346202388583,1345.307484998034,14.083009651790224,-18.45873643658698,2.9731634638588166e-19
1787278842.601151,resting,fast,1787278739.9715214,-246.90793167008496,-187.29932384379765,1345.086205191773,14.047449288283577,-18.518094875256146,2.972542249977278e-19
1787278842.61223,resting,fast,1787278739.9715214,-246.98504271178217,-185.87276895190428,1348.0971513834093,13.940457671391801,-18.52387820338342,2.975083157113488e-19
1787278842.6231775,resting,fast,1787278739.9715214,-246.94143856002438,-185.7852572409157,1349.0946125719029,13.933894293067599,-18.52060789200175,2.976190201691623e-19
1787278842.634322,resting,fast,1787278739.9715214,-248.2839412906419,-186.20593112829567,1352.401768399298,13.965444834620929,-18.62129559679795,2.9784300030191366e-19
1787278842.6454144,resting,fast,1787278739.9715214,-248.13640658403756,-186.78925583513058,1348.4058025342247,14.009194187633842,-18.610230493802568,2.975922679072477e-19
1787278842.656564,resting,fast,1787278739.9715214,-247.89639784961446,-186.26629095077726,1346.0946244822635,13.96997182130696,-18.592229838721074,2.976082837183395e-19
1787278842.667683,resting,fast,1787278739.9715214,-245.93860698594517,-185.7053418221493,1341.1982786714716,13.927900636660258,-18.445395523945805,2.968233615525676e-19
1787278842.6787324,resting,fast,1787278739.9715214,-245.93048912907352,-186.07988363587822,1339.959296344673,13.955991272689733,-18.444786684680167,2.967472628244518e-19
1787278842.6898534,resting,fast,1787278739.9715214,-245.92931807223658,-184.79603224320897,1342.1271524459999,13.859702418239838,-18.444698855417613,2.9648690311014987e-19
1787278842.7008607,resting,fast,1787278739.9715214,-246.8757217308107,-186.05593073729835,1346.0639546811663,13.95419480529613,-18.51567912981053,2.9699306303636114e-19
1787278842.7120566,resting,fast,1787278739.9715214,-247.0898619562281,-186.78436460940827,1345.6522906909477,14.008827345704535,-18.53173964671693,2.966603214710523e-19
1787278842.7230964,resting,fast,1787278739.9715214,-247.01134850300105,-187.47817806182695,1344.4386046755035,14.060863354635973,-18.525851137724814,2.969984669977244e-19
1787278842.7344053,resting,fast,1787278739.9715214,-246.92755227815042,-187.97915574835235,1341.8888875859657,14.098436681125381,-18.519566420861068,2.9709986425008883e-19
1787278842.7451866,resting,fast,1787278739.9715214,-246.19990024357094,-186.23407546463739,1343.1954843531958,13.967555659846642,-18.464992518267735,2.9708056400940898e-19
1787278842.7563953,resting,fast,1787278739.9715214,-244.88510617349266,-185.18934752136477,1340.4526478540674,13.889201064101403,-18.366382963011716,2.9666818034404123e-19
1787278842.7675042,resting,fast,1787278739.9715214,-244.3501742058702,-184.2853891065821,1338.2260352911444,13.821404182992556,-18.326263065440003,2.96716794226678e-19
1787278842.7784283,resting,fast,1787278739.9715214,-244.4186950847875,-184.99827925866782,1338.5444906405546,13.874870944399067,-18.33140213135883,2.96941534689951e-19
1787278842.789806,resting,fast,1787278739.9715214,-247.33982844026968,-187.51175753721952,1345.1296795051467,14.063381815290303,-18.550487133020127,2.975536216626047e-19
1787278842.8009956,resting,fast,1787278739.9715214,-247.8693792573481,-187.3290530480814,1349.1997541681749,14.04967897860492,-18.590203444300812,2.9751748515419675e-19
1787278842.8115287,resting,fast,1787278739.9715214,-248.10032626727343,-189.1921509662685,1347.4786226355454,14.189411322469102,-18.607524470045405,2.9717231986276314e-19
1787278842.8229537,resting,fast,1787278739.9715214,-246.8645182240748,-187.77285683485218,1347.081098218675,14.082964262612553,-18.51483886680547,2.9691009269251267e-19
1787278842.8342102,resting,fast,1787278739.9715214,-246.91723445661,-187.70667813006264,1347.8699149633421,14.078000859753534,-18.518792584245574,2.970208424949356e-19
1787278842.8450732,resting,fast,1787278739.9715214,-247.09960649507912,-185.74792794523762,1352.0223996055693,13.931094595891782,-18.532470487130787,2.9742910267304996e-19
1787278842.8562415,resting,fast,1787278739.9715214,-247.03051402797018,-185.61410466833388,1349.3138285243776,13.921057850123862,-18.52728855209771,2.9715692715105856e-19
1787278842.867486,resting,fast,1787278739.9715214,-246.58377933537713,-186.22611149431316,1349.6364529825687,13.96695836207218,-18.493783450153288,2.970122665309782e-19
1787278842.878052,resting,fast,1787278739.9715214,-246.3857810176819,-186.6672802320187,1350.2483335375628,14.000046017400212,-18.47893357632595,2.970467137247495e-19
1787278842.8891659,resting,fast,1787278739.9715214,-247.31633311712494,-187.36039225056504,1354.5031805645021,14.052029418791296,-18.54872498378414,2.9711825528454366e-19
1787278842.9007907,resting,fast,1787278739.9715214,-246.80644630577217,-185.70883029541335,1352.411043343117,13.928162272155038,-18.510483472932535,2.9713364951773174e-19
1787278842.9115682,resting,fast,1787278739.9715214,-246.4284513723028,-186.2775132324092,1348.8590445876189,13.97081349242946,-18.482133852922573,2.969832506417277e-19
1787278842.9227087,resting,fast,1787278739.9715214,-244.43365976703217,-185.31067795702086,1343.989416693551,13.898300846775346,-18.332524482527113,2.966203674361974e-19
1787278842.934183,resting,fast,1787278739.9715214,-243.95256037172703,-185.49750641177354,1342.7893889344914,13.912312980881953,-18.29644202787952,2.964149424460434e-19
1787278842.9448762,resting,fast,1787278739.9715214,-244.7525763396793,-185.49552524205717,1343.9896289696599,13.912164393153095,-18.356443225475616,2.964071514678214e-19
1787278842.9561586,resting,fast,1787278739.9715214,-245.25394435895532,-187.59231780702737,1344.2748536851805,14.069423835526113,-18.394045826921314,2.9711454391299095e-19
1787278842.9672792,resting,fast,1787278739.9715214,-246.1115099494632,-189.49807138857466,1345.7819616777933,14.212355354142208,-18.458363246209558,2.9735400251962633e-19
1787278842.9781935,resting,fast,1787278739.9715214,-245.87136530324688,-188.50716645433033,1345.10904731754,14.138037484073681,-18.440352397743453,2.973887085321211e-19
1787278842.989579,resting,fast,1787278739.9715214,-247.01716770155826,-188.15191378799807,1346.381708369795,14.111393534098742,-18.526287577616756,2.973419788124532e-19
1787278843.0006945,resting,fast,1787278739.9715214,-247.5421799297187,-186.47768968869684,1345.6322817864775,13.985826726651258,-18.565663494728916,2.9735984597197e-19
1787278843.0112815,resting,fast,1787278739.9715214,-246.84720324391355,-186.8615164079016,1343.6990040304709,14.01461373059141,-18.51354024329332,2.9717461233701554e-19
1787278843.0228162,resting,fast,1787278739.9715214,-245.87165989045434,-186.68493787663272,1341.945055760264,14.00137034074648,-18.440374491783878,2.9655448054509607e-19
1787278843.033827,resting,fast,1787278739.9715214,-244.9861120794817,-187.6368670024043,1340.980546528751,14.072765025179269,-18.3739584059608,2.9628537468219125e-19
1787278843.0446274,resting,fast,1787278739.9715214,-246.32908145668398,-187.82381041740143,1346.779726234975,14.086785781303892,-18.474681109251073,2.9667040243644357e-19
1787278843.0559585,resting,fast,1787278739.9715214,-247.9031980538498,-188.78089822549748,1351.2256486250253,14.158567366911402,-18.59273985403852,2.9743282196214343e-19
1787278843.067133,resting,fast,1787278739.9715214,-248.4716133514944,-188.53417021269763,1353.7049014741178,14.140062765951274,-18.63537100136204,2.978780899232843e-19
1787278843.078007,resting,fast,1787278739.9715214,-249.1886708666184,-188.41842035198135,1351.6880781189675,14.131381526397508,-18.68915031499607,2.981090566047551e-19
1787278843.0889635,resting,fast,1787278739.9715214,-249.89094240881923,-186.627620947923,1356.363029316869,13.997071571092835,-18.74182068066149,2.9820037563827484e-19
1787278843.100275,resting,fast,1787278739.9715214,-249.22630662058555,-185.52803819947565,1353.8669861277313,13.914602864959523,-18.691972996543733,2.9769812168229824e-19
1787278843.1111417,resting,fast,1787278739.9715214,-248.7950333836866,-185.8427543510703,1354.2730946298443,13.938206576329055,-18.6596275037765,2.977242685650118e-19
1787278843.1226547,resting,fast,1787278739.9715214,-247.7981471860353,-185.61732578826638,1351.861224613348,13.921299434118627,-18.584861038952432,2.974609406246887e-19
1787278843.1338449,resting,fast,1787278739.9715214,-248.56161871679024,-186.09417067585275,1355.6996755758746,13.957062800687982,-18.642121403759084,2.980915306746476e-19
1787278843.1446903,resting,fast,1787278739.9715214,-248.36536231895434,-183.94717982495683,1355.537987025592,13.796038486870817,-18.62740217392131,2.977954992081215e-19
1787278843.156002,resting,fast,1787278739.9715214,-246.88480234601548,-184.19226759751098,1349.6567192812245,13.81442006981219,-18.516360175950865,2.9745575714441045e-19
1787278843.1670632,resting,fast,1787278739.9715214,-247.0820826939448,-185.88675413897556,1343.4110407590642,13.941506560422045,-18.531156202045658,2.9666117601030265e-19
1787278843.1778007,resting,fast,1787278739.9715214,-246.45896661288998,-188.14696619394465,1341.9191774741003,14.11102246454492,-18.484422495966555,2.9683430203448083e-19
1787278843.1892352,resting,fast,1787278739.9715214,-246.19503161478633,-188.8674454543417,1339.1081070844657,14.165058409074636,-18.464627371108783,2.9658684657929975e-19
1787278843.2004306,resting,fast,1787278739.9715214,-246.0730911797823,-188.40181792948908,1342.703610275631,14.130136344710383,-18.455481838483543,2.970252398874336e-19
1787278843.2111495,resting,fast,1787278739.9715214,-246.68853464980975,-189.1255562454827,1347.8794069249461,14.184416718409924,-18.50164009873542,2.9714003551549157e-19
1787278843.2225964,resting,fast,1787278739.9715214,-245.5516005729055,-187.92734704850238,1346.0116105717107,14.094551028636563,-18.41637004296758,2.9714162829435425e-19
1787278843.2337644,resting,fast,1787278739.9715214,-244.10500028740944,-186.72539974597487,1346.424817107517,14.004404980946905,-18.307875021555546,2.969312349017867e-19
1787278843.2444067,resting,fast,1787278739.9715214,-244.68434441849558,-186.49957000139113,1345.8791367450185,13.98746775010311,-18.35132583138696,2.9687515235307757e-19
1787278843.2558706,resting,fast,1787278739.9715214,-247.03546744563982,-187.96085315935886,1352.6979664198907,14.097063986950818,-18.52766005842274,2.9748512565589e-19
1787278843.2670298,resting,fast,1787278739.9715214,-248.19851016455186,-189.14525899479338,1353.0453163541742,14.185894424608495,-18.61488826234097,2.972673264327084e-19
1787278843.2777538,resting,fast,1787278739.9715214,-248.48950195555108,-188.63980372425738,1352.283100049156,14.14798527931821,-18.636712646666105,2.9699782620371325e-19
1787278843.2892523,resting,fast,1787278739.9715214,-246.83893024448435,-186.67038155994567,1349.4048828901805,14.000278616994681,-18.512919768336175,2.9660090640380054e-19
1787278843.2999012,resting,fast,1787278739.9715214,-246.24676197296185,-185.71966545885937,1341.3051703291194,13.928974909413231,-18.468507147971962,2.9642019718620493e-19
1787278843.310946,resting,fast,1787278739.9715214,-244.75949323024406,-186.08207379632188,1340.6840194489405,13.956155534722999,-18.35696199226809,2.9681012744455254e-19
1787278843.322286,resting,fast,1787278739.9715214,-245.8787926568998,-189.4483605712195,1340.551196944577,14.208627042840508,-18.440909449267302,2.9702683449969933e-19
1787278843.3336,resting,fast,1787278739.9715214,-246.3416470821071,-190.05515151347743,1347.2634542387468,14.254136363509577,-18.47562353115795,2.973957764940784e-19
1787278843.3443546,resting,fast,1787278739.9715214,-247.12500106603102,-189.26981440454585,1346.9143790029748,14.1952360803397,-18.534375079952085,2.9730833045865023e-19
1787278843.355819,resting,fast,1787278739.9715214,-245.74311807589083,-185.31724645519796,1343.885555934893,13.89879348413898,-18.430733855691727,2.9705316055412885e-19
1787278843.369563,resting,fast,1787278739.9715214,-245.52471711765565,-184.49127597298946,1344.7086216488615,13.836845697973121,-18.414353783823863,2.9703879044716465e-19
1787278843.3776653,resting,fast,1787278739.9715214,-244.74540542127988,-186.31455323782018,1342.0739382280744,13.973591492835471,-18.355905406595966,2.968789674525988e-19
1787278843.3890593,resting,fast,1787278739.9715214,-246.43184105550108,-189.0158544283546,1347.0474118152151,14.176189082125607,-18.482388079162504,2.9699388300486237e-19
1787278843.4002185,resting,fast,1787278739.9715214,-247.56758418299478,-189.40870854964976,1348.7062596179612,14.20565314122273,-18.567568813724655,2.972518562860609e-19
1787278843.4109418,resting,fast,1787278739.9715214,-248.89983316300868,-188.7436027727416,1351.7993754209083,14.155770207954465,-18.667487487225493,2.9731897053815805e-19
1787278843.422355,resting,fast,1787278739.9715214,-247.1972101572569,-186.59975574965517,1349.767063818811,13.994981681222999,-18.53979076179403,2.9737497041563463e-19
1787278843.433513,resting,fast,1787278739.9715214,-246.50425972105631,-187.37262513334974,1346.7938038248967,14.052946885000043,-18.487819479078993,2.9716656309875014e-19
1787278843.4441667,resting,fast,1787278739.9715214,-246.4808515552827,-187.1279634669744,1345.913931178794,14.034597260021943,-18.486063866645928,2.9702456207253897e-19
1787278843.45568,resting,fast,1787278739.9715214,-247.8907791395627,-187.69649006220595,1346.687043597679,14.07723675466423,-18.591808435466895,2.969619624730248e-19
1787278843.4669883,resting,fast,1787278739.9715214,-248.19766951528027,-186.95940373266,1352.1853706988904,14.021955279948077,-18.614825213645936,2.9771076402992617e-19
1787278843.4774249,resting,fast,1787278739.9715214,-247.6035301609304,-187.7292318707499,1350.7146717318965,14.079692390305258,-18.57026476206959,2.9749215534196253e-19
1787278843.488821,resting,fast,1787278739.9715214,-246.89713841323783,-188.49192505429266,1349.3680748691995,14.136894379070757,-18.517285380992583,2.9749557290918e-19
1787278843.5027182,resting,fast,1787278739.9715214,-245.2826748969842,-188.3123572039052,1342.767526871362,14.123426790291564,-18.396200617273614,2.967931938044808e-19
1787278843.51094,resting,fast,1787278739.9715214,-243.96757454210137,-185.57978105021846,1341.7830771540748,13.918483578765194,-18.297568090657407,2.967477603254785e-19
1787278843.522226,resting,fast,1787278739.9715214,-245.066983814389,-187.3776873268322,1346.5500392047152,14.053326549511088,-18.380023786078823,2.972017170971526e-19
1787278843.535999,resting,fast,1787278739.9715214,-247.3762036479361,-188.06188435699653,1352.3841149723785,14.104641326773493,-18.55321527359513,2.9763338427026574e-19
1787278843.544173,resting,fast,1787278739.9715214,-249.06726415937237,-191.08270518318466,1356.7723889948948,14.331202888737625,-18.680044811952662,2.9852679789113295e-19
1787278843.5555542,resting,fast,1787278739.9715214,-247.22962093657998,-188.62284954597192,1349.0873665790614,14.14671371594672,-18.542221570243214,2.978236682640397e-19
1787278843.5689585,resting,fast,1787278739.9715214,-246.88653342500265,-188.78128462109692,1346.8869983642735,14.15859634658084,-18.516490006875287,2.9747269769483707e-19
1787278843.577568,resting,fast,1787278739.9715214,-245.8893060884816,-187.58686587444492,1346.551371857201,14.069014940582097,-18.441697956635863,2.9713279367716733e-19
1787278843.5888078,resting,fast,1787278739.9715214,-247.5193916375797,-188.3020038031749,1352.9514927396076,14.122650285236919,-18.56395437281833,2.97703711210106e-19
1787278843.6039243,resting,fast,1787278739.9715214,-247.29740917753634,-187.49787842444073,1354.5526566499002,14.062340881832075,-18.547305688315078,2.9804206299669102e-19
1787278843.6106267,resting,fast,1787278739.9715214,-246.14671309131563,-187.27729464824904,1352.36971340119,14.045797098617388,-18.46100348184855,2.9798103999825264e-19
1787278843.6221232,resting,fast,1787278739.9715214,-244.88557537104907,-186.3298862277619,1347.1027325582627,13.974741467080964,-18.366418152828302,2.9780835653907384e-19
1787278843.636724,resting,fast,1787278739.9715214,-245.25638249835038,-186.8346336111896,1345.6066724037073,14.012597520838032,-18.39422868737607,2.975373502828549e-19
1787278843.6438766,resting,fast,1787278739.9715214,-246.86578479696482,-187.33437711485965,1343.8075846744969,14.050078283613377,-18.514933859771986,2.9726120590455414e-19
1787278843.6553884,resting,fast,1787278739.9715214,-248.23902779818354,-187.84788116285984,1350.2960650998439,14.088591087213107,-18.617927084863567,2.9754945622762086e-19
1787278843.6700451,resting,fast,1787278739.9715214,-247.7191212363491,-187.0140620857277,1351.6260623109238,14.026054656428375,-18.578934092726087,2.973861926911708e-19
1787278843.677488,resting,fast,1787278739.9715214,-246.81518352795456,-186.10923961801052,1353.3430996339675,13.958192971349522,-18.511138764596268,2.97389334206594e-19
1787278843.6887422,resting,fast,1787278739.9715214,-246.07675889373104,-185.86030806557767,1350.325581981534,13.939523104917175,-18.45575691702949,2.9716822299818094e-19
1787278843.6997724,resting,fast,1787278739.9715214,-245.98380806868,-185.16410583328582,1349.4432773336875,13.887307937495212,-18.448785605150597,2.9725499082536756e-19
1787278843.7107234,resting,fast,1787278739.9715214,-247.74502464043917,-185.99098198223248,1351.7160830351922,13.949323648666198,-18.580876848032773,2.9765141597537677e-19
1787278843.7220588,resting,fast,1787278739.9715214,-248.61194539854068,-186.93183129390957,1350.6649326591623,14.019887347041792,-18.645895904890217,2.9754428837122165e-19
1787278843.7367082,resting,fast,1787278739.9715214,-249.35756374861603,-188.318382672829,1350.9240187580335,14.123878700460782,-18.70181728114612,2.9778174805526135e-19
1787278843.743834,resting,fast,1787278739.9715214,-247.82216416086476,-186.9671692908572,1350.7621283553062,14.022537696813178,-18.58666231206457,2.9766979987966974e-19
1787278843.7552621,resting,fast,1787278739.9715214,-246.92469463869247,-187.14847804362205,1349.887948216773,14.036135853270483,-18.51935209790171,2.976312009459332e-19
1787278843.7691586,resting,fast,1787278739.9715214,-244.79164909414476,-186.11284260318564,1344.6842757797867,13.958463195237787,-18.359373682060756,2.970326361407595e-19
1787278843.7773736,resting,fast,1787278739.9715214,-244.65021513894635,-187.96044849553016,1341.527710586598,14.097033637163594,-18.34876613542079,2.9664647779952786e-19
1787278843.7886245,resting,fast,1787278739.9715214,-245.53273501590002,-187.88979901239497,1345.248038460967,14.091734925928595,-18.414955126192503,2.9701701861574593e-19
1787278843.8025434,resting,fast,1787278739.9715214,-247.8191119834787,-189.44942903329263,1352.2748040437664,14.208707177495885,-18.586433398760562,2.976166115608453e-19
1787278843.8104134,resting,fast,1787278739.9715214,-247.63198876049,-188.85523268594363,1351.0642239597246,14.16414245144475,-18.572399157036415,2.9779436099556605e-19
1787278843.8217976,resting,fast,1787278739.9715214,-246.8472663413072,-188.06697716627798,1347.1280051087206,14.105023287469653,-18.513544975597853,2.9757448312204205e-19
1787278843.8353498,resting,fast,1787278739.9715214,-246.8006544354953,-188.00187195460296,1347.0008576318805,14.100140396593918,-18.51004908266205,2.977709672451016e-19
1787278843.8439183,resting,fast,1787278739.9715214,-246.55167598575144,-187.14293997544576,1346.124232265137,14.035720498157307,-18.49137569893125,2.976032737767253e-19
1787278843.8552177,resting,fast,1787278739.9715214,-245.9773784647773,-186.6743149750124,1344.9273124483634,14.000573623124726,-18.448303384858306,2.974122921109775e-19
1787278843.868131,resting,fast,1787278739.9715214,-245.997509826821,-187.8107128414639,1344.9602736809948,14.085803463108594,-18.44981323701161,2.9736764845624175e-19
1787278843.8773382,resting,fast,1787278739.9715214,-247.27600439210664,-187.6973492856779,1346.8034401688628,14.077301196424774,-18.545700329407936,2.978247111374513e-19
1787278843.888473,resting,fast,1787278739.9715214,-247.03905429741963,-187.02160615543232,1348.2262802488012,14.026620461656282,-18.527929072306307,2.976828047101509e-19
1787278843.9008698,resting,fast,1787278739.9715214,-244.8454966947579,-184.45863682108723,1342.2305546579455,13.83439776158021,-18.36341225210665,2.9715389378793717e-19
1787278843.9104874,resting,fast,1787278739.9715214,-244.1082666359539,-184.88635016371848,1341.607045429072,13.866476262277633,-18.30811999769648,2.967390167341568e-19
1787278843.9219348,resting,fast,1787278739.9715214,-244.62307061076672,-186.26002605033693,1342.4332187619048,13.96950195377396,-18.34673029580707,2.968740394279892e-19
1787278843.9351776,resting,fast,1787278739.9715214,-246.42391655770416,-186.54505616178437,1343.5089652046836,13.990879212132473,-18.481793741827694,2.9719393083610503e-19
1787278843.943633,resting,fast,1787278739.9715214,-246.19834505352128,-186.50194310934046,1343.9888890228658,13.987645733199304,-18.464875879013725,2.971937398860448e-19
1787278843.9550493,resting,fast,1787278739.9715214,-246.05803285530283,-185.45521367846925,1343.5400556533868,13.909141025884313,-18.454352464147547,2.9742953112619095e-19
1787278843.9670203,resting,fast,1787278739.9715214,-245.85477388827303,-186.87086431096316,1349.0662879614838,14.015314823321308,-18.439108041620237,2.979854134628533e-19
1787278843.977206,resting,fast,1787278739.9715214,-245.55101080080703,-185.31443563508003,1348.7647155945278,13.89858267262969,-18.416325810060165,2.9866788846572053e-19
1787278843.9879465,resting,fast,1787278739.9715214,-245.09451844527348,-185.97565545302257,1345.0609125304663,13.948174158975394,-18.382088883395433,2.9837424159037773e-19
1787278843.999209,resting,fast,1787278739.9715214,-244.07514015761308,-185.52955835918976,1341.3959642813288,13.914716876937721,-18.305635511820775,2.9777647576708526e-19
1787278844.0104358,resting,fast,1787278739.9715214,-244.44361584100943,-186.5585658757269,1338.1140965946024,13.991892440678402,-18.33327118807545,2.97057549886231e-19
1787278844.0217652,resting,fast,1787278739.9715214,-245.4631567823949,-186.74053899685816,1340.9017235682377,14.005540424763385,-18.40973675867958,2.973504580926626e-19
1787278844.0339425,resting,fast,1787278739.9715214,-244.64235880036495,-187.0571129480553,1334.7341133750588,14.029283471102804,-18.34817691002725,2.9708933835224246e-19
1787278844.0437303,resting,fast,1787278739.9715214,-244.9521358054967,-187.87445625131147,1336.199612007399,14.090584218847031,-18.371410185412458,2.974062443991435e-19
1787278844.0550537,resting,fast,1787278739.9715214,-245.32894147549132,-189.3763825628531,1334.5491718029962,14.203228692212878,-18.399670610661538,2.9717301566086414e-19
1787278844.0675552,resting,fast,1787278739.9715214,-246.671153732334,-187.95988802630097,1341.4984708336697,14.0969916019713,-18.500336529924994,2.9746649997590444e-19
1787278844.0766726,resting,fast,1787278739.9715214,-247.83696361663033,-188.4146367439315,1344.1920909891714,14.131097755793451,-18.587772271247438,2.976770757551873e-19
1787278844.0879483,resting,fast,1787278739.9715214,-247.1818344782082,-187.40342320251227,1345.3372279535988,14.055256740187136,-18.538637585865523,2.978229753838888e-19
1787278844.1020203,resting,fast,1787278739.9715214,-247.10702512728085,-189.30909309473657,1346.1399461983283,14.198181982104064,-18.53302688454572,2.977615324141671e-19
1787278844.110057,resting,fast,1787278739.9715214,-245.719991627097,-187.66749245312496,1343.5328955489103,14.07506193398314,-18.428999372032045,2.977135996102364e-19
1787278844.1216204,resting,fast,1787278739.9715214,-244.25990604855042,-187.48725589175103,1342.4691163577709,14.061544191880149,-18.319492953641202,2.9757674465283255e-19
1787278844.1358552,resting,fast,1787278739.9715214,-243.8636847861285,-186.6195281431652,1340.7364232597256,13.996464610735917,-18.28977635895958,2.9745736336583966e-19
1787278844.143674,resting,fast,1787278739.9715214,-243.81042366469728,-186.97144810565067,1342.57766771759,14.02285860792249,-18.285781774851955,2.973123248461437e-19
1787278844.154836,resting,fast,1787278739.9715214,-244.4766456477032,-186.67294706334803,1344.8714852437015,14.000471029749807,-18.335748423577655,2.9741270494178965e-19
1787278844.168626,resting,fast,1787278739.9715214,-244.5617571273583,-186.16159268871786,1345.7335373551714,13.962119451652743,-18.342131784551526,2.9748619416222603e-19
1787278844.176895,resting,fast,1787278739.9715214,-245.35823772575668,-185.5494020353625,1348.112911362835,13.916205152650978,-18.401867829431446,2.973504866219773e-19
1787278844.188246,resting,fast,1787278739.9715214,-246.62175515413264,-186.0285548288524,1347.4836382958974,13.952141612162766,-18.496631636559748,2.976236576402727e-19
1787278844.2019625,resting,fast,1787278739.9715214,-246.99362089082615,-187.41221417228223,1344.7817036157985,14.05591606292008,-18.524521566811963,2.975627190690227e-19
1787278844.210124,resting,fast,1787278739.9715214,-246.26494436853,-188.9628811661886,1337.6563974923765,14.17221608746296,-18.469870827639376,2.9663680726916566e-19
1787278844.2214758,resting,fast,1787278739.9715214,-244.94466060617515,-188.81709502668775,1336.0937798521745,14.161282127000351,-18.370849545462953,2.963062311823638e-19
1787278844.2337494,resting,fast,1787278739.9715214,-245.8906356487273,-188.7917762666085,1337.4644644688024,14.15938321999447,-18.441797673654378,2.965520248085975e-19
1787278844.2436683,resting,fast,1787278739.9715214,-245.8718893304199,-188.48555939161758,1341.386276984319,14.136416954370038,-18.440391699781195,2.9770763388056264e-19
1787278844.2549503,resting,fast,1787278739.9715214,-245.47954518516917,-188.97987500711713,1342.891164288697,14.173490625532583,-18.41096588888746,2.978762500021865e-19
1787278844.2679095,resting,fast,1787278739.9715214,-244.54977284878032,-188.45958430700045,1344.0741874297573,14.134468823023884,-18.341232963658456,2.976871389824568e-19
1787278844.2765028,resting,fast,1787278739.9715214,-245.33221256939623,-188.3529405854141,1347.8853454642094,14.126470543905047,-18.39991594270458,2.974787482305177e-19
1787278844.2879703,resting,fast,1787278739.9715214,-246.51313874823745,-187.8764997672539,1348.6539083804228,14.090737482542838,-18.488485406117455,2.9736563324220293e-19
1787278844.298923,resting,fast,1787278739.9715214,-246.4738354618371,-187.2289032690254,1347.8132930769598,14.042167745175679,-18.48553765963765,2.973218983456683e-19
1787278844.310398,resting,fast,1787278739.9715214,-245.07244589907577,-187.7865152211249,1338.5073257453032,14.083988641583208,-18.380433442430466,2.9716754952013254e-19
1787278844.3214688,resting,fast,1787278739.9715214,-243.9894195023221,-187.9287058784065,1336.1307585172935,14.094652940879289,-18.299206462673993,2.970932763001266e-19
1787278844.334014,resting,fast,1787278739.9715214,-243.25437091912818,-187.42414736330818,1337.8535563582473,14.056811052246704,-18.24407781893438,2.9740915518555803e-19
1787278844.3433719,resting,fast,1787278739.9715214,-245.1136289025685,-188.59135742633327,1347.5431832511213,14.144351806973862,-18.383522167692654,2.982924139948371e-19
1787278844.3546522,resting,fast,1787278739.9715214,-246.31606467686152,-189.03273643838736,1351.2576903540003,14.177455232877907,-18.473704850764655,2.986944849239627e-19
1787278844.3666203,resting,fast,1787278739.9715214,-246.70418256694893,-190.8256847867193,1348.06356581612,14.311926359002658,-18.502813692520967,2.9845353084374087e-19
1787278844.376994,resting,fast,1787278739.9715214,-244.30195247033726,-188.52916649875522,1340.2248006467535,14.1396874874055,-18.322646435275097,2.974716832919523e-19
1787278844.387975,resting,fast,1787278739.9715214,-243.67548194356323,-189.04190705584085,1335.177664537584,14.178143029186902,-18.275661145766918,2.969768823515259e-19
1787278844.4004955,resting,fast,1787278739.9715214,-243.86999185612103,-188.52148518033835,1337.298263343816,14.139111388524075,-18.29024938920913,2.966110847301091e-19
1787278844.4100761,resting,fast,1787278739.9715214,-245.95853763390141,-189.49144787606554,1343.6118316816328,14.211858590703503,-18.446890322542494,2.973816393788589e-19
1787278844.421309,resting,fast,1787278739.9715214,-245.6447342905508,-188.56039641887298,1344.844494638125,14.142029731414258,-18.42335507179144,2.974553390833336e-19
1787278844.433488,resting,fast,1787278739.9715214,-245.75960021917808,-188.1097812585682,1343.7492894373163,14.108233594391496,-18.43197001643812,2.9764949069729033e-19
1787278844.4432538,resting,fast,1787278739.9715214,-245.28264238126621,-189.06608019680255,1341.8747515404166,14.179956014759174,-18.39619817859485,2.9743029002974353e-19
1787278844.4545965,resting,fast,1787278739.9715214,-244.80128714172815,-189.3645705839475,1342.4417396819,14.202342793794845,-18.360096535629246,2.9752230080998787e-19
1787278844.46611,resting,fast,1787278739.9715214,-245.2130550709985,-189.48294402090607,1343.504620913628,14.211220801566558,-18.390979130324666,2.976318267495755e-19
1787278844.4766948,resting,fast,1787278739.9715214,-243.38475269642686,-186.49587462451848,1342.8469838283227,13.987190596837525,-18.253856452231844,2.9729200233688353e-19
1787278844.4879391,resting,fast,1787278739.9715214,-246.0356034319534,-187.1042647540213,1344.4672946435412,14.032819856550265,-18.452670257396306,2.9730229185256313e-19
1787278844.49881,resting,fast,1787278739.9715214,-245.64065724666534,-187.08170661753513,1345.5027810092442,14.031127996314044,-18.423049293499815,2.974810167412612e-19
1787278844.5101163,resting,fast,1787278739.9715214,-245.406712944809,-187.6198400818397,1342.671458925658,14.071488006136935,-18.405503470860324,2.97495144642282e-19
1787278844.5212927,resting,fast,1787278739.9715214,-242.514905481195,-185.7629020684118,1341.3350661230188,13.93221765512968,-18.188617911089636,2.9727924237210954e-19
1787278844.5320318,resting,fast,1787278739.9715214,-242.20486801260677,-185.18109811611328,1342.6651350486236,13.888582358707414,-18.165365100945415,2.9733891531638115e-19
1787278844.5433002,resting,fast,1787278739.9715214,-243.1617732444788,-184.8633469089533,1344.7876734605115,13.864751018170242,-18.23713299333606,2.9703518483622713e-19
1787278844.5545433,resting,fast,1787278739.9715214,-243.0431241716792,-183.99286874746815,1345.6717625848078,13.799465156058961,-18.2282343128756,2.9745598642842607e-19
1787278844.565812,resting,fast,1787278739.9715214,-243.40820840768401,-184.13277748933058,1343.6018257615424,13.809958311698697,-18.255615630576102,2.9733560416887853e-19
1787278844.576671,resting,fast,1787278739.9715214,-242.81033392128984,-184.09280932263562,1347.0015291210957,13.806960699196782,-18.210775044096508,2.980046465256409e-19
1787278844.5880098,resting,fast,1787278739.9715214,-244.25278472480522,-186.29509421601722,1346.3859291599229,13.97213206620015,-18.318958854360076,2.9774360618966203e-19
1787278844.5995774,resting,fast,1787278739.9715214,-243.8865372330688,-185.7207175304069,1345.2749803509987,13.929053814779184,-18.291490292479992,2.9743781299977033e-19
1787278844.6102219,resting,fast,1787278739.9715214,-243.71178911135894,-187.76015159470364,1340.4658527159363,14.082011369601549,-18.278384183351754,2.9693312060202625e-19
1787278844.6211228,resting,fast,1787278739.9715214,-243.73727648767408,-187.60757929396175,1342.4148915497162,14.070568447046146,-18.280295736575354,2.9709704026826644e-19
1787278844.63283,resting,fast,1787278739.9715214,-244.53478213136214,-189.25982348090417,1345.1100174815956,14.194486761066774,-18.3401086598522,2.9791276248484463e-19
1787278844.643046,resting,fast,1787278739.9715214,-245.49947689185365,-189.30185481235696,1346.1771384762424,14.197639110925525,-18.412460766888863,2.9797096428675764e-19
1787278844.6545525,resting,fast,1787278739.9715214,-244.52101489279949,-188.0063670950616,1342.241494485549,14.100477532128341,-18.33907611695983,2.976066286658379e-19
1787278844.6659102,resting,fast,1787278739.9715214,-242.9067261979576,-185.86868441160152,1338.978482614165,13.940151330868876,-18.21800446484678,2.9699875668311006e-19
1787278844.676433,resting,fast,1787278739.9715214,-242.60089749331155,-186.2779046330876,1338.8097351964689,13.970842847480416,-18.195067311998223,2.969284485680696e-19
1787278844.6876605,resting,fast,1787278739.9715214,-243.49786534816621,-187.33357808637913,1340.7713165164341,14.0500183564772,-18.262339901112284,2.9741508332355064e-19
1787278844.699661,resting,fast,1787278739.9715214,-244.69892910025965,-189.22891939485055,1341.4265645156438,14.192168954612345,-18.352419682519574,2.976808436752177e-19
1787278844.7097762,resting,fast,1787278739.9715214,-244.1199746211082,-188.11587310641642,1340.0260594529436,14.108690482980055,-18.30899809658294,2.9775861014326398e-19
1787278844.7211437,resting,fast,1787278739.9715214,-244.01631311699248,-187.95508830654887,1341.3837326369185,14.096631622989964,-18.301223483774407,2.9752262071673747e-19
1787278844.7329621,resting,fast,1787278739.9715214,-244.38859587127763,-187.86076781598592,1341.7456060310788,14.089557586197476,-18.3291446903459,2.974421933600037e-19
1787278844.7430773,resting,fast,1787278739.9715214,-245.65766045898772,-187.97016296610843,1346.0100366750803,14.09776222245667,-18.42432453442396,2.979823278949402e-19
1787278844.7542615,resting,fast,1787278739.9715214,-246.48728242931838,-187.85667245144316,1349.528142948403,14.08925043385688,-18.486546182198794,2.98324200473712e-19
1787278844.7654362,resting,fast,1787278739.9715214,-246.02714201784738,-188.1775338028027,1349.078010780665,14.113315035208874,-18.45203565133871,2.9840488205366374e-19
1787278844.7764375,resting,fast,1787278739.9715214,-246.9660168250889,-187.56408819717637,1349.5198552097636,14.067306614787146,-18.52245126188177,2.9799422710382355e-19
1787278844.7876294,resting,fast,1787278739.9715214,-246.93651083270242,-188.10603756412831,1348.5257181249954,14.10795281730822,-18.520238312452364,2.982079488161998e-19
1787278844.7982974,resting,fast,1787278739.9715214,-247.27829245044222,-188.00124201842016,1348.0250242574248,14.100093151380168,-18.545871933783104,2.978678239796936e-19
1787278844.809492,resting,fast,1787278739.9715214,-246.650944484521,-188.63810858464888,1348.447131271988,14.14785814384739,-18.4988208363389,2.979729237069846e-19
1787278844.8210683,resting,fast,1787278739.9715214,-246.15727760276013,-189.02735741428148,1346.4524577694583,14.177051806069972,-18.46179582020683,2.9744406215591876e-19
1787278844.8319085,resting,fast,1787278739.9715214,-246.33892354215232,-188.98964158106253,1348.5960113123301,14.174223118578585,-18.4754192656614,2.976358412881204e-19
1787278844.8427908,resting,fast,1787278739.9715214,-246.2728487654408,-189.8863159807164,1345.134224610797,14.241473698552841,-18.470463657407947,2.976099685315342e-19
1787278844.8543437,resting,fast,1787278739.9715214,-246.32296389958947,-188.76940950109554,1343.5462512726854,14.157705712580938,-18.474222292469257,2.974663443510469e-19
1787278844.8654346,resting,fast,1787278739.9715214,-244.65830165669968,-187.75985322089116,1341.8536735721582,14.081988991565598,-18.349372624252233,2.9727305157989835e-19
1787278844.8764565,resting,fast,1787278739.9715214,-243.74777181729723,-186.67484538340284,1341.8340332131165,14.000613403753935,-18.281082886297213,2.970098401424347e-19
1787278844.8875082,resting,fast,1787278739.9715214,-243.37563180191455,-187.94327075448666,1339.6508977965468,14.09574530658556,-18.253172385143415,2.9699960171473316e-19
1787278844.898874,resting,fast,1787278739.9715214,-244.33969502521222,-187.3996602805513,1341.2619006214218,14.054974521040126,-18.32547712689071,2.971224648364648e-19
1787278844.9096978,resting,fast,1787278739.9715214,-245.2872636029456,-187.05746355325653,1345.035203801307,14.029309766493089,-18.396544770220515,2.974562620755416e-19
1787278844.9208682,resting,fast,1787278739.9715214,-246.59113342932096,-186.2937191839968,1350.471983663051,13.97202893879852,-18.49433500719897,2.979156635487403e-19
1787278844.9320278,resting,fast,1787278739.9715214,-245.58655453439178,-187.11841757669993,1346.1692626324211,14.03388131825135,-18.41899159007921,2.977242454816153e-19
1787278844.9428344,resting,fast,1787278739.9715214,-245.4749000661891,-186.7844065898754,1342.1411427224893,14.008830494239437,-18.410617504964065,2.9731546126602002e-19
1787278844.9541314,resting,fast,1787278739.9715214,-244.57903160087653,-186.83527695706664,1338.9698625022475,14.012645771778683,-18.343427370065704,2.9700840591149434e-19
1787278844.9651837,resting,fast,1787278739.9715214,-247.05232842524538,-187.04877345144075,1344.348877465428,14.028658008856926,-18.528924631893027,2.974606610730601e-19
1787278844.9762464,resting,fast,1787278739.9715214,-246.12143513946148,-187.5876554485668,1344.1916756949768,14.069074158641417,-18.45910763545949,2.975133822795385e-19
1787278844.987494,resting,fast,1787278739.9715214,-246.32504786470736,-187.67305488408226,1344.979760609037,14.075479116305036,-18.47437858985284,2.973253092496381e-19
1787278844.9980435,resting,fast,1787278739.9715214,-245.02207223607866,-188.59527483475165,1342.2413670024698,14.144645612605078,-18.376655417705607,2.9702941302111264e-19
1787278845.0097194,resting,fast,1787278739.9715214,-245.39323341724912,-189.10646093126854,1341.3131108639454,14.182984569843999,-18.404492506293465,2.971255656104037e-19
1787278845.0207357,resting,fast,1787278739.9715214,-244.82288213366292,-188.37321938270122,1341.7133226336236,14.127991453701302,-18.36171616002442,2.970116412232409e-19
1787278845.0317087,resting,fast,1787278739.9715214,-244.81510307654708,-187.66368688982345,1340.4183117813036,14.074776516735557,-18.361132730741012,2.969045942890429e-19
1787278845.0427396,resting,fast,1787278739.9715214,-245.3682653361043,-187.17979543029116,1341.382999382965,14.038484657270704,-18.40261990020789,2.968408696445879e-19
1787278845.0538957,resting,fast,1787278739.9715214,-245.4476942567885,-187.07095655602404,1339.0225570521006,14.030321741700437,-18.408577069258847,2.968438803027361e-19
1787278845.064694,resting,fast,1787278739.9715214,-244.2510768651614,-184.90852877395366,1340.0020893535266,13.868139658045312,-18.318830764886982,2.9672922353710925e-19
1787278845.076034,resting,fast,1787278739.9715214,-244.2584049952534,-186.55264604153524,1343.2148553959441,13.991448453113978,-18.319380374643856,2.9705467977332797e-19
1787278845.0873828,resting,fast,1787278739.9715214,-244.62744233647982,-187.12295983757383,1346.1458856901145,14.034221987816696,-18.347058175235816,2.975936787256748e-19
1787278845.0984137,resting,fast,1787278739.9715214,-245.52426925138343,-188.85108980793927,1347.416048691267,14.163831735594261,-18.414320193853627,2.980262211349385e-19
1787278845.1094403,resting,fast,1787278739.9715214,-246.4338480363017,-187.5203872806395,1346.3315957051955,14.064029046046873,-18.4825386027224,2.9826411278695713e-19
1787278845.1204376,resting,fast,1787278739.9715214,-246.82671310008982,-187.4704765398336,1347.0873506420967,14.060285740486254,-18.512003482506707,2.9818825231180603e-19
1787278845.1317713,resting,fast,1787278739.9715214,-246.4347988423665,-187.22454180616216,1342.0470287809812,14.041840635461046,-18.48260991317715,2.9779911956269427e-19
1787278845.1427016,resting,fast,1787278739.9715214,-244.73592911919468,-188.12272413836297,1340.2943598928805,14.109204310376104,-18.355194683939274,2.9758908394749993e-19
1787278845.153934,resting,fast,1787278739.9715214,-243.40786475343384,-188.4438654320212,1335.250690519476,14.133289907400414,-18.25558985650718,2.9683901209516636e-19
1787278845.1651208,resting,fast,1787278739.9715214,-243.5598093639287,-188.35858419919566,1340.526663741909,14.126893814938573,-18.266985702294583,2.971522800316302e-19
1787278845.1759667,resting,fast,1787278739.9715214,-242.45333886430444,-185.98366207572883,1339.3104682571566,13.948774655678367,-18.184000414822755,2.9630861613012015e-19
1787278845.1874459,resting,fast,1787278739.9715214,-243.05943885480565,-184.57284162477106,1344.3874730089346,13.842963121856759,-18.22945791411022,2.9698245484826083e-19
1787278845.1980824,resting,fast,1787278739.9715214,-243.7093350089758,-185.822578829264,1344.0903929368005,13.936693412193723,-18.278200125673088,2.9702308182606705e-19
1787278845.2095566,resting,fast,1787278739.9715214,-246.00205047058307,-187.48531638470138,1348.8397695362883,14.061398728851461,-18.450153785293743,2.9783345904401763e-19
1787278845.2205489,resting,fast,1787278739.9715214,-246.1137992035042,-187.51712786199926,1347.8840997189773,14.063784589648751,-18.45853494026278,2.9776918638569274e-19
1787278845.2311194,resting,fast,1787278739.9715214,-246.78851469621304,-187.3352765798769,1348.8142702580108,14.050145743489427,-18.50913860221558,2.980557702676139e-19
1787278845.2422736,resting,fast,1787278739.9715214,-246.01920351813396,-186.6365745549498,1345.4023667308384,13.997743091619999,-18.451440263860007,2.9780623752918424e-19
1787278845.2536268,resting,fast,1787278739.9715214,-245.71094159027552,-187.21839622104483,1344.0921269051769,14.041379716577229,-18.4283206192706,2.9735862960451835e-19
1787278845.2646117,resting,fast,1787278739.9715214,-244.22566452192086,-186.03689053870414,1341.7793173909113,13.9527667904016,-18.31692483914398,2.9688359165219063e-19
1787278845.2760189,resting,fast,1787278739.9715214,-244.93752968240597,-185.05252838268677,1341.84243139513,13.878939628700326,-18.37031472618029,2.9696428344818094e-19
1787278845.287116,resting,fast,1787278739.9715214,-244.45170794217347,-184.87578475343264,1341.180688321595,13.865683856506113,-18.33387809566308,2.9705552805179547e-19
1787278845.298187,resting,fast,1787278739.9715214,-245.85053672860204,-186.46874994216307,1344.0631142455286,13.985156245660907,-18.438790254644864,2.9736167145800464e-19
1787278845.309113,resting,fast,1787278739.9715214,-245.31537754386545,-188.57002796734594,1343.689036024888,14.142752097549991,-18.39865331578968,2.9725653238629716e-19
1787278845.320344,resting,fast,1787278739.9715214,-245.5186305943057,-188.8026826150052,1346.202255218127,14.160201196123996,-18.41389729457287,2.9757920179700084e-19
1787278845.3309486,resting,fast,1787278739.9715214,-243.2134629907864,-187.59552419134718,1339.859604690334,14.06966431434967,-18.241009724309002,2.973351971064627e-19
1787278845.342338,resting,fast,1787278739.9715214,-244.50981519967036,-188.53142644374464,1342.7253152511885,14.139856983279532,-18.338236139975123,2.9734697004534975e-19
1787278845.3536348,resting,fast,1787278739.9715214,-244.92445775103488,-188.34424698772443,1342.345861206216,14.125818524078102,-18.36933433132745,2.9747237631982897e-19
1787278845.3643343,resting,fast,1787278739.9715214,-246.6952541297419,-189.443305620999,1347.3571992476218,14.20824792157379,-18.50214405973059,2.974939262748455e-19
1787278845.3754864,resting,fast,1787278739.9715214,-246.62142622939473,-186.72983393928973,1350.7055384272617,14.004737545445582,-18.496606967204585,2.975026862374461e-19
1787278845.3867462,resting,fast,1787278739.9715214,-247.00264525263492,-187.68894575820752,1351.2379650833745,14.07667093186419,-18.525198393947512,2.975418075949579e-19
1787278845.3976226,resting,fast,1787278739.9715214,-247.01421833680934,-186.5266513334526,1350.9783493638633,13.989498850007852,-18.52606637526049,2.973837930603909e-19
1787278845.4088836,resting,fast,1787278739.9715214,-246.45333123765658,-186.90596065546708,1346.8899164446111,14.017947049158781,-18.4839998428239,2.9729131556382545e-19
1787278845.4200768,resting,fast,1787278739.9715214,-246.59502365685557,-186.38141266253467,1347.3043048081427,13.978605949689086,-18.49462677426383,2.974112449714011e-19
1787278845.4308562,resting,fast,1787278739.9715214,-246.97389944684028,-187.274823306774,1347.8248374403129,14.045611748006753,-18.523042458512805,2.9725433601183405e-19
1787278845.4422214,resting,fast,1787278739.9715214,-247.68286500338354,-189.77670000422734,1348.4634568241918,14.233252500315931,-18.576214875253413,2.973001535866268e-19
1787278845.4535627,resting,fast,1787278739.9715214,-247.99757898772032,-189.7176389704042,1347.8051599876644,14.228822922779035,-18.59981842407865,2.971381191134402e-19
1787278845.4641657,resting,fast,1787278739.9715214,-248.57170432134672,-188.74021736123711,1352.0389964494289,14.155516302091502,-18.64287782410088,2.9767626438204614e-19
1787278845.475514,resting,fast,1787278739.9715214,-247.0252706502174,-186.69786267690836,1349.0886426002426,14.00233970076707,-18.526895298766256,2.973974541162264e-19
1787278845.4869254,resting,fast,1787278739.9715214,-246.2890245657004,-186.8549487100355,1345.061176771168,14.014121153251526,-18.471676842427293,2.971164268076654e-19
1787278845.497496,resting,fast,1787278739.9715214,-245.32687832317197,-186.76899752405245,1340.0943810825293,14.007674814302536,-18.39951587423787,2.9664791003268876e-19
1787278845.5088437,resting,fast,1787278739.9715214,-246.60351089472942,-187.65348067745606,1344.2775296324462,14.074011050808,-18.495263317104417,2.9714873514476773e-19
1787278845.5201132,resting,fast,1787278739.9715214,-246.70863533685724,-186.58878951845134,1347.147869243,13.99415921388277,-18.503147650264083,2.969708278841057e-19
1787278845.5307693,resting,fast,1787278739.9715214,-248.6616150709492,-186.74229549258064,1351.6362897072313,14.005672161942076,-18.649621130320895,2.9755946619643025e-19
1787278845.5421588,resting,fast,1787278739.9715214,-248.50918383979524,-187.65333235737523,1349.1803796520735,14.073999926801807,-18.638188787984298,2.97360758059725e-19
1787278845.5534225,resting,fast,1787278739.9715214,-248.60688710326986,-188.80979983707005,1346.2786704142136,14.160734987778984,-18.645516532745212,2.9744565955812495e-19
1787278845.5641463,resting,fast,1787278739.9715214,-246.36286648878422,-188.86719504204382,1339.7318305867384,14.165039628152133,-18.477214986658836,2.967535292595033e-19
1787278845.5755892,resting,fast,1787278739.9715214,-245.45984223384448,-186.54075438930988,1341.406801339902,13.990556579197179,-18.409488167538136,2.9685314024989974e-19
1787278845.5867798,resting,fast,1787278739.9715214,-245.685448202104,-185.6762006572818,1344.663583757113,13.925715049294897,-18.42640861515764,2.969291852382303e-19
1787278845.5973606,resting,fast,1787278739.9715214,-246.07646030446313,-185.18885503800823,1346.3880388675143,13.88916412784933,-18.45573452283473,2.969138646386081e-19
1787278845.608638,resting,fast,1787278739.9715214,-246.77301764410413,-186.92217951949908,1351.160787335174,14.01916346396121,-18.5079763233077,2.972498620109173e-19
1787278845.6200242,resting,fast,1787278739.9715214,-246.90416564782527,-186.51903920235566,1350.6895296694156,13.988927940175689,-18.517812423586804,2.9712323494810344e-19
1787278845.6306326,resting,fast,1787278739.9715214,-247.48721516726027,-187.403100402547,1352.4531079568524,14.055232530189858,-18.561541137544452,2.9738627878334756e-19
1787278845.6418712,resting,fast,1787278739.9715214,-247.78229471029363,-187.30289874514744,1345.456231077732,14.047717405884871,-18.583672103271745,2.9685679048397617e-19
1787278845.6533954,resting,fast,1787278739.9715214,-247.38766313131828,-189.61851550026824,1346.9229286213422,14.22138866251905,-18.554074734848776,2.9732592442934893e-19
1787278845.6639838,resting,fast,1787278739.9715214,-247.14918211147824,-189.89829387998782,1346.4036356693423,14.242372040997896,-18.5361886583607,2.9729505975728813e-19
1787278845.675069,resting,fast,1787278739.9715214,-247.5723222749034,-189.81622619947814,1349.281201168932,14.23621696495957,-18.567924170617687,2.9774410007508265e-19
1787278845.686652,resting,fast,1787278739.9715214,-247.82671322170472,-189.6665396274219,1344.9424399983263,14.224990472055612,-18.5870034916276,2.974546745538377e-19
1787278845.6971319,resting,fast,1787278739.9715214,-247.6843081363063,-189.72977722642838,1346.162603760521,14.229733291981024,-18.576323110222937,2.975188607329538e-19
1787278845.7087526,resting,fast,1787278739.9715214,-247.01884533635484,-188.85686187303384,1347.8694544557557,14.164264640476322,-18.526413400226346,2.9721820285070525e-19
1787278845.719762,resting,fast,1787278739.9715214,-247.23049800064246,-188.74046750530908,1351.824336345785,14.155535062897062,-18.54228735004822,2.9746275832637624e-19
1787278845.7307382,resting,fast,1787278739.9715214,-247.22952796092295,-186.79769991610863,1350.4700535402053,14.009827493706997,-18.542214597069098,2.976818917017143e-19
1787278845.7418475,resting,fast,1787278739.9715214,-247.50748572642487,-187.99896393700726,1347.3959064161872,14.099922295274428,-18.563061429481706,2.9774898057742727e-19
1787278845.7530422,resting,fast,1787278739.9715214,-248.09460450471715,-188.00076141210377,1347.2617528454439,14.100057105906817,-18.607095337853508,2.9791851221108783e-19
1787278845.7640948,resting,fast,1787278739.9715214,-248.0756133496584,-188.7305845275124,1347.582736399184,14.154793839562263,-18.605671001224053,2.9751194377892143e-19
1787278845.775365,resting,fast,1787278739.9715214,-248.63050070770942,-188.933332240087,1349.8493136591615,14.169999918005264,-18.64728755307806,2.976043680281055e-19
1787278845.7864199,resting,fast,1787278739.9715214,-247.8851747648382,-187.76925524985643,1352.111576653825,14.082694143738227,-18.591388107362555,2.971524989830625e-19
1787278845.797339,resting,fast,1787278739.9715214,-248.32654546641106,-188.07878259014922,1350.3765968753805,14.105908694260055,-18.62449090998048,2.972108039775251e-19
1787278845.8084679,resting,fast,1787278739.9715214,-247.59655144047565,-187.7623346424183,1348.0611167408888,14.082175098180091,-18.569741358035557,2.9713364925306813e-19
1787278845.819677,resting,fast,1787278739.9715214,-247.4456691590981,-187.9752034426814,1343.1109349958542,14.098140258199951,-18.558425186932183,2.9719759529930357e-19
1787278845.8306603,resting,fast,1787278739.9715214,-248.8436089600932,-189.39160109633906,1348.8185519519075,14.204370082224504,-18.66327067200698,2.9820240553866616e-19
1787278845.8418314,resting,fast,1787278739.9715214,-248.9946922995864,-189.03609841448508,1351.0499087287017,14.177707381085572,-18.674601922468895,2.981589390375415e-19
1787278845.8529716,resting,fast,1787278739.9715214,-248.90730319308705,-187.47522425102818,1352.027283952414,14.06064181882633,-18.66804773948141,2.9804127992488373e-19
1787278845.8639555,resting,fast,1787278739.9715214,-247.65238798514156,-185.9793958855247,1349.130900426574,13.948454691413165,-18.573929098885372,2.974561688241164e-19
1787278845.8754253,resting,fast,1787278739.9715214,-248.37720886892885,-187.18244899717808,1352.6984321134796,14.038683674787183,-18.62829066516923,2.979494025099482e-19
1787278845.8862562,resting,fast,1787278739.9715214,-248.58732832305168,-188.26691270188587,1354.7065410415062,14.120018452640341,-18.644049624228614,2.980745070670764e-19
1787278845.897055,resting,fast,1787278739.9715214,-248.59966618584485,-188.5818788411683,1356.461122135087,14.143640913086688,-18.644974963938218,2.979568364027147e-19
1787278845.908676,resting,fast,1787278739.9715214,-246.2021263159918,-186.11157314055424,1348.3450940723405,13.958367985540423,-18.46515947369913,2.9734461362940583e-19
1787278845.9197218,resting,fast,1787278739.9715214,-246.38005915469557,-187.68234859673987,1349.6531281489924,14.076176144754402,-18.47850443660211,2.9788344614183223e-19
1787278845.9304724,resting,fast,1787278739.9715214,-245.78330398736443,-187.62671444849445,1348.508208864273,14.072003583635922,-18.433747799052107,2.979528834771526e-19
1787278845.9419296,resting,fast,1787278739.9715214,-246.8602199992015,-187.29976887221926,1352.3022169190344,14.047482665415405,-18.514516499940072,2.9803667671139283e-19
1787278845.9532468,resting,fast,1787278739.9715214,-246.93380799060242,-185.5932861578882,1352.8040048087832,13.919496461840485,-18.520035599295184,2.9758528261923736e-19
1787278845.9636123,resting,fast,1787278739.9715214,-248.21748494874873,-185.89106764552514,1355.8939065456552,13.941830073413232,-18.616311371156065,2.9764882864161986e-19
1787278845.9752333,resting,fast,1787278739.9715214,-248.45519085776914,-186.54073133325994,1351.0026235406776,13.990554849993476,-18.634139314332586,2.972778411343211e-19
1787278845.9864228,resting,fast,1787278739.9715214,-248.05801624012156,-187.77718072865684,1347.9734675040481,14.08328855464784,-18.604351218008908,2.9733022950881896e-19
1787278845.997168,resting,fast,1787278739.9715214,-246.32542398469332,-187.39599911662924,1342.412092013291,14.054699933746168,-18.474406798851824,2.969977065979099e-19
1787278846.0086205,resting,fast,1787278739.9715214,-246.8745486955636,-189.37238490525112,1347.9602368648257,14.202928867892442,-18.515591152167083,2.976918650200029e-19
1787278846.019491,resting,fast,1787278739.9715214,-247.51005564173602,-189.0987658930452,1348.9417947610045,14.18240744197718,-18.563254173130225,2.9745697871024997e-19
1787278846.0302274,resting,fast,1787278739.9715214,-248.7677551352731,-190.0342543560015,1353.514000346021,14.252569076698908,-18.65758163514535,2.97790343827274e-19
1787278846.041755,resting,fast,1787278739.9715214,-248.48138744161633,-188.59534600028212,1352.8846208161858,14.144650950020281,-18.636104058121077,2.9757687757214857e-19
1787278846.0528998,resting,fast,1787278739.9715214,-248.68279387803386,-188.98634642861737,1355.9125858879552,14.173975982145127,-18.651209540852562,2.9827618960578826e-19
1787278846.0637622,resting,fast,1787278739.9715214,-247.9211141317769,-187.5941568808206,1350.7856906050047,14.069561766060321,-18.594083559883117,2.9747937704331905e-19
1787278846.0750756,resting,fast,1787278739.9715214,-247.7173053717911,-188.23486522431847,1350.331356119853,14.117614891822516,-18.57879790288417,2.9758480117153915e-19
1787278846.0863733,resting,fast,1787278739.9715214,-247.35745643515793,-187.4074526637695,1349.0671762125503,14.055558949781517,-18.551809232636607,2.9703428835956164e-19
1787278846.0968823,resting,fast,1787278739.9715214,-248.82287169016536,-188.84687311074174,1356.371119841543,14.163515483304455,-18.661715376762047,2.981611650958138e-19
1787278846.1079757,resting,fast,1787278739.9715214,-248.39708701540667,-188.3783268814501,1354.0998460687888,14.128374516107886,-18.629781526155462,2.9761292815007677e-19
1787278846.119363,resting,fast,1787278739.9715214,-248.6726044089296,-188.8231135187467,1349.8818129807833,14.161733513904966,-18.65044533066957,2.9746499770239495e-19
1787278846.1300604,resting,fast,1787278739.9715214,-247.69847656619413,-187.71464825116857,1345.2229099912538,14.078598618836512,-18.577385742464415,2.9694189573152893e-19
1787278846.1415856,resting,fast,1787278739.9715214,-248.14573213708582,-188.58084541578398,1349.1572636076298,14.143563406182398,-18.61092991028125,2.974928576607117e-19
1787278846.1527574,resting,fast,1787278739.9715214,-247.72279786143417,-188.72734846720948,1353.2675597222233,14.154551135039544,-18.579209839607373,2.9771782240192117e-19
1787278846.1633472,resting,fast,1787278739.9715214,-246.9151300143044,-189.55889688932973,1349.4957967635519,14.216917266698577,-18.518634751072796,2.9726635277509315e-19
1787278846.1748781,resting,fast,1787278739.9715214,-245.34721507765653,-187.33980012478935,1343.6101910038187,14.050485009358045,-18.40104113082385,2.966673584454822e-19
1787278846.1860633,resting,fast,1787278739.9715214,-245.5381032581031,-186.25189935350807,1340.7418657965036,13.968892451511838,-18.415357744357536,2.9643557520088156e-19
1787278846.1967778,resting,fast,1787278739.9715214,-245.8532611418409,-186.60710583826483,1344.4908834765747,13.995532937868564,-18.438994585637907,2.9711382384059373e-19
1787278846.208114,resting,fast,1787278739.9715214,-247.16790264771817,-187.3615609003981,1347.2063052898238,14.052117067528716,-18.537592698578607,2.9736482187725467e-19
1787278846.2218776,resting,fast,1787278739.9715214,-247.5121524157853,-188.66426821011635,1349.1009142064095,14.14982011575744,-18.563411431183773,2.97512202964197e-19
1787278846.2302327,resting,fast,1787278739.9715214,-246.4527501949883,-186.84470738226548,1349.014308639119,14.013353053668968,-18.483956264623977,2.974480104003269e-19
1787278846.2415335,resting,fast,1787278739.9715214,-246.13432989036528,-187.43973316999325,1348.0509225034193,14.057979987748343,-18.46007474177734,2.9780368673304895e-19
1787278846.2552667,resting,fast,1787278739.9715214,-245.68031000484234,-186.59249346738022,1348.1415217132317,13.99443701005254,-18.42602325036288,2.979330109823823e-19
1787278846.2633688,resting,fast,1787278739.9715214,-246.53760316264606,-189.28441338572145,1346.410033670315,14.1963310039277,-18.490320237198155,2.976557117741367e-19
1787278846.2747543,resting,fast,1787278739.9715214,-247.02446625588573,-187.5582655937725,1350.160366043926,14.066869919531701,-18.526834969191164,2.974753580257951e-19
1787278846.2859752,resting,fast,1787278739.9715214,-247.84570888033568,-187.19416575202774,1350.5559698972784,14.039562431400658,-18.588428166024826,2.977502797275733e-19
1787278846.2967439,resting,fast,1787278739.9715214,-247.9136938481247,-185.08436229511392,1352.1130488663466,13.881327172132192,-18.593527038609075,2.9780834904964613e-19
1787278846.3081336,resting,fast,1787278739.9715214,-247.7410835855976,-185.79722193232794,1344.6461154531307,13.934791644923468,-18.58058126891951,2.972443428333911e-19
1787278846.3225617,resting,fast,1787278739.9715214,-246.84929350040647,-185.35021662911106,1341.7188772874697,13.90126624718204,-18.513697012530237,2.96974571002724e-19
1787278846.3299396,resting,fast,1787278739.9715214,-246.58986010901071,-184.88587287085795,1338.8856208286843,13.866440465313207,-18.49423950817536,2.966617750398768e-19
1787278846.341341,resting,fast,1787278739.9715214,-246.0332783564795,-184.8212626152257,1341.617563245144,13.861594696140916,-18.452495876735668,2.9709294121931163e-19
1787278846.3554964,resting,fast,1787278739.9715214,-245.06837531258543,-184.90828337697155,1339.090630363985,13.86812125327167,-18.380128148443774,2.9642940932023486e-19
1787278846.363258,resting,fast,1787278739.9715214,-244.60035442461822,-184.56490140531434,1338.6336386018838,13.84236760539746,-18.345026581845914,2.96292053269184e-19
1787278846.3747249,resting,fast,1787278739.9715214,-245.26944586120635,-185.38771362389832,1343.2343015656652,13.904078521791536,-18.39520843959056,2.967624078108847e-19
1787278846.3883467,resting,fast,1787278739.9715214,-245.8790670457388,-185.95512757024233,1347.279458321892,13.946634567766967,-18.440930028430245,2.9763155623650793e-19
1787278846.3967638,resting,fast,1787278739.9715214,-246.45832727357674,-187.5148738088759,1351.879044796723,14.063615535664699,-18.484374545518108,2.983669434160467e-19
1787278846.4080613,resting,fast,1787278739.9715214,-245.9416478434946,-187.04719080040593,1353.559922848529,14.028539310029547,-18.445623588261896,2.985575566186324e-19
1787278846.4212747,resting,fast,1787278739.9715214,-245.85814823291776,-187.61020762217106,1352.7340221783752,14.0707655716616,-18.439361117468593,2.97943134802903e-19
1787278846.429951,resting,fast,1787278739.9715214,-246.0464855816722,-187.48170387056018,1349.737425402941,14.061127790290687,-18.45348641862526,2.9773696556562773e-19
1787278846.4412293,resting,fast,1787278739.9715214,-245.88149626978384,-187.40574766866473,1345.1493515130978,14.055431075148793,-18.44111222023365,2.9732065281116515e-19
1787278846.4539804,resting,fast,1787278739.9715214,-245.39679266214944,-187.5631918023247,1344.038518733153,14.067239385173313,-18.404759449661398,2.975092035794857e-19
1787278846.4633272,resting,fast,1787278739.9715214,-245.2395862930466,-185.19428353142064,1345.46248490559,13.88957126485511,-18.39296897197829,2.9736115734075986e-19
1787278846.4746373,resting,fast,1787278739.9715214,-246.71674454087906,-185.47240153726023,1348.6399109705662,13.910430115293384,-18.503755840565688,2.975560003205092e-19
1787278846.486185,resting,fast,1787278739.9715214,-248.35147679975444,-186.2928771866292,1351.619680126857,13.971965788996034,-18.626360759981537,2.978329687504028e-19
1787278846.4969115,resting,fast,1787278739.9715214,-246.98691656677738,-187.70013241921163,1349.260342303828,14.077509931439668,-18.524018742508147,2.9781913401717085e-19
1787278846.5079877,resting,fast,1787278739.9715214,-246.0461133050535,-187.71162925866622,1346.600764137519,14.0783721943988,-18.453458497878756,2.9743858110719863e-19
1787278846.5201256,resting,fast,1787278739.9715214,-245.55282800576197,-185.97471925480534,1345.3445392873882,13.948103944109054,-18.4164621004319,2.9710149094585684e-19
1787278846.5300505,resting,fast,1787278739.9715214,-246.55902246723008,-185.95348275011986,1343.5154037315833,13.946511206257941,-18.491926685042024,2.9719553056956545e-19
1787278846.5412848,resting,fast,1787278739.9715214,-245.70181176757296,-185.90643640706014,1341.6906121184938,13.942982730528332,-18.427635882567877,2.9730999389234447e-19
1787278846.5538538,resting,fast,1787278739.9715214,-245.13744055134475,-186.34453935412682,1343.0177996595548,13.975840451558444,-18.38530804135074,2.9735709221283553e-19
1787278846.5633104,resting,fast,1787278739.9715214,-245.00998090759595,-186.9125874101527,1342.6378513491427,14.018444055760316,-18.37574856806949,2.974535775218651e-19
1787278846.574562,resting,fast,1787278739.9715214,-245.5395789088484,-186.4034076705035,1344.3070532504144,13.98025557528668,-18.415468418163442,2.975210432726469e-19
1787278846.587627,resting,fast,1787278739.9715214,-246.52436524263112,-185.7156870065429,1343.5498054255286,13.928676525489369,-18.489327393197343,2.9791438630913043e-19
1787278846.5965924,resting,fast,1787278739.9715214,-247.48287227101127,-186.56049504668215,1344.9552934196972,13.992037128499891,-18.561215420325752,2.9774320214673494e-19
1787278846.6079414,resting,fast,1787278739.9715214,-247.91968745568784,-186.52536783798666,1349.1816592477035,13.989402587847767,-18.593976559176326,2.977679644495435e-19
1787278846.6203957,resting,fast,1787278739.9715214,-247.06203495466116,-186.73265009784666,1347.9167430674142,14.004948757337434,-18.529652621599382,2.975620101943377e-19
1787278846.6298225,resting,fast,1787278739.9715214,-246.91568346777285,-185.69509900704463,1348.5050491853808,13.927132425527024,-18.5186762600825,2.9779161660849647e-19
1787278846.6411507,resting,fast,1787278739.9715214,-247.48265064643192,-185.79430671297916,1346.018571807318,13.934573003472057,-18.561198798482394,2.978986568058381e-19
1787278846.653097,resting,fast,1787278739.9715214,-248.0347294916387,-186.35678718605516,1347.8856533679436,13.976759038953038,-18.602604711872857,2.9799625693877948e-19
1787278846.6631851,resting,fast,1787278739.9715214,-247.52126511939468,-184.9694754654396,1350.0621872882957,13.872710659906762,-18.564094883954432,2.9780086168491175e-19
1787278846.6744936,resting,fast,1787278739.9715214,-247.43500376886595,-185.39882603737658,1350.3931277361435,13.904911952802085,-18.557625282664574,2.978714901254685e-19
1787278846.6867352,resting,fast,1787278739.9715214,-247.12226515328211,-183.90997258298114,1349.004519106481,13.793247943722566,-18.53416988649579,2.979303799054071e-19
1787278846.696492,resting,fast,1787278739.9715214,-246.16181005698536,-185.5953431418128,1343.7900071461127,13.91965073563492,-18.46213575427368,2.9769949503550363e-19
1787278846.7076976,resting,fast,1787278739.9715214,-246.1977626263747,-185.1586892832628,1343.4680586697295,13.886901696243587,-18.464832196977866,2.9727796248876503e-19
1787278846.7204878,resting,fast,1787278739.9715214,-245.92127589234997,-185.92465602654772,1344.2963253491043,13.944349201989713,-18.44409569192578,2.9698618525274284e-19
1787278846.7297966,resting,fast,1787278739.9715214,-247.06345612877112,-185.72752844562922,1346.4400382395443,13.929564633421197,-18.52975920965754,2.9741663812194506e-19
1787278846.7409575,resting,fast,1787278739.9715214,-246.90349204204313,-186.14192893070128,1346.9559438544138,13.960644669801315,-18.51776190315327,2.9724804353971695e-19
1787278846.7530215,resting,fast,1787278739.9715214,-247.07105433625884,-186.98733001913286,1345.7945190477194,14.024049751433711,-18.530329075219385,2.972795234446333e-19
1787278846.7630343,resting,fast,1787278739.9715214,-246.78421846138053,-187.0328780341332,1346.9474712498186,14.02746585255898,-18.508816384603342,2.970208103607808e-19
1787278846.7743196,resting,fast,1787278739.9715214,-245.46763940380742,-185.98382036818919,1342.657347354564,13.948786527612928,-18.4100729552854,2.969110451656972e-19
1787278846.786895,resting,fast,1787278739.9715214,-245.90925859834033,-186.22788047863935,1343.518594552671,13.967091035896747,-18.443194394875412,2.9675636313960643e-19
1787278846.796291,resting,fast,1787278739.9715214,-247.80646973102876,-186.5006366644849,1347.7757493920935,13.98754774983519,-18.585485229827043,2.9704681938848308e-19
1787278846.8076217,resting,fast,1787278739.9715214,-248.82681689091123,-188.2655155323065,1348.1717707327998,14.1199136649217,-18.662011266818247,2.970332075438691e-19
1787278846.8208697,resting,fast,1787278739.9715214,-248.91564555255127,-187.6667819408966,1351.702382698114,14.075008645566204,-18.6686734164413,2.9743157551165507e-19
1787278846.8295074,resting,fast,1787278739.9715214,-247.14365671938822,-186.9415903346561,1347.228944528214,14.020619275098216,-18.53577425395411,2.97104142504218e-19
1787278846.841069,resting,fast,1787278739.9715214,-247.56259183507473,-186.64807837900378,1346.2875259747298,13.998605878424033,-18.56719438763033,2.9732380836886253e-19
1787278846.854513,resting,fast,1787278739.9715214,-247.40099638280162,-186.10363503478686,1343.5652800552207,13.957772627607842,-18.55507472870994,2.9720913353335533e-19
1787278846.862931,resting,fast,1787278739.9715214,-246.9848862532922,-187.25263953817273,1344.211982930764,14.043947965361571,-18.523866468996573,2.968404108095255e-19
1787278846.8742628,resting,fast,1787278739.9715214,-247.2044426835505,-187.04912883511713,1346.9966593434992,14.028684662632688,-18.540333201266286,2.9703121258634987e-19
1787278846.887602,resting,fast,1787278739.9715214,-248.1616955158256,-189.0632847730584,1347.4860949128097,14.179746357978022,-18.612127163686715,2.970754274984479e-19
1787278846.896026,resting,fast,1787278739.9715214,-249.04720541228153,-188.68727003795527,1344.921650350746,14.151545252845398,-18.67854040592092,2.9700902035559315e-19
1787278846.907489,resting,fast,1787278739.9715214,-248.3348167274048,-188.7545035720019,1344.8935706167658,14.156587767899143,-18.625111254555286,2.969779783146122e-19
1787278846.9208868,resting,fast,1787278739.9715214,-246.49506552899084,-187.62698277163884,1338.7476188031624,14.072023707871725,-18.48712991467397,2.9633465588809426e-19
1787278846.9293213,resting,fast,1787278739.9715214,-246.6214890837241,-187.51506898443574,1341.5335287988355,14.063630173831502,-18.49661168127914,2.9660742481163163e-19
1787278846.9406924,resting,fast,1787278739.9715214,-246.4933999047248,-186.6519883454597,1342.2471147528295,13.998899125908185,-18.487004992854146,2.963380818184572e-19
1787278846.9528003,resting,fast,1787278739.9715214,-246.34650741264568,-186.50409916698584,1342.8310050406917,13.987807437522793,-18.475988055948292,2.9657920307839557e-19
1787278846.96283,resting,fast,1787278739.9715214,-245.0283040060117,-187.4030515519188,1342.6210569855493,14.055228866392785,-18.377122800450536,2.971431513928514e-19
1787278846.9740763,resting,fast,1787278739.9715214,-244.97575065061255,-187.53090933557644,1341.0262055819867,14.064818200166986,-18.373181298795636,2.9705309321168686e-19
1787278846.98636,resting,fast,1787278739.9715214,-245.88614035239107,-186.53378607057346,1345.853573607329,13.990033955291839,-18.441460526429168,2.9714844955617035e-19
1787278846.9961953,resting,fast,1787278739.9715214,-245.72981305291114,-184.61172323117114,1344.0085841221598,13.84587924233681,-18.429735978968274,2.969518835397766e-19
1787278847.0074828,resting,fast,1787278739.9715214,-245.54135884309335,-184.38040525867666,1341.8290026999957,13.828530394399554,-18.41560191323206,2.969241796309553e-19
1787278847.019471,resting,fast,1787278739.9715214,-245.40401356666962,-185.53717489337498,1344.028759873937,13.915288117002039,-18.40530101749991,2.971799317095521e-19
1787278847.029453,resting,fast,1787278739.9715214,-247.14986306134097,-186.2587275746149,1346.3899351272694,13.969404568095033,-18.53623972960051,2.97297096656406e-19
1787278847.040697,resting,fast,1787278739.9715214,-248.31209049669678,-186.31970643296665,1349.2513013710313,13.973977982471173,-18.623406787252065,2.9763621878566923e-19
1787278847.0521357,resting,fast,1787278739.9715214,-248.1754375252017,-186.49791059808229,1346.5488544350983,13.9873432948548,-18.613157814390036,2.977032086875207e-19
1787278847.0630345,resting,fast,1787278739.9715214,-246.7218210636497,-186.43998463011883,1345.087398727087,13.982998847257623,-18.504136579773657,2.9691355629530946e-19
1787278847.074012,resting,fast,1787278739.9715214,-245.4084157401071,-187.9177121224526,1343.1528059919774,14.093828409182638,-18.405631180508074,2.967671777959269e-19
1787278847.0853908,resting,fast,1787278739.9715214,-245.73562696288218,-188.47491137842246,1345.3945540300347,14.135618353380213,-18.430172022216013,2.9674996396338206e-19
1787278847.0960007,resting,fast,1787278739.9715214,-246.41393993823885,-188.18787098785276,1344.939789958461,14.114090324087744,-18.481045495368,2.9681958649548167e-19
1787278847.107244,resting,fast,1787278739.9715214,-247.78859146675723,-189.15906895405067,1349.8551913415786,14.186930171552763,-18.584144360006746,2.9735589479697616e-19
1787278847.1184978,resting,fast,1787278739.9715214,-247.61586017243326,-187.90405966091805,1344.929132459577,14.092804474567746,-18.571189512932257,2.966932095309985e-19
1787278847.1293855,resting,fast,1787278739.9715214,-247.60767619342687,-189.12938152122945,1343.6570712826224,14.184703614090939,-18.570575714506816,2.9666712376987772e-19
1787278847.140567,resting,fast,1787278739.9715214,-246.20752989009134,-186.77764454127407,1340.4539161640923,14.008323340594377,-18.46556474175668,2.962149108878794e-19
1787278847.1516511,resting,fast,1787278739.9715214,-246.89867216732864,-187.76852488102475,1347.4351639276147,14.082639366075743,-18.517400412549264,2.9705582229434066e-19
1787278847.1626592,resting,fast,1787278739.9715214,-246.401852002738,-185.71593717168423,1344.6831622921773,13.928695287875076,-18.480138900205127,2.971544707508017e-19
1787278847.1739917,resting,fast,1787278739.9715214,-246.83461265516007,-187.0574912394958,1343.2480403803465,14.029311842961153,-18.51259594913718,2.9708209984501685e-19
1787278847.185066,resting,fast,1787278739.9715214,-246.15256196879227,-185.43335488556374,1338.2320135074342,13.907501616415889,-18.461442147659064,2.9651002411139303e-19
1787278847.1956687,resting,fast,1787278739.9715214,-246.5930780553049,-186.961934541907,1340.3108294449003,14.02214509064186,-18.49448085414756,2.965720677556374e-19
1787278847.2067676,resting,fast,1787278739.9715214,-245.65609763183556,-184.92168788969695,1337.3461389570357,13.869126591726161,-18.424207322387375,2.9599647193027824e-19
1787278847.217809,resting,fast,1787278739.9715214,-246.42985273887416,-186.23889187131147,1339.546991858365,13.967916890347187,-18.482238955415312,2.961320628974056e-19
1787278847.2291946,resting,fast,1787278739.9715214,-246.950043506135,-186.5664395028133,1343.936488878734,13.992482962709747,-18.52125326295988,2.96680914483516e-19
1787278847.2405522,resting,fast,1787278739.9715214,-248.88128985054982,-187.71007416317718,1351.3443827205547,14.078255562237192,-18.666096738791047,2.976037738649521e-19
1787278847.251393,resting,fast,1787278739.9715214,-249.36239997949588,-187.8342477266998,1348.2091357410163,14.08756857950151,-18.70217999846203,2.9762147192397523e-19
1787278847.2625787,resting,fast,1787278739.9715214,-249.35771235886432,-187.51716203431408,1345.5892176512398,14.063787152572335,-18.7018284269148,2.973647637675313e-19
1787278847.27385,resting,fast,1787278739.9715214,-248.7507991978805,-187.93123891909966,1341.5468227757037,14.094842918931395,-18.656309939840753,2.9691331942683342e-19
1787278847.2846098,resting,fast,1787278739.9715214,-247.31517439764275,-187.68521489527745,1345.4190960100668,14.076391117144784,-18.54863807982293,2.9714621039557346e-19
1787278847.295902,resting,fast,1787278739.9715214,-246.09326183339226,-186.54953135801827,1346.70677163034,13.991214851850277,-18.456994637504074,2.969984810392817e-19
1787278847.3071811,resting,fast,1787278739.9715214,-246.17468317870544,-186.61217500850728,1346.7612072299062,13.99591312563702,-18.463101238402743,2.970494592910995e-19
1787278847.3179736,resting,fast,1787278739.9715214,-246.5804127961742,-185.6688567531952,1344.0191638157257,13.925164256488632,-18.493530959712885,2.966857712570413e-19
1787278847.3293056,resting,fast,1787278739.9715214,-247.38761289791046,-186.32016579246203,1342.5110904128533,13.974012434433437,-18.554070967343222,2.9657802887302825e-19
1787278847.3404443,resting,fast,1787278739.9715214,-247.04737855442136,-185.56886057936902,1342.6354824782002,13.917664543451355,-18.528553391581227,2.9673972685435745e-19
1787278847.3508575,resting,fast,1787278739.9715214,-247.24035903481717,-185.42077114950428,1344.7464893385777,13.906557836211707,-18.543026927611187,2.970570189179624e-19
1787278847.3620167,resting,fast,1787278739.9715214,-248.46291652664559,-184.8736275074781,1346.8972057737437,13.865522063059846,-18.63471873949843,2.966175576635098e-19
1787278847.373477,resting,fast,1787278739.9715214,-249.27335764524332,-185.8714664901862,1348.1043153244927,13.940359986762846,-18.69550182339315,2.9656396692752123e-19
1787278847.3847651,resting,fast,1787278739.9715214,-247.91144456776465,-185.82273299523843,1341.3725607212355,13.936704974641675,-18.59335834258215,2.9603430576741606e-19
1787278847.3959024,resting,fast,1787278739.9715214,-246.9351251357034,-187.06389772390605,1340.1462426564585,14.02979232929167,-18.52013438517777,2.965716072384653e-19
1787278847.406907,resting,fast,1787278739.9715214,-246.79683333068033,-187.2317934802678,1339.5115096343789,14.042384511018884,-18.509762499800843,2.966779381627799e-19
1787278847.4177923,resting,fast,1787278739.9715214,-248.9724184383872,-188.14761463119396,1350.5475178558145,14.111071097338186,-18.67293138287893,2.9759335052510144e-19
1787278847.4291403,resting,fast,1787278739.9715214,-249.86737985942682,-186.70895920143164,1353.5569562841893,14.003171940106245,-18.74005348945707,2.976353091268266e-19
1787278847.4403696,resting,fast,1787278739.9715214,-249.85109750053152,-187.22536517244146,1353.3041816872328,14.041902387932016,-18.738832312539614,2.975549378240298e-19
1787278847.4514377,resting,fast,1787278739.9715214,-248.5725203061952,-187.5825459056772,1344.2478554909057,14.068690942924693,-18.64293902296445,2.9665036610123846e-19
1787278847.4620428,resting,fast,1787278739.9715214,-246.21512684706113,-188.3696588457916,1340.6374343055259,14.127724413433132,-18.466134513529546,2.967028774953545e-19
1787278847.4735336,resting,fast,1787278739.9715214,-245.11334751665754,-187.8512139385099,1334.226188278034,14.088841045386946,-18.383501063749215,2.9615643850429947e-19
1787278847.4847317,resting,fast,1787278739.9715214,-245.38420147514762,-186.773403738477,1338.565408841002,14.008005280384484,-18.403815110635875,2.965204402023032e-19
1787278847.4955456,resting,fast,1787278739.9715214,-246.93605631935998,-186.57343361128108,1336.8802904026024,13.99300752084476,-18.52020422395195,2.96400570841156e-19
1787278847.5069456,resting,fast,1787278739.9715214,-246.23955899853308,-183.66753874837775,1344.2037925684353,13.775065406127016,-18.467966924889886,2.9680992549436006e-19
1787278847.5180085,resting,fast,1787278739.9715214,-245.7692784160031,-184.84914005717826,1341.3938851930843,13.863685504287051,-18.432695881200004,2.9679147487787046e-19
1787278847.5291336,resting,fast,1787278739.9715214,-245.90823071803652,-184.99647994516988,1342.3878969602838,13.874735995886656,-18.443117303852574,2.969587770408092e-19
1787278847.5401945,resting,fast,1787278739.9715214,-245.7084436265236,-186.51752661754597,1341.0690453321631,13.98881449631509,-18.428133271988955,2.9701902994460106e-19
1787278847.5512414,resting,fast,1787278739.9715214,-246.8322008887394,-187.31283298788946,1343.4344168519065,14.048462474090531,-18.51241506665518,2.9699162924581356e-19
1787278847.5620782,resting,fast,1787278739.9715214,-245.92281135656003,-186.9237510388606,1343.026797694337,14.019281327913536,-18.4442108517418,2.967118706890222e-19
1787278847.5733478,resting,fast,1787278739.9715214,-247.8214455323009,-187.45597263364846,1341.0967514210288,14.059197947522424,-18.586608414922324,2.9698869214687017e-19
1787278847.5843298,resting,fast,1787278739.9715214,-246.34183456460732,-187.23918136736768,1337.1606595047388,14.042938602551278,-18.475637592345464,2.969133949668901e-19
1787278847.5956137,resting,fast,1787278739.9715214,-246.57132957805834,-187.42290754220073,1339.7143358597286,14.056718065664047,-18.492849718354243,2.9742710930112786e-19
1787278847.6067278,resting,fast,1787278739.9715214,-245.8124993355409,-187.7440455219363,1341.2665910544247,14.080803414144047,-18.435937450165596,2.9711561044686235e-19
1787278847.6177242,resting,fast,1787278739.9715214,-247.17852728762637,-187.0630258501766,1347.8405012404028,14.029726938762028,-18.53838954657187,2.974338305891021e-19
1787278847.6288207,resting,fast,1787278739.9715214,-247.09598381974274,-188.47816598313636,1347.9392514127912,14.135862448734034,-18.532198786480585,2.9744119441636097e-19
1787278847.63998,resting,fast,1787278739.9715214,-246.76523605302782,-187.79422028854844,1346.396127731431,14.084566521639932,-18.507392703976834,2.9734364156907194e-19
1787278847.6512764,resting,fast,1787278739.9715214,-246.65429767282103,-188.35529480634602,1343.540568063262,14.126647110474853,-18.499072325461242,2.971778727006922e-19
1787278847.6621878,resting,fast,1787278739.9715214,-245.41832942409246,-186.62247599159366,1340.2038982082313,13.996685699368602,-18.40637470680676,2.9640560919964894e-19
1787278847.6733718,resting,fast,1787278739.9715214,-246.22519854257598,-188.07564440667295,1340.589244481579,14.105673330499389,-18.466889890693047,2.966878119825242e-19
1787278847.6841276,resting,fast,1787278739.9715214,-245.47048490982115,-187.72140184802618,1338.583855454931,14.0791051386007,-18.410286368236434,2.966409060497874e-19
1787278847.6951776,resting,fast,1787278739.9715214,-246.977931769507,-188.45755903200472,1342.040750634861,14.134316927398974,-18.523344882712763,2.970721704557886e-19
1787278847.7066176,resting,fast,1787278739.9715214,-245.80331362489642,-187.63012997201906,1341.0521873554362,14.072259747900294,-18.435248521866846,2.966821791629251e-19
1787278847.7173755,resting,fast,1787278739.9715214,-245.90643832725118,-188.0098949900622,1341.4493009814678,14.10074212425366,-18.44298287454356,2.9678269390235014e-19
1787278847.7288725,resting,fast,1787278739.9715214,-246.25903325510217,-187.4512517694535,1339.7675931266576,14.058843882707794,-18.469427494132347,2.972541949154536e-19
1787278847.7399561,resting,fast,1787278739.9715214,-246.32614183265605,-187.13779405611683,1341.484689267666,14.035334554207555,-18.47446063744905,2.974861833611822e-19
1787278847.7507238,resting,fast,1787278739.9715214,-246.56982466455747,-186.23519623550385,1344.2424711782396,13.967639717661772,-18.49273684984172,2.9759285522431856e-19
1787278847.761926,resting,fast,1787278739.9715214,-246.32409895864703,-185.05317635073618,1344.3659725430762,13.878988226304191,-18.47430742189841,2.9673782447940237e-19
1787278847.7731667,resting,fast,1787278739.9715214,-247.73530500039988,-184.01140175585022,1352.169907600307,13.8008551316878,-18.580147875029738,2.973228076799003e-19
1787278847.7842717,resting,fast,1787278739.9715214,-246.7222300522585,-183.66151906594143,1348.330943378497,13.774613929944511,-18.5041672539191,2.9722712394099477e-19
1787278847.7952545,resting,fast,1787278739.9715214,-245.90833439586504,-185.0558303683398,1346.3810029947972,13.879187277624428,-18.4431250796896,2.9724296069303945e-19
1787278847.8064744,resting,fast,1787278739.9715214,-244.55426454075177,-186.52135161666945,1342.1141495751954,13.989101371249294,-18.34156984055641,2.9695719279128784e-19
1787278847.8173895,resting,fast,1787278739.9715214,-245.367872935361,-186.88059243288228,1342.849257959041,14.01604443246497,-18.402590470152063,2.968652081746435e-19
1787278847.828492,resting,fast,1787278739.9715214,-246.9508274702198,-188.1034457475315,1348.5737230690656,14.107758431063761,-18.521312060266098,2.9759453055538956e-19
1787278847.8397827,resting,fast,1787278739.9715214,-247.32329279061514,-188.5802309163463,1346.5868759963878,14.143517318724523,-18.549246959295957,2.973037329143211e-19
1787278847.850894,resting,fast,1787278739.9715214,-247.90973044498014,-188.72651171571113,1347.015279781329,14.154488378677232,-18.59322978337316,2.973558840712406e-19
1787278847.8617558,resting,fast,1787278739.9715214,-248.28910548175327,-188.10691591219063,1346.7373083901102,14.108018693413033,-18.62168291113114,2.9724328696319275e-19
1787278847.8731868,resting,fast,1787278739.9715214,-247.64795841246496,-188.29159658409787,1343.02167259633,14.12186974380602,-18.57359688093465,2.972339391244633e-19
1787278847.8837125,resting,fast,1787278739.9715214,-247.0049564614851,-187.08995250430746,1345.498703364411,14.031746437821955,-18.525371734611504,2.972086118248547e-19
1787278847.8952534,resting,fast,1787278739.9715214,-246.26680894906758,-186.78330710467083,1343.8615736840302,14.00874803284896,-18.47001067117987,2.9721652234183418e-19
1787278847.906362,resting,fast,1787278739.9715214,-246.68289067604155,-185.61536644805108,1347.9551754248814,13.921152483602757,-18.501216800702686,2.971499514055862e-19
1787278847.9170685,resting,fast,1787278739.9715214,-246.78840506812094,-188.16082931739572,1350.4120361006107,14.112062198803503,-18.509130380108992,2.975279380953451e-19
1787278847.928423,resting,fast,1787278739.9715214,-247.09738804425206,-188.99782406007114,1355.557550162689,14.1748368045041,-18.532304103318793,2.978849133017211e-19
1787278847.9397094,resting,fast,1787278739.9715214,-247.68224349757338,-189.5605694545883,1356.1862844888155,14.217042709092883,-18.576168262317914,2.981960530225126e-19
1787278847.950592,resting,fast,1787278739.9715214,-247.9370197493622,-188.37971385193953,1351.3360700459443,14.128478538894345,-18.59527648120224,2.9789217170105994e-19
1787278847.9615006,resting,fast,1787278739.9715214,-246.92972643447547,-186.4774884143161,1347.637526253181,13.985811631072355,-18.51972948258561,2.9729841163363826e-19
1787278847.973018,resting,fast,1787278739.9715214,-248.94940278927015,-187.0012005035361,1352.884365803452,14.025090037763864,-18.671205209195044,2.9770068094090402e-19
1787278847.9837534,resting,fast,1787278739.9715214,-247.76444779844633,-186.10336738226226,1351.426884472413,13.957752553668701,-18.582333584883237,2.975844408721385e-19
1787278847.9951007,resting,fast,1787278739.9715214,-248.24783137901022,-186.90403364472206,1353.1367723485882,14.017802523353385,-18.618587353425546,2.9759479644007694e-19
1787278848.006235,resting,fast,1787278739.9715214,-245.90979814621687,-186.48039144465213,1347.2149039882743,13.98602935834781,-18.44323486096588,2.9732438396536836e-19
1787278848.0171154,resting,fast,1787278739.9715214,-245.72963872958053,-187.6873715869109,1346.0163812682704,14.076552869017323,-18.429722904718304,2.966969858534335e-19
1787278848.0284362,resting,fast,1787278739.9715214,-246.22225283747548,-189.25918594074858,1341.6123732414717,14.19443894555494,-18.466668962810573,2.9637368202633363e-19
1787278848.039617,resting,fast,1787278739.9715214,-245.88107574574997,-188.506716856018,1340.5234499382505,14.138003764200153,-18.441080680931123,2.958632252930632e-19
1787278848.0502253,resting,fast,1787278739.9715214,-246.52604240488245,-187.53859811512177,1346.5496580100398,14.065394858633017,-18.489453180366084,2.9661984628240347e-19
1787278848.0618849,resting,fast,1787278739.9715214,-247.25643691715095,-186.80279923365276,1354.2460499343733,14.01020994252261,-18.544232768786102,2.9736939870575494e-19
1787278848.0729716,resting,fast,1787278739.9715214,-246.51429745600353,-186.10228427499067,1354.1896035314758,13.957671320623309,-18.488572309200165,2.9758802929318467e-19
1787278848.083649,resting,fast,1787278739.9715214,-247.0172741128631,-187.74377360205347,1353.3582750178548,14.080783020152797,-18.526295558464582,2.9739296116082237e-19
1787278848.095014,resting,fast,1787278739.9715214,-245.90997892633413,-187.9443112388775,1346.328284469343,14.095823342914617,-18.44324841947497,2.970973509601685e-19
1787278848.1062317,resting,fast,1787278739.9715214,-247.19143532541466,-188.75327236257806,1346.0948832925978,14.156495427192144,-18.53935764940576,2.970403214991724e-19
1787278848.1169157,resting,fast,1787278739.9715214,-246.77135400301222,-187.48756367457838,1343.1675981371181,14.06156727559237,-18.507851550225737,2.9661117660945786e-19
1787278848.127901,resting,fast,1787278739.9715214,-246.675472552291,-186.45598044262817,1347.8825302345876,13.984198533195997,-18.500660441421594,2.967271930137364e-19
1787278848.1390853,resting,fast,1787278739.9715214,-247.37046404005332,-187.65410752676814,1350.2503985557605,14.074058064506549,-18.552784803004002,2.970924385889274e-19
1787278848.1501515,resting,fast,1787278739.9715214,-247.46627992281583,-188.66455252279582,1350.9619049125422,14.149841439208476,-18.5599709942109,2.977098781347531e-19
1787278848.161696,resting,fast,1787278739.9715214,-248.20188295491744,-190.30493731396712,1349.0361710017705,14.272870298546497,-18.615141221618657,2.9755753515212285e-19
1787278848.1724048,resting,fast,1787278739.9715214,-247.2195808904994,-188.69481238569358,1349.4666232713853,14.152110928925925,-18.54146856678723,2.972872688474305e-19
1787278848.1833777,resting,fast,1787278739.9715214,-247.29022810965716,-188.30864793049147,1351.2065080202892,14.123148594785551,-18.546767108224124,2.9716713788303566e-19
1787278848.19458,resting,fast,1787278739.9715214,-246.52052477080406,-187.60802851119308,1350.2477586600062,14.070602138338177,-18.489039357810164,2.9711822054192476e-19
1787278848.2061756,resting,fast,1787278739.9715214,-247.46859460238784,-189.78575038408724,1348.6280995001134,14.233931278805247,-18.560144595178926,2.9688782021665877e-19
1787278848.2167747,resting,fast,1787278739.9715214,-248.65271792769136,-191.1525745210971,1348.368488888159,14.33644308908119,-18.648953844576894,2.971249758556858e-19
1787278848.2281513,resting,fast,1787278739.9715214,-248.95217545293917,-190.56684299191772,1348.2877283028693,14.29251322439261,-18.671413158970452,2.9702242127170288e-19
1787278848.239387,resting,fast,1787278739.9715214,-248.0435809642281,-187.8619215320963,1347.4561411913428,14.089644114905969,-18.60326857231717,2.9696415933140573e-19
1787278848.250376,resting,fast,1787278739.9715214,-248.01112989413787,-187.27977295425296,1346.52957979626,14.045982971567742,-18.600834742060066,2.9658376662037893e-19
1787278848.2615085,resting,fast,1787278739.9715214,-247.87585678017012,-185.45445260997565,1349.3630488230929,13.909083945746918,-18.590689258512732,2.9685699668319035e-19
1787278848.2725937,resting,fast,1787278739.9715214,-248.581500145076,-187.9367904319646,1350.4362192051003,14.095259282396274,-18.64361251088051,2.9698925983783436e-19
1787278848.283663,resting,fast,1787278739.9715214,-247.78545727949904,-186.38025230924734,1349.8592702561155,13.978518923192471,-18.583909295962123,2.970909379363295e-19
1787278848.2948472,resting,fast,1787278739.9715214,-247.23015288213492,-188.87841662675862,1345.3806491978457,14.165881247005775,-18.542261466160042,2.97108103956745e-19
1787278848.3060353,resting,fast,1787278739.9715214,-246.39251945795377,-187.47645945579904,1345.6267803840137,14.060734459183767,-18.47943895934643,2.970484938375163e-19
1787278848.3168,resting,fast,1787278739.9715214,-245.0805703886149,-187.58697083024538,1346.3268510924545,14.069022812267395,-18.381042779145957,2.9696507855526716e-19
1787278848.328006,resting,fast,1787278739.9715214,-244.8927368521986,-185.4841743916935,1350.531022625707,13.911313079375791,-18.36695526391464,2.9713982723469283e-19
1787278848.3393779,resting,fast,1787278739.9715214,-244.57113287698348,-185.6132254677549,1348.2232081234297,13.920991910080676,-18.34283496577369,2.9729810574988715e-19
1787278848.3500538,resting,fast,1787278739.9715214,-246.18387542624214,-185.87705526593334,1348.2625799428724,13.94077914494395,-18.463790656967937,2.975315388269572e-19
1787278848.361423,resting,fast,1787278739.9715214,-248.14042071668837,-187.5237891110586,1349.787880806577,14.064284183328414,-18.6105315537515,2.973847003227028e-19
1787278848.3726058,resting,fast,1787278739.9715214,-248.28558124046367,-187.44191921996855,1346.499710937981,14.058143941496471,-18.62141859303459,2.9691536820630614e-19
1787278848.3833072,resting,fast,1787278739.9715214,-247.93477632204713,-188.73722792131923,1348.494883484199,14.15529209409792,-18.59510822415318,2.9683781854168553e-19
1787278848.3947504,resting,fast,1787278739.9715214,-247.97244349227321,-189.9878440216495,1352.3912738685058,14.249088301622454,-18.597933261920126,2.9740121824685637e-19
1787278848.4058926,resting,fast,1787278739.9715214,-248.1935669436657,-190.09269726622745,1353.1933821103385,14.256952294965746,-18.614517520774776,2.97177959065239e-19
1787278848.4169104,resting,fast,1787278739.9715214,-248.7745001038079,-187.93615515188128,1353.432581521517,14.095211636390008,-18.658087507785744,2.9710411899616517e-19
1787278848.4280593,resting,fast,1787278739.9715214,-246.91904098858276,-184.03182762799736,1345.1104171060042,13.80238707209853,-18.518928074143496,2.9609840290336466e-19
1787278848.4392114,resting,fast,1787278739.9715214,-248.30884701036894,-183.97094981133785,1351.1968315905115,13.797821235849174,-18.62316352577742,2.9718183812505293e-19
1787278848.4501297,resting,fast,1787278739.9715214,-248.32118839705026,-185.32877862592625,1350.3914302397925,13.899658396943213,-18.624089129778596,2.974366359476357e-19
1787278848.461271,resting,fast,1787278739.9715214,-250.34423441398985,-188.793952641768,1355.608413886569,14.159546448131298,-18.77581758104928,2.980265037991116e-19
1787278848.4725065,resting,fast,1787278739.9715214,-249.26477404321258,-189.0288513261138,1353.873842177266,14.177163849457248,-18.69485805324087,2.974519120797281e-19
1787278848.4832454,resting,fast,1787278739.9715214,-249.03803731279777,-187.10740660349995,1355.2713324588503,14.03305549526144,-18.677852798459732,2.974022784505487e-19
1787278848.4946246,resting,fast,1787278739.9715214,-247.3874112277822,-186.88432472273496,1352.219981780153,14.016324354203949,-18.554055842083493,2.9720812925436492e-19
1787278848.5058234,resting,fast,1787278739.9715214,-248.04252050929927,-187.7692421998637,1350.3138159544023,14.082693164988715,-18.60318903819723,2.9697969644015817e-19
1787278848.5165753,resting,fast,1787278739.9715214,-248.24959876427192,-189.9348233603156,1349.2668539219785,14.245111752022698,-18.618719907320482,2.9710716570904253e-19
1787278848.52802,resting,fast,1787278739.9715214,-249.41020993409484,-188.63433737021376,1352.4545810227146,14.147575302765038,-18.705765745056816,2.9764206578138715e-19
1787278848.539092,resting,fast,1787278739.9715214,-249.640391550372,-188.94576548985344,1357.0715055572864,14.170932411737812,-18.72302936627768,2.982768166355906e-19
1787278848.5498192,resting,fast,1787278739.9715214,-249.27326381962257,-187.39277183900015,1358.3468771326761,14.05445788792392,-18.695494786471457,2.982484230710837e-19
1787278848.561175,resting,fast,1787278739.9715214,-248.7863298757925,-188.86078201046382,1353.6115491806404,14.164558650783693,-18.658974740684066,2.9793712990383166e-19
1787278848.5724642,resting,fast,1787278739.9715214,-248.1108574155828,-187.8975253885584,1351.0535736802785,14.092314404140712,-18.60831430616851,2.9788520548855062e-19
1787278848.5834844,resting,fast,1787278739.9715214,-248.66096754565615,-188.15994557136435,1350.4814473076067,14.111995917851207,-18.649572565924203,2.9781601743610203e-19
1787278848.5941205,resting,fast,1787278739.9715214,-249.95751903558494,-187.1047963553616,1355.5417035002074,14.032859726650972,-18.746813927668775,2.975209818459485e-19
1787278848.6052225,resting,fast,1787278739.9715214,-250.30959094613308,-187.1860826517983,1357.108160432933,14.038956198883756,-18.77321932095971,2.974146808032975e-19
1787278848.6162865,resting,fast,1787278739.9715214,-250.5432829498909,-188.0660992722909,1356.9574333048959,14.104957445420741,-18.790746221241626,2.973424206345798e-19
1787278848.6273782,resting,fast,1787278739.9715214,-248.627139890747,-188.3366570045465,1353.214251932789,14.125249275339701,-18.647035491805816,2.974749198026085e-19
1787278848.638909,resting,fast,1787278739.9715214,-247.83998161612772,-188.83257805623168,1350.070299830927,14.16244335421614,-18.587998621209557,2.9728391626172086e-19
1787278848.649635,resting,fast,1787278739.9715214,-247.61905620371317,-188.09614842127337,1351.1676694222688,14.107211131594386,-18.57142921527842,2.972176931884128e-19
1787278848.6611466,resting,fast,1787278739.9715214,-246.27838384988763,-188.22243667083,1347.2358827444214,14.11668275031116,-18.470878788741494,2.9718401464509346e-19
1787278848.6722639,resting,fast,1787278739.9715214,-246.334075953107,-186.75242026564808,1349.3054935918108,14.006431519922362,-18.475055696482663,2.9731667298407264e-19
1787278848.6830435,resting,fast,1787278739.9715214,-245.8243524632685,-186.96483497912925,1350.1464333444756,14.02236262343364,-18.436826434744688,2.976524032586111e-19
1787278848.6944194,resting,fast,1787278739.9715214,-247.0737331240266,-187.17086191995384,1350.4888973262487,14.037814643995407,-18.53052998430195,2.975645498254796e-19
1787278848.7055807,resting,fast,1787278739.9715214,-247.1739435076338,-187.10129803982102,1350.3852639515126,14.03259735298565,-18.53804576307236,2.9757952493096385e-19
1787278848.7162986,resting,fast,1787278739.9715214,-247.99779286162402,-185.81018202920097,1349.7092935446735,13.93576365218907,-18.599834464621537,2.97022952502193e-19
1787278848.727508,resting,fast,1787278739.9715214,-249.44373594186663,-187.69280984308114,1353.4659719021502,14.076960738229733,-18.70828019563961,2.9735538221733452e-19
1787278848.7389657,resting,fast,1787278739.9715214,-250.61933639433073,-187.0699721978766,1355.6285669376402,14.030247914839496,-18.796450229574653,2.9709202320549504e-19
1787278848.749657,resting,fast,1787278739.9715214,-248.7744140682239,-187.6606463201341,1351.5392463343587,14.074548474008854,-18.658081055116703,2.971571838519465e-19
1787278848.7610643,resting,fast,1787278739.9715214,-246.7895866472477,-184.68627756336912,1347.4608799893495,13.851470817251514,-18.50921899854334,2.967112925608649e-19
1787278848.7721074,resting,fast,1787278739.9715214,-245.40503175136791,-184.81616048835565,1344.4288132244574,13.86121203662562,-18.405377381352494,2.967340086769847e-19
1787278848.78287,resting,fast,1787278739.9715214,-246.5775355138726,-185.7081425602904,1348.058613373415,13.928110692020713,-18.49331516354023,2.9688738075707697e-19
1787278848.794261,resting,fast,1787278739.9715214,-246.83214509065738,-186.2268656219802,1345.199385563662,13.967014921647593,-18.51241088179939,2.9660346296820733e-19
1787278848.8049242,resting,fast,1787278739.9715214,-247.14313613235163,-185.61963618915672,1344.698770338705,13.921472714185843,-18.53573520992628,2.966914392285866e-19
1787278848.816021,resting,fast,1787278739.9715214,-247.2515468223769,-185.59043627263338,1340.6037216800532,13.919282720446478,-18.543866011678,2.9648617338725243e-19
1787278848.8271987,resting,fast,1787278739.9715214,-248.3585253929282,-185.43144126710706,1345.4892843900625,13.907358095031814,-18.626889404469416,2.967709710114488e-19
1787278848.8387573,resting,fast,1787278739.9715214,-248.2123880370077,-186.50502906968597,1344.1792093332997,13.9878771802254,-18.61592910277541,2.9675685719386217e-19
1787278848.8494809,resting,fast,1787278739.9715214,-249.25443492280692,-186.69134498459232,1349.5538323504088,14.001850873843129,-18.694082619210448,2.97198096438452e-19
1787278848.86097,resting,fast,1787278739.9715214,-247.78815866481682,-186.24836127174865,1348.454744256359,13.968627095380132,-18.584111899861007,2.9704039135249662e-19
1787278848.8716643,resting,fast,1787278739.9715214,-249.13921790775976,-186.69204697695784,1351.0549636620099,14.00190352327073,-18.685441343081877,2.9711936185105315e-19
1787278848.882546,resting,fast,1787278739.9715214,-247.268276517922,-186.60885200874293,1342.3429292162846,13.995663900654495,-18.54512073884389,2.9674572750089113e-19
1787278848.893663,resting,fast,1787278739.9715214,-247.69241265050232,-187.20573108929023,1342.7903988125663,14.040429831695523,-18.576930948787776,2.9694046937215893e-19
1787278848.904862,resting,fast,1787278739.9715214,-247.0632926061785,-187.2630786659396,1345.0848428777126,14.044730899944089,-18.52974694546313,2.973440433344137e-19
1787278848.9162185,resting,fast,1787278739.9715214,-247.40184684687438,-188.59324983856266,1348.0854948554652,14.144493737891114,-18.555138513515416,2.9769215202699953e-19
1787278848.9275064,resting,fast,1787278739.9715214,-247.3126053092651,-188.5066980614555,1346.4904981190875,14.138002354607881,-18.548445398194673,2.9756194125226086e-19
1787278848.940338,resting,fast,1787278739.9715214,-247.54180676753958,-188.5410932635417,1342.0909300410249,14.140581994764293,-18.565635507565304,2.9693794137264934e-19
1787278848.949279,resting,fast,1787278739.9715214,-247.42843944556125,-186.4633791472662,1347.470510344746,13.984753436043793,-18.557132958416844,2.970005487250619e-19
1787278848.96079,resting,fast,1787278739.9715214,-247.0524126515279,-186.64005571532618,1347.6988382384325,13.998004178648277,-18.52893094886464,2.9725371883880074e-19
1787278848.9752953,resting,fast,1787278739.9715214,-247.01196799622858,-187.06126458109577,1349.169502755306,14.029594843580984,-18.525897599717105,2.9759169318035913e-19
1787278848.9826858,resting,fast,1787278739.9715214,-247.0376874568442,-188.02315200288865,1345.255643814383,14.101736400215604,-18.527826559263218,2.971213252869756e-19
1787278848.9941325,resting,fast,1787278739.9715214,-246.97004895675445,-188.83426366790025,1343.5572702758482,14.162569775091274,-18.52275367175666,2.972282112268428e-19
1787278849.0073717,resting,fast,1787278739.9715214,-245.51967129564719,-186.63994627145883,1340.0085863419617,13.99799597035798,-18.41397534717349,2.970801102997217e-19
1787278849.0159984,resting,fast,1787278739.9715214,-246.16939537426742,-186.82967338158312,1342.5406818324655,14.012225503617405,-18.462704653069878,2.975457235555865e-19
1787278849.0269115,resting,fast,1787278739.9715214,-246.60318489249084,-186.667583971437,1344.856152639276,14.000068797856716,-18.495238866936816,2.974162343850078e-19
1787278849.038914,resting,fast,1787278739.9715214,-247.73967742834657,-189.77251369453018,1350.7762486526035,14.232938527088354,-18.5804758071257,2.9788876150946604e-19
1787278849.049184,resting,fast,1787278739.9715214,-245.1665024751651,-187.41739923447642,1342.5586860433277,14.056304942584493,-18.387487685637105,2.971477051124297e-19
1787278849.0606945,resting,fast,1787278739.9715214,-244.24888832569422,-185.15923255153223,1340.3584078571612,13.886942441363932,-18.318666624427117,2.966041819015071e-19
1787278849.0729332,resting,fast,1787278739.9715214,-244.35202022622207,-184.19715414735708,1340.2066709022738,13.814786561050685,-18.326401516966378,2.963105953572077e-19
1787278849.082887,resting,fast,1787278739.9715214,-245.52697130688784,-185.28969141186792,1341.5700447638583,13.896726855888947,-18.414522848016432,2.963994311736801e-19
1787278849.0939894,resting,fast,1787278739.9715214,-246.3417282385558,-186.94988633652622,1343.366323909163,14.021241475238359,-18.475629617891613,2.968475026431156e-19
1787278849.106966,resting,fast,1787278739.9715214,-245.35852975323223,-186.6060278051574,1339.6397929362038,13.995452085385754,-18.40188973149217,2.966216745929334e-19
1787278849.1160352,resting,fast,1787278739.9715214,-246.34505249017593,-186.712963435485,1344.0778063737625,14.00347225766004,-18.475878936762754,2.97413424735624e-19
1787278849.1274092,resting,fast,1787278739.9715214,-246.124612776724,-186.82575292167792,1340.4748169760396,14.011931469124523,-18.45934595825419,2.9693335218174343e-19
1787278849.1398537,resting,fast,1787278739.9715214,-245.77712518885573,-185.19300011259236,1339.4876339781158,13.889475008443117,-18.433284389164072,2.9666264150082395e-19
1787278849.1492743,resting,fast,1787278739.9715214,-244.776436018818,-185.09465944341616,1337.3740723198616,13.882099458255215,-18.358232701411403,2.9611282570580245e-19
1787278849.1606839,resting,fast,1787278739.9715214,-245.5679417224469,-185.97160269547555,1341.7834219951974,13.947870202159624,-18.417595629183566,2.966041560865571e-19
1787278849.172269,resting,fast,1787278739.9715214,-246.0043773266002,-187.58436987173434,1342.6527461831874,14.068827740378811,-18.4503282994949,2.967313868122476e-19
1787278849.18279,resting,fast,1787278739.9715214,-246.65931387409228,-187.87704925126184,1343.5323750662092,14.090778693843351,-18.49944854055674,2.9683696042437476e-19
1787278849.194061,resting,fast,1787278739.9715214,-246.36867849272176,-187.47346354584158,1342.2333685671847,14.060509765937173,-18.477650886953896,2.969509100234851e-19
1787278849.2055867,resting,fast,1787278739.9715214,-247.47311099282115,-187.1156149176578,1351.2896508946733,14.033671118823168,-18.560483324461366,2.9773855151284345e-19
1787278849.2158782,resting,fast,1787278739.9715214,-247.18177494151723,-186.00775160664864,1350.516128028362,13.950581370497492,-18.538633120613873,2.974771171203646e-19
1787278849.227212,resting,fast,1787278739.9715214,-248.3363876794997,-187.1452977071566,1353.2276583175835,14.03589732803555,-18.625229075962288,2.9756230559379016e-19
1787278849.2384958,resting,fast,1787278739.9715214,-249.37138067445767,-187.9072029908001,1349.7736917973552,14.093040224308826,-18.70285355058426,2.975080884529789e-19
1787278849.249067,resting,fast,1787278739.9715214,-249.29580164545996,-188.90235587855943,1349.8922582388577,14.167676690890918,-18.697185123409277,2.974362650595123e-19
1787278849.2605581,resting,fast,1787278739.9715214,-246.8941564212314,-186.2063356447385,1345.571866222238,13.965475173354339,-18.517061731592044,2.9689733489235875e-19
1787278849.2716038,resting,fast,1787278739.9715214,-245.38473172102704,-185.4823745668558,1344.3385900756266,13.911178092512973,-18.403854879076718,2.965088171835471e-19
1787278849.282587,resting,fast,1787278739.9715214,-245.28224715008173,-185.6391239283306,1344.4098941240327,13.922934294623776,-18.396168536256006,2.969001847830694e-19
1787278849.293724,resting,fast,1787278739.9715214,-246.79540872761072,-187.12541296928214,1348.67534000871,14.034405972694987,-18.509655654570487,2.9757550116574525e-19
1787278849.3051202,resting,fast,1787278739.9715214,-246.2685064807606,-187.26311204633737,1347.073121697892,14.044733403474229,-18.470137986056756,2.9741865044380236e-19
1787278849.3160703,resting,fast,1787278739.9715214,-247.5268722404494,-187.97881456196694,1347.3716034983854,14.098411092146254,-18.564515418033444,2.9742130518455035e-19
1787278849.3272614,resting,fast,1787278739.9715214,-247.77753939339118,-189.03495329253894,1343.525872128167,14.177621496939043,-18.58331545450418,2.970669686840876e-19
1787278849.3382788,resting,fast,1787278739.9715214,-248.06058603020438,-189.00766545460863,1342.1365821872578,14.175574909094738,-18.604543952265153,2.970557525972207e-19
1787278849.34935,resting,fast,1787278739.9715214,-247.07819746139603,-188.43630070528422,1340.3045047811347,14.132722552895064,-18.53086480960448,2.972429036237287e-19
1787278849.3604536,resting,fast,1787278739.9715214,-246.7946229359527,-186.71536943765784,1341.9479930099797,14.003652707823296,-18.509596720196186,2.9709578152362797e-19
1787278849.371631,resting,fast,1787278739.9715214,-247.49073768301196,-187.73909400152831,1344.8390227181544,14.080432050113405,-18.56180532622563,2.9752905324370713e-19
1787278849.382149,resting,fast,1787278739.9715214,-247.51621717001535,-186.5046162664081,1345.7214673780827,13.987846219979392,-18.563716287751006,2.972667871197802e-19
1787278849.3933067,resting,fast,1787278739.9715214,-246.73270051114423,-186.8207923945896,1342.4837081502437,14.011559429592996,-18.504952538335736,2.9708584491325886e-19
1787278849.4043648,resting,fast,1787278739.9715214,-245.73819839475027,-185.57583504648676,1340.3054182808419,13.918187628485274,-18.430364879605932,2.9689474766914925e-19
1787278849.4156275,resting,fast,1787278739.9715214,-245.46311699309308,-186.51352800989855,1343.188884703809,13.988514600741187,-18.409733774481666,2.967312917908229e-19
1787278849.427124,resting,fast,1787278739.9715214,-245.80496083087883,-187.30040383906032,1343.914666171021,14.047530287928243,-18.43537206231575,2.9699179669873174e-19
1787278849.4379206,resting,fast,1787278739.9715214,-246.7956182023613,-187.18573555106389,1346.7579657056858,14.038930166328615,-18.509671365177056,2.9696685075920113e-19
1787278849.4491794,resting,fast,1787278739.9715214,-246.65018317681324,-186.89561815759419,1341.6096489227557,14.017171361818459,-18.498763738260998,2.966850588445297e-19
1787278849.4603255,resting,fast,1787278739.9715214,-246.55131380746252,-185.82379467945918,1341.821665190383,13.936784600958436,-18.491348535559446,2.9663182585662326e-19
1787278849.4714656,resting,fast,1787278739.9715214,-246.13782377746475,-185.7148245248453,1339.7525888549108,13.928611839362137,-18.4603367833098,2.968039262749759e-19
1787278849.4824872,resting,fast,1787278739.9715214,-245.94313765377638,-185.96583840924893,1341.8687544019785,13.947437880692664,-18.445735324033308,2.9711559851048108e-19
1787278849.4936266,resting,fast,1787278739.9715214,-246.273685599494,-186.7718326098178,1343.5160656889102,14.007887445735182,-18.4705264199621,2.972544998084557e-19
1787278849.504599,resting,fast,1787278739.9715214,-246.35599095885982,-188.39820934422403,1342.1715623745704,14.129865700815717,-18.4766993219146,2.969873850304096e-19
1787278849.5158458,resting,fast,1787278739.9715214,-247.0983580128791,-187.72411168602127,1343.419343010909,14.079308376450488,-18.532376850965704,2.968475879813834e-19
1787278849.526939,resting,fast,1787278739.9715214,-247.3446138495624,-187.20153423998852,1345.2919365132593,14.040115067998105,-18.550846038717168,2.9710306469231253e-19
1787278849.537691,resting,fast,1787278739.9715214,-247.45791373863221,-186.19799676166974,1347.8630066089763,13.96484975712416,-18.559343530397314,2.9732699116216966e-19
1787278849.5490096,resting,fast,1787278739.9715214,-248.5315413260928,-187.86453513111803,1350.0545541461242,14.089840134832617,-18.63986559945682,2.9803586608670906e-19
1787278849.560283,resting,fast,1787278739.9715214,-248.5349509455541,-187.6558685187391,1349.6348976347335,14.074190138904147,-18.640121320916258,2.98059671155409e-19
1787278849.5713143,resting,fast,1787278739.9715214,-248.2293455542499,-187.9852906664181,1348.331997139946,14.098896799980313,-18.617200916568535,2.979743873347852e-19
1787278849.582461,resting,fast,1787278739.9715214,-248.16675098087808,-185.89744352082187,1352.902678916812,13.942308264060546,-18.612506323565967,2.980964695241263e-19
1787278849.5936239,resting,fast,1787278739.9715214,-246.26984041778587,-185.05141011067906,1350.3587764992963,13.87885575830001,-18.47023803133378,2.9744336843805032e-19
1787278849.6042526,resting,fast,1787278739.9715214,-246.84771881072038,-183.70894073148418,1352.825003658415,13.778170554860214,-18.513578910803936,2.973753999925648e-19
1787278849.6152315,resting,fast,1787278739.9715214,-247.4783459855239,-185.94365196571664,1351.9162845852725,13.94577389742766,-18.560875948914088,2.9725477761422976e-19
1787278849.6266718,resting,fast,1787278739.9715214,-248.62240317822807,-187.40431367400777,1351.3690749869356,14.055323525549586,-18.646680238366812,2.9773418558558185e-19
1787278849.637584,resting,fast,1787278739.9715214,-248.8265005473154,-188.432842559081,1348.8633649255798,14.132463191930189,-18.66198754104859,2.979717118148643e-19
1787278849.6488576,resting,fast,1787278739.9715214,-249.14355191970253,-188.58355663097188,1349.6825833754838,14.143766747321752,-18.68576639397765,2.980104578477163e-19
1787278849.6601307,resting,fast,1787278739.9715214,-249.11376303654333,-187.50174726267176,1351.1750640725086,14.062631044699248,-18.683532227740763,2.97790715169341e-19
1787278849.670943,resting,fast,1787278739.9715214,-247.72756367307238,-186.88768908900954,1348.9902078753048,14.01657668167454,-18.57956727548035,2.9732189530523084e-19
1787278849.6822374,resting,fast,1787278739.9715214,-246.65669918704998,-186.28412806955942,1343.23883645757,13.971309605216081,-18.49925243902831,2.968949692300864e-19
1787278849.6934414,resting,fast,1787278739.9715214,-246.6985924571104,-185.08289860412685,1342.7784225915066,13.881217395308585,-18.502394434283026,2.9669770831144163e-19
1787278849.7042525,resting,fast,1787278739.9715214,-247.81048566457457,-185.5053276519792,1345.2236307127541,13.912899573897096,-18.585786424842873,2.970113220157383e-19
1787278849.7154884,resting,fast,1787278739.9715214,-247.57776562313256,-186.22489343288237,1350.2679349354103,13.966867007465002,-18.56833242173481,2.973443301465076e-19
1787278849.726726,resting,fast,1787278739.9715214,-247.53526261551588,-187.84997188727868,1348.5592747684832,14.088747891544859,-18.56514469616355,2.9773231531132913e-19
1787278849.7379215,resting,fast,1787278739.9715214,-247.53615729827243,-187.57592781468009,1351.555896633453,14.068194586099967,-18.56521179737048,2.9773853334809217e-19
1787278849.748897,resting,fast,1787278739.9715214,-246.7933408469812,-185.39186463421572,1345.8565976618474,13.904389847565088,-18.509500563523503,2.970517016296264e-19
1787278849.7601879,resting,fast,1787278739.9715214,-246.98508379548866,-184.39001510128412,1346.5672044149078,13.829251132595108,-18.5238812846615,2.969131595412657e-19
1787278849.7707891,resting,fast,1787278739.9715214,-245.88715720974642,-183.7782001304273,1341.9423175738912,13.78336500978067,-18.44153679073066,2.9660620015070213e-19
1787278849.7821977,resting,fast,1787278739.9715214,-246.38293328084865,-185.44398144063268,1344.471161753535,13.90829860804627,-18.47871999606342,2.971040486465209e-19
1787278849.793315,resting,fast,1787278739.9715214,-246.88403397482352,-186.66087647855204,1349.213692129274,13.999565735890162,-18.51630254811171,2.9706767959620617e-19
1787278849.8040483,resting,fast,1787278739.9715214,-247.5874799902781,-187.56922155592736,1352.2548951944327,14.067691616693384,-18.569060999270718,2.974547177140356e-19
1787278849.8155167,resting,fast,1787278739.9715214,-248.16169512901934,-187.0979345739985,1356.25424928337,14.032345093048793,-18.612127134676122,2.97825290397542e-19
1787278849.8266947,resting,fast,1787278739.9715214,-247.45076844959158,-186.32995033272448,1352.8340997299774,13.974746274953038,-18.558807633718942,2.9804477018069918e-19
1787278849.8374703,resting,fast,1787278739.9715214,-246.96989257410996,-187.11882744200864,1352.143767745366,14.033912058149614,-18.52274194305803,2.981695245644346e-19
1787278849.8488038,resting,fast,1787278739.9715214,-245.32797580669057,-185.00753078109994,1349.9286466932454,13.875564808581363,-18.399598185501837,2.9767434920727033e-19
1787278849.8599524,resting,fast,1787278739.9715214,-245.32519503816866,-184.83672317935577,1350.8857782971072,13.862754238450666,-18.399389627862384,2.97485312481729e-19
1787278849.8711214,resting,fast,1787278739.9715214,-244.96471644618532,-184.8227731904932,1347.8501308531786,13.861707989285993,-18.37235373346364,2.973896758277051e-19
1787278849.8818285,resting,fast,1787278739.9715214,-246.41019275900226,-187.27012030828462,1346.8768160675945,14.045259023120327,-18.480764456925044,2.9723970844524853e-19
1787278849.893217,resting,fast,1787278739.9715214,-246.89511933658332,-187.23494655076468,1346.1834519153044,14.042620991306027,-18.517133950243768,2.9719856636540194e-19
1787278849.9042168,resting,fast,1787278739.9715214,-248.7492766885248,-187.85579347037276,1349.260979314634,14.08918451027684,-18.656195751639224,2.971323380811264e-19
1787278849.9155025,resting,fast,1787278739.9715214,-248.73438527138433,-187.1573436302025,1351.9763509494505,14.036800772264161,-18.655078895353633,2.977490373448672e-19
1787278849.9264657,resting,fast,1787278739.9715214,-249.5924087172939,-188.01569823284547,1354.5177577144468,14.101177367462302,-18.719430653796977,2.982585805337687e-19
1787278849.9371672,resting,fast,1787278739.9715214,-247.94847912202795,-186.62524212531014,1352.2683661188357,13.996893159397349,-18.596135934151718,2.9811170481401694e-19
1787278849.9487233,resting,fast,1787278739.9715214,-246.9648025442043,-185.54561034629444,1348.7297701449343,13.915920775970864,-18.52236019081534,2.981554467582343e-19
1787278849.9599345,resting,fast,1787278739.9715214,-245.59760708962722,-184.88325262568685,1344.7987614937583,13.866243946925255,-18.41982053172164,2.976555252714044e-19
1787278849.9707868,resting,fast,1787278739.9715214,-245.59586762064328,-183.54906789723293,1344.554217621605,13.766180092291183,-18.419690071548096,2.973828908894308e-19
1787278849.981428,resting,fast,1787278739.9715214,-246.98400523433747,-184.59094684285367,1345.7293739187708,13.844321013212824,-18.523800392575083,2.97013697301819e-19
1787278849.9927423,resting,fast,1787278739.9715214,-247.8413238443477,-185.79902454887554,1350.5279687085722,13.934926841164671,-18.588099288325893,2.9763268365160003e-19
1787278850.0038595,resting,fast,1787278739.9715214,-248.68019686014713,-188.5934875825352,1350.1970392585217,14.144511568688873,-18.65101476451064,2.9791406721769515e-19
1787278850.0152338,resting,fast,1787278739.9715214,-248.82853850264792,-188.4037622129871,1352.70887430946,14.130282165972748,-18.66214038769828,2.9773028472561933e-19
1787278850.0264492,resting,fast,1787278739.9715214,-247.3669864332046,-187.44401493587304,1347.018822613366,14.058301120189373,-18.552523982490115,2.967940272187587e-19
1787278850.0375557,resting,fast,1787278739.9715214,-247.3248954105743,-184.87122275630975,1350.5975798503978,13.865341706722152,-18.54936715579283,2.969045734673476e-19
1787278850.0486393,resting,fast,1787278739.9715214,-248.15107350857807,-187.23760433480277,1346.9282197174225,14.042820325109151,-18.611330513143088,2.973429351622287e-19
1787278850.059766,resting,fast,1787278739.9715214,-250.03044116893716,-189.0847696611994,1353.594244468809,14.181357724588896,-18.752283087670094,2.9797338428346706e-19
1787278850.0706909,resting,fast,1787278739.9715214,-248.42244362232805,-189.18518793401984,1349.6803326162017,14.188889095050389,-18.631683271674575,2.9762773060089094e-19
1787278850.0818036,resting,fast,1787278739.9715214,-245.0267602805211,-186.67791601521856,1343.890577245339,14.000843701140344,-18.37700702103909,2.9730040300692e-19
1787278850.0931938,resting,fast,1787278739.9715214,-243.7185154323647,-185.41604098665255,1337.6392635325928,13.906203073997762,-18.27888865742733,2.969851670685783e-19
1787278850.1037629,resting,fast,1787278739.9715214,-244.0270862661705,-184.92598905342436,1339.1140060260668,13.869449179005759,-18.302031469962913,2.970990507115478e-19
1787278850.1150885,resting,fast,1787278739.9715214,-244.98811767370762,-185.32730212074182,1341.980614870191,13.899547659054281,-18.37410882552784,2.9696067079120387e-19
1787278850.1264913,resting,fast,1787278739.9715214,-245.97460453138274,-186.08872507229137,1344.8073899918845,13.956654380420577,-18.448095339853396,2.973463920994925e-19
1787278850.1373608,resting,fast,1787278739.9715214,-246.70050446398227,-188.09925839633513,1345.168629489507,14.107444379724104,-18.502537834798844,2.975312538047926e-19
1787278850.1485152,resting,fast,1787278739.9715214,-248.14195356316168,-188.2715429016547,1351.390236869348,14.120365717622906,-18.610646517237093,2.9779588600073096e-19
1787278850.159699,resting,fast,1787278739.9715214,-247.78969177185672,-187.17009438747198,1350.645736571406,14.037757079059293,-18.584226882889084,2.972549399312559e-19
1787278850.1707075,resting,fast,1787278739.9715214,-248.15502160013648,-186.42898309308873,1354.0168600527259,13.982173731980641,-18.611626620010043,2.975431373028473e-19
1787278850.1819441,resting,fast,1787278739.9715214,-248.2460235242511,-186.17761235510068,1349.743995539805,13.963320926631315,-18.618451764318543,2.9758790214751985e-19
1787278850.193077,resting,fast,1787278739.9715214,-247.84594089106167,-186.6358928817125,1349.349079725992,13.997691966127409,-18.588445566829193,2.9771470412197067e-19
1787278850.203795,resting,fast,1787278739.9715214,-248.28083661773553,-188.731461023115,1345.7924485624508,14.154859576732381,-18.621062746330125,2.9745379248705207e-19
1787278850.215141,resting,fast,1787278739.9715214,-246.7203821241942,-187.7868711850689,1348.6295295399168,14.084015338879059,-18.504028659314443,2.9725341346570494e-19
1787278850.2263396,resting,fast,1787278739.9715214,-244.79119986172327,-186.11691746125064,1343.725433759847,13.958768809592588,-18.359339989629156,2.972361705100107e-19
1787278850.2373269,resting,fast,1787278739.9715214,-245.2575794221916,-184.44719205224771,1345.023712078576,13.833539403917275,-18.394318456664323,2.972545107408593e-19
1787278850.2484252,resting,fast,1787278739.9715214,-245.32744646639412,-184.63999026748604,1341.3784294856678,13.847999270060132,-18.39955848497931,2.9730065885807533e-19
1787278850.2596707,resting,fast,1787278739.9715214,-248.27861007287856,-185.40408949382424,1350.3641627351653,13.905306712035657,-18.620895755465597,2.977074344790351e-19
1787278850.2703114,resting,fast,1787278739.9715214,-247.82499059492375,-185.20719421275646,1347.2351107468303,13.890539565955411,-18.586874294618923,2.9730738530397096e-19
1787278850.2817466,resting,fast,1787278739.9715214,-247.79603842067127,-186.46843184175702,1345.4181695898706,13.985132388130612,-18.584702881550363,2.971850921728796e-19
1787278850.2928853,resting,fast,1787278739.9715214,-247.2711219058533,-188.5719314016875,1343.595397082131,14.142894855125409,-18.5453341429387,2.969855899360242e-19
1787278850.303891,resting,fast,1787278739.9715214,-246.61823760924244,-187.90337217477474,1348.5753373829257,14.092752913107052,-18.496367820692946,2.975903522440366e-19
1787278850.3150246,resting,fast,1787278739.9715214,-246.4924335898445,-187.68341559282374,1349.008902543731,14.076256169460553,-18.486932519238003,2.974920394200493e-19
1787278850.326247,resting,fast,1787278739.9715214,-246.7955589401131,-186.35120788908318,1351.2597991214343,13.976340591680017,-18.50966692050813,2.97901378756304e-19
1787278850.3368456,resting,fast,1787278739.9715214,-246.90381532962647,-187.5275760514836,1350.3916738263333,14.064568203859995,-18.517786149722,2.9786746539428953e-19
1787278850.3482857,resting,fast,1787278739.9715214,-248.04678450453002,-187.784332280581,1352.9110341451205,14.083824921042382,-18.60350883783949,2.9814103350097263e-19
1787278850.3595133,resting,fast,1787278739.9715214,-246.11380093485104,-186.7724067141554,1347.6791990804513,14.00793050356042,-18.458535070113676,2.974002493469864e-19
1787278850.370254,resting,fast,1787278739.9715214,-246.36408849124882,-186.93208585638365,1345.6646663592774,14.019906439227587,-18.477306636843515,2.9710878682496104e-19
1787278850.381731,resting,fast,1787278739.9715214,-245.57469620739948,-187.7848510789239,1345.4920937787438,14.083863830918023,-18.418102215555002,2.9726929078625365e-19
1787278850.3926945,resting,fast,1787278739.9715214,-246.95130437067246,-189.32054709063402,1347.3920251725694,14.199041031796373,-18.52134782780019,2.9745206200126403e-19
1787278850.4038146,resting,fast,1787278739.9715214,-246.955640278798,-188.45914120890814,1347.6209824817715,14.1344355906669,-18.521673020909603,2.973471072651333e-19
1787278850.414974,resting,fast,1787278739.9715214,-246.32564066026544,-186.7244901418959,1349.4254018783986,14.004336760641,-18.474423049519544,2.9718344628220756e-19
1787278850.4261813,resting,fast,1787278739.9715214,-245.42841270091913,-184.8703679354188,1346.2688284284368,13.865277595155423,-18.407130952568863,2.9685181789091467e-19
1787278850.437113,resting,fast,1787278739.9715214,-245.81140099221966,-185.43109628521404,1347.416400941046,13.907332221390195,-18.43585507441638,2.9686479879316475e-19
1787278850.448285,resting,fast,1787278739.9715214,-247.54327510095982,-186.7347773386856,1347.9959966812758,14.005108300400085,-18.56574563257194,2.9686905035104066e-19
1787278850.459429,resting,fast,1787278739.9715214,-248.75586779434025,-188.4018624320505,1349.794879383896,14.130139682402532,-18.65669008457502,2.970209642586984e-19
1787278850.4700334,resting,fast,1787278739.9715214,-249.15478223963373,-187.7501272760777,1351.7844441890675,14.081259545704842,-18.686608667972408,2.973068089917256e-19
1787278850.481523,resting,fast,1787278739.9715214,-248.18729817440862,-185.23507695908881,1351.176151360699,13.892630771930701,-18.614047363080637,2.969023985444338e-19
1787278850.4927785,resting,fast,1787278739.9715214,-248.5510639825984,-184.87875309376784,1353.3443552680956,13.865906482031821,-18.64132979869469,2.9736452531772004e-19
1787278850.5033417,resting,fast,1787278739.9715214,-247.38990830025296,-183.68818827415578,1350.740425713947,13.776614120560442,-18.554243122518848,2.9698101790661433e-19
1787278850.5148954,resting,fast,1787278739.9715214,-246.74952229286146,-184.91835217053028,1349.9583502156174,13.868876412788499,-18.50621417196448,2.9689820794797816e-19
1787278850.5260606,resting,fast,1787278739.9715214,-247.5900886125305,-183.9670390328464,1351.6143370475556,13.797527927462287,-18.569256645939653,2.9682906028062246e-19
1787278850.5367842,resting,fast,1787278739.9715214,-248.34429317004424,-185.79928170596065,1354.3705150985506,13.934946127945938,-18.625821987753042,2.971730901133164e-19
1787278850.5482826,resting,fast,1787278739.9715214,-249.72553773366917,-185.68589088140595,1353.2295014410802,13.926441816104347,-18.72941533002504,2.973409676033357e-19
1787278850.5593235,resting,fast,1787278739.9715214,-248.81493303138586,-186.53160619048538,1350.7885902109456,13.989870464285264,-18.66111997735382,2.9727837947562037e-19
1787278850.5699427,resting,fast,1787278739.9715214,-248.47791575312885,-186.66950259637372,1347.701142394165,14.000212694726915,-18.635843681484467,2.969288404864985e-19
1787278850.5813253,resting,fast,1787278739.9715214,-247.64985522700272,-186.80320143538586,1346.912104847691,14.01024010765278,-18.57373914202512,2.972080737494439e-19
1787278850.5925279,resting,fast,1787278739.9715214,-247.3326708838681,-186.62361977327885,1348.455640512716,13.996771482994934,-18.549950316290094,2.972330948150308e-19
1787278850.6033323,resting,fast,1787278739.9715214,-247.49216073944217,-186.7157387278188,1347.880086192602,14.003680404585314,-18.561912055457995,2.975146647489262e-19
1787278850.614821,resting,fast,1787278739.9715214,-247.4317391902855,-187.11398337117464,1347.315060251888,14.033548752836953,-18.557380439271263,2.970921370519368e-19
1787278850.6255713,resting,fast,1787278739.9715214,-247.82413096941627,-187.8279701705561,1347.768859966788,14.087097762790723,-18.586809822706037,2.9693333969991838e-19
1787278850.6368968,resting,fast,1787278739.9715214,-248.2235285122265,-186.84147682415744,1351.6085039434138,14.013110761810612,-18.616764638416733,2.9696909077136335e-19
1787278850.6482542,resting,fast,1787278739.9715214,-248.06499457623568,-187.47643746580786,1353.6334245838143,14.06073280993444,-18.60487459321768,2.972429632684371e-19
1787278850.6593103,resting,fast,1787278739.9715214,-247.87804309734065,-186.52289258788335,1351.5024184869535,13.989216944090348,-18.590853232300333,2.973768410745044e-19
1787278850.6703057,resting,fast,1787278739.9715214,-247.50376866775014,-187.03570523919427,1345.7431652464466,14.027677892938318,-18.562782650080962,2.9699662395094957e-19
1787278850.6813667,resting,fast,1787278739.9715214,-248.71320880304802,-187.31848447956565,1345.6437112699814,14.048886335966191,-18.653490660228293,2.9707836748274655e-19
1787278850.6925027,resting,fast,1787278739.9715214,-249.22696385650625,-188.1479974444095,1349.9457637113892,14.111099808329673,-18.69202228923772,2.974046166901734e-19
1787278850.7033489,resting,fast,1787278739.9715214,-248.86876973267817,-187.6622745927126,1350.1376025209747,14.074670594452375,-18.6651577299504,2.9759358981455924e-19
1787278850.7145905,resting,fast,1787278739.9715214,-248.13143701211857,-186.33847139070315,1351.804092014262,13.975385354301753,-18.609857775908587,2.976632119101601e-19
1787278850.7257972,resting,fast,1787278739.9715214,-246.9340195838463,-184.85390803907137,1349.520196511853,13.864043102929063,-18.520051468788196,2.971733093102951e-19
1787278850.736462,resting,fast,1787278739.9715214,-247.797948263968,-185.37706075624885,1351.4338509321033,13.903279556717766,-18.584846119797284,2.973523200991165e-19
1787278850.7480564,resting,fast,1787278739.9715214,-248.59089042111327,-186.18516699561462,1351.466394228547,13.963887524669946,-18.644316781583356,2.9748460724283227e-19
1787278850.7591252,resting,fast,1787278739.9715214,-249.20120855714185,-188.04119874865557,1349.7569006774656,14.103089906148174,-18.690090641785574,2.976599030171869e-19
1787278850.7700188,resting,fast,1787278739.9715214,-248.078958001101,-186.68155079179166,1349.0884907590125,14.001116309383239,-18.60592185008239,2.9740102169850296e-19
1787278850.7812693,resting,fast,1787278739.9715214,-246.85205058977,-185.83650624656423,1346.6707898149643,13.937737968491252,-18.513903794232583,2.9696523690671767e-19
1787278850.7924373,resting,fast,1787278739.9715214,-246.00122346274884,-184.1835315033942,1346.4074099557338,13.81376486275342,-18.450091759706098,2.9672456872269735e-19
1787278850.8032112,resting,fast,1787278739.9715214,-245.5623302586232,-185.12359193159375,1345.7171182241573,13.884269394868614,-18.417174769396688,2.9654884810051927e-19
1787278850.8146422,resting,fast,1787278739.9715214,-245.61931575665267,-187.06331559993157,1346.7198930517834,14.02974866999364,-18.421448681748764,2.9672823639859413e-19
1787278850.8256156,resting,fast,1787278739.9715214,-247.34210427715834,-188.35314907510804,1347.171109742544,14.126486180632046,-18.55065782078666,2.9719352389610053e-19
1787278850.8363566,resting,fast,1787278739.9715214,-249.36602228861784,-189.1300508723724,1352.6483504951057,14.184753815426678,-18.702451671645974,2.9761058020031597e-19
1787278850.8476217,resting,fast,1787278739.9715214,-250.95237228277028,-188.69012859662882,1353.282181919033,14.15175964474614,-18.821427921207665,2.9783703912107764e-19
1787278850.8591464,resting,fast,1787278739.9715214,-250.5196846024087,-187.46304360456486,1353.8501675043635,14.059728270341314,-18.788976345180416,2.972340817242002e-19
1787278850.8696525,resting,fast,1787278739.9715214,-249.33649801859565,-186.3848143433321,1346.4842991624491,13.978861075748757,-18.700237351394335,2.9676254464127833e-19
1787278850.8811853,resting,fast,1787278739.9715214,-248.71570700674556,-183.38752764900244,1346.7707452554487,13.754064573673904,-18.653678025505577,2.9653363505467403e-19
1787278850.892376,resting,fast,1787278739.9715214,-247.8663203452029,-183.7700460858872,1342.9636708929493,13.78275345644045,-18.589974025889823,2.9668501598844287e-19
1787278850.903133,resting,fast,1787278739.9715214,-248.28094684968664,-184.42055045188602,1347.599552495075,13.831541283890036,-18.621071013726336,2.971235599478525e-19
1787278850.914485,resting,fast,1787278739.9715214,-247.73808011434403,-185.8476181688635,1346.9987709890056,13.938571362663556,-18.580356008575464,2.9683918466433207e-19
1787278850.9256084,resting,fast,1787278739.9715214,-249.02995968798723,-186.3020645475675,1352.370786188695,13.97265484106639,-18.677246976598994,2.9737454723765466e-19
1787278850.9363577,resting,fast,1787278739.9715214,-249.91690415030507,-186.92211749296155,1352.6578550850436,14.019158811971128,-18.743767811272726,2.970762145019283e-19
1787278850.9477704,resting,fast,1787278739.9715214,-250.48932064944302,-188.14536884671736,1350.61065780455,14.110902663502745,-18.786699048708023,2.9732786646541577e-19
1787278850.9589727,resting,fast,1787278739.9715214,-249.79655603356196,-187.96298785960528,1350.264413987993,14.097224089469297,-18.7347417025169,2.969810163605415e-19
1787278850.9695148,resting,fast,1787278739.9715214,-248.63518287807574,-187.05512856869007,1349.8142391627616,14.029134642650792,-18.647638715855386,2.97003649756234e-19
1787278850.9810314,resting,fast,1787278739.9715214,-248.62075026296088,-187.101962135289,1351.3484553813369,14.032647160145604,-18.646556269722097,2.9663078488441207e-19
1787278850.991766,resting,fast,1787278739.9715214,-248.94453324223878,-185.4765553243668,1351.7354161606245,13.910741649326145,-18.670839993167654,2.9642481867113073e-19
1787278851.0028148,resting,fast,1787278739.9715214,-249.34092407037633,-183.90084002626588,1352.7222063344461,13.792563001968961,-18.700569305278137,2.968810630494513e-19
1787278851.014395,resting,fast,1787278739.9715214,-249.18506033916447,-183.19423623026398,1355.5150418897874,13.73956771726873,-18.688879525437294,2.9737739900619244e-19
1787278851.0254047,resting,fast,1787278739.9715214,-248.93859831747204,-183.99097814787694,1354.9712316131654,13.799323361089709,-18.670394873810437,2.977248984915218e-19
1787278851.036462,resting,fast,1787278739.9715214,-248.27280088178168,-186.9733024064525,1353.6664914377534,14.022997680482764,-18.62046006613336,2.9769687689310415e-19
1787278851.0476644,resting,fast,1787278739.9715214,-249.0336355491204,-188.70096242409056,1353.6757507392913,14.152572181805812,-18.67752266618404,2.976439447093847e-19
1787278851.0589464,resting,fast,1787278739.9715214,-248.63100868395713,-189.08947953416293,1351.691686746849,14.181710965061175,-18.647325651296548,2.975235602918419e-19
1787278851.0694346,resting,fast,1787278739.9715214,-248.94380821965433,-187.69371266370342,1354.1469261262364,14.07702844977668,-18.670785616474042,2.975234911775224e-19
1787278851.0809872,resting,fast,1787278739.9715214,-249.479272156565,-186.10338832160312,1355.0758240372807,13.957754124119024,-18.71094541174206,2.978946782707563e-19
1787278851.09205,resting,fast,1787278739.9715214,-250.42379931865025,-188.0936067142394,1355.2779419069875,14.107020503567004,-18.78178494889856,2.9778810217453667e-19
1787278851.1027403,resting,fast,1787278739.9715214,-251.0329590769511,-188.97511530339887,1351.1398677197385,14.173133647753918,-18.82747193077116,2.9754700782033977e-19
1787278851.1142232,resting,fast,1787278739.9715214,-250.02161844824286,-189.25560361639043,1348.9494560508165,14.194170271228078,-18.751621383617888,2.9731280985898975e-19
1787278851.1253283,resting,fast,1787278739.9715214,-249.78847323503805,-188.45991156702587,1348.7751654328104,14.134493367525838,-18.73413549262775,2.9726563299516053e-19
1787278851.1361768,resting,fast,1787278739.9715214,-248.89598801138573,-187.17198081760955,1349.5145160247166,14.037898561319569,-18.667199100853715,2.970732783388898e-19
1787278851.147609,resting,fast,1787278739.9715214,-248.95545065108263,-186.16100417989003,1349.1341423230324,13.962075313490505,-18.67165879883099,2.970055376125656e-19
1787278851.1587548,resting,fast,1787278739.9715214,-248.44264639088715,-183.82414873012374,1347.4719215971754,13.786811154758215,-18.63319847931647,2.9691196199113666e-19
1787278851.169796,resting,fast,1787278739.9715214,-249.74560790514124,-185.2964459168569,1350.2542605931149,13.89723344376323,-18.730920592885504,2.9732991889152243e-19
1787278851.1809235,resting,fast,1787278739.9715214,-249.34070312435733,-184.93249545512333,1345.867983528281,13.869937159133162,-18.700552734326543,2.9691665967100176e-19
1787278851.1919317,resting,fast,1787278739.9715214,-248.17741766972858,-185.27351316391798,1347.8909777110048,13.895513487292849,-18.613306325229445,2.9685975620095857e-19
1787278851.2031329,resting,fast,1787278739.9715214,-247.74102863847247,-185.24438497574272,1342.963707152413,13.89332887317946,-18.580577147885258,2.9626460951569027e-19
1787278851.2141669,resting,fast,1787278739.9715214,-248.85887352726013,-187.20361715305523,1350.1323377863528,14.04027128647785,-18.66441551454424,2.968430546033158e-19
1787278851.2253382,resting,fast,1787278739.9715214,-250.60220932665698,-188.7321934713001,1349.7091194230607,14.15491451034642,-18.795165699498803,2.9688357848407566e-19
1787278851.2361395,resting,fast,1787278739.9715214,-251.06965810878182,-188.8499540603317,1355.0604650885061,14.163746554523787,-18.830224358158524,2.9764247513112926e-19
1787278851.247398,resting,fast,1787278739.9715214,-249.59540811907436,-186.1827971839649,1348.2258334240132,13.96370978879597,-18.719655608930132,2.969084790187395e-19
1787278851.2585347,resting,fast,1787278739.9715214,-248.79383571692642,-185.65602910164682,1346.3038586114935,13.92420218262247,-18.65953767876929,2.9670705472442305e-19
1787278851.2693872,resting,fast,1787278739.9715214,-247.91057613561088,-185.65616164297887,1341.6914835945145,13.924212123222421,-18.593293210170522,2.959167595951078e-19
1787278851.2803006,resting,fast,1787278739.9715214,-249.37210895859562,-188.15335042323193,1345.9198830664727,14.111501281741116,-18.70290817189447,2.961273787782898e-19
1787278851.291765,resting,fast,1787278739.9715214,-249.40681766920306,-188.79999815512008,1345.5008736048285,14.159999861632816,-18.70551132519011,2.9649302652121616e-19
1787278851.30258,resting,fast,1787278739.9715214,-248.6975872726548,-187.01473490771025,1345.048342387211,14.026105118077172,-18.652319045448806,2.965615183348224e-19
1787278851.3138244,resting,fast,1787278739.9715214,-247.17867651067036,-185.48273219891792,1344.7374814304812,13.911204914917707,-18.53840073830002,2.967501254670909e-19
1787278851.325311,resting,fast,1787278739.9715214,-246.88297719606044,-184.47952642586858,1343.0106487628664,13.835964481938948,-18.516223289704243,2.9619607549529734e-19
1787278851.3358822,resting,fast,1787278739.9715214,-247.52231822476506,-186.63232121388398,1343.369728718274,13.997424091039992,-18.564173866857267,2.9611921231797226e-19
1787278851.347437,resting,fast,1787278739.9715214,-248.90612527472922,-188.90610433657628,1345.1142497292412,14.167957825242159,-18.66795939560466,2.963415076038933e-19
1787278851.358595,resting,fast,1787278739.9715214,-249.0010365534131,-188.66682194477733,1351.22116687375,14.15001164585708,-18.675077741505625,2.970438629359881e-19
1787278851.3694975,resting,fast,1787278739.9715214,-248.57329132951463,-187.6347997290435,1349.582825880333,14.072609979677086,-18.642996849713292,2.972242652984076e-19
1787278851.3805707,resting,fast,1787278739.9715214,-247.12801714671377,-185.27673553660622,1344.9776886320496,13.895755165244328,-18.53460128600325,2.9655096876398864e-19
1787278851.3918338,resting,fast,1787278739.9715214,-248.39872746779065,-186.08183783917832,1346.6888713916096,13.956137837937451,-18.6299045600842,2.964087265283921e-19
1787278851.4024265,resting,fast,1787278739.9715214,-249.0348466959881,-185.2650220466868,1351.9678404295037,13.894876653500535,-18.677613502198895,2.966767192486657e-19
1787278851.4139516,resting,fast,1787278739.9715214,-249.12243537860058,-187.40356088620536,1354.4370512807754,14.055267066464214,-18.684182653394892,2.969057334703542e-19
1787278851.4251559,resting,fast,1787278739.9715214,-248.84828063947998,-188.03303012315666,1352.7376752449263,14.102477259235531,-18.66362104796078,2.9688371303737356e-19
1787278851.4359066,resting,fast,1787278739.9715214,-248.93771759176298,-188.13093207916143,1350.67636542719,14.109819905936096,-18.670328819382014,2.9679902353295892e-19
1787278851.4472322,resting,fast,1787278739.9715214,-249.74129062977818,-187.7041642984433,1350.0154640390983,14.077812322382218,-18.730596797233105,2.9684269288757437e-19
1787278851.4583073,resting,fast,1787278739.9715214,-249.81366802684488,-186.7259611046842,1348.9763735077895,14.004447082850493,-18.736025102013244,2.968434099439472e-19
1787278851.4690711,resting,fast,1787278739.9715214,-249.72630670494664,-186.85978620198523,1346.245254911909,14.014483965147779,-18.72947300287096,2.9629582851014406e-19
1787278851.4804802,resting,fast,1787278739.9715214,-249.33164540286953,-185.76128538562114,1349.0912813795558,13.932096403920458,-18.699873405215172,2.9665499206171885e-19
1787278851.49173,resting,fast,1787278739.9715214,-249.08124680457468,-185.73693783804163,1348.6353475868318,13.930270337851926,-18.681093510342926,2.963133033580118e-19
1787278851.5024428,resting,fast,1787278739.9715214,-249.72436085506843,-186.3518790880438,1355.1526712405512,13.976390931602172,-18.729327064130054,2.9709011231831595e-19
1787278851.513897,resting,fast,1787278739.9715214,-249.5860244109731,-186.3698410408707,1352.3882156248646,13.977738078063997,-18.718951830822895,2.968908140601736e-19
1787278851.5250852,resting,fast,1787278739.9715214,-250.22844318391935,-186.27343257794462,1352.1560189261354,13.97050744334469,-18.767133238793697,2.972864426878514e-19
1787278851.5356667,resting,fast,1787278739.9715214,-248.99841493587292,-186.54345158988792,1349.5928819899063,13.990758869240597,-18.674881120190264,2.9732251020605854e-19
1787278851.5472627,resting,fast,1787278739.9715214,-250.12240375009742,-187.6023384465551,1352.0446386866815,14.070175383490398,-18.759180281257088,2.975891740294944e-19
1787278851.5583758,resting,fast,1787278739.9715214,-249.7488438569585,-189.35550848899936,1351.8710691808637,14.201663136673748,-18.73116328927172,2.9751934979494357e-19
1787278851.5689433,resting,fast,1787278739.9715214,-250.4584462085727,-188.49680573850412,1353.8327253354955,14.137260430386593,-18.784383465642676,2.9739006724576755e-19
1787278851.5803916,resting,fast,1787278739.9715214,-249.28393623170496,-188.63366187418535,1352.4406081645202,14.147524640562626,-18.69629521737769,2.9734532424996404e-19
1787278851.5911486,resting,fast,1787278739.9715214,-249.12190934944874,-187.64973299593328,1353.488733599358,14.073729974693993,-18.684143201208506,2.9739332124203555e-19
1787278851.6021705,resting,fast,1787278739.9715214,-248.58403411362042,-187.0580723486563,1353.7770287991452,14.029355426148118,-18.64380255852111,2.9733457373757717e-19
1787278851.6135004,resting,fast,1787278739.9715214,-250.16560546477058,-186.243315197975,1357.9202403324734,13.968248639847008,-18.762420409857675,2.9731436583521706e-19
1787278851.6245463,resting,fast,1787278739.9715214,-249.8059233421859,-186.173499057497,1359.198570976444,13.963012429311153,-18.735444250663626,2.975106405677287e-19
1787278851.6355386,resting,fast,1787278739.9715214,-249.8625552649023,-186.76222539137996,1358.3828649072266,14.007166904352378,-18.739691644867477,2.9728349740342457e-19
1787278851.6468275,resting,fast,1787278739.9715214,-246.25128581700073,-186.87081296172494,1349.4039052177277,14.015310972128066,-18.468846436274745,2.9685260378839553e-19
1787278851.6580267,resting,fast,1787278739.9715214,-245.61694640535416,-185.78284900821666,1343.9775299100156,13.933713675615156,-18.421270980401367,2.962841591137567e-19
1787278851.6690502,resting,fast,1787278739.9715214,-246.13802122252628,-185.91118448916257,1343.4834806072313,13.943338836686056,-18.460351591689246,2.9647564354714995e-19
1787278851.6802106,resting,fast,1787278739.9715214,-248.81083396216354,-185.80171730839095,1347.7009593255634,13.935128798128137,-18.66081254716213,2.9667907016942536e-19
1787278851.6912587,resting,fast,1787278739.9715214,-249.87292388804462,-187.44894245729517,1350.8306708799983,14.05867068429588,-18.74046929160304,2.969035641600565e-19
1787278851.7024076,resting,fast,1787278739.9715214,-249.50326223211096,-187.66686581344527,1351.9677297722747,14.075014936007111,-18.71274466740826,2.9703540829427404e-19
1787278851.713454,resting,fast,1787278739.9715214,-248.44215777363888,-187.96528566651148,1349.1028836010855,14.097396424987142,-18.633161833022996,2.9695158527854843e-19
1787278851.7246425,resting,fast,1787278739.9715214,-248.44115306455978,-187.4824704830188,1353.1333642509462,14.061185286225427,-18.633086479841744,2.970636838417589e-19
1787278851.7357426,resting,fast,1787278739.9715214,-247.29333358576378,-187.68139294234913,1345.7719395594804,14.076104470675066,-18.54700001893199,2.963458995029787e-19
1787278851.7467182,resting,fast,1787278739.9715214,-247.68144349114436,-187.2372198719678,1348.2212322118185,14.042791490396315,-18.5761082618357,2.9637947137784684e-19
1787278851.7579732,resting,fast,1787278739.9715214,-247.9576381365864,-188.14599683701874,1344.8336449865938,14.110949762775494,-18.596822860243897,2.9654900212540475e-19
1787278851.7690234,resting,fast,1787278739.9715214,-248.9089662347037,-187.83030370540894,1352.2787366784096,14.08727277790442,-18.66817246760278,2.9715976460222216e-19
1787278851.780037,resting,fast,1787278739.9715214,-248.14861420734678,-187.37991137686174,1349.5136009778862,14.053493353263438,-18.611146065550912,2.97477198783601e-19
1787278851.7912707,resting,fast,1787278739.9715214,-246.61675851341306,-186.70288535436464,1348.406977535301,14.00271640157614,-18.496256888505762,2.9735558786937255e-19
1787278851.8023632,resting,fast,1787278739.9715214,-247.26742804778723,-186.7616348215214,1347.1869806878685,14.007122611612989,-18.545057103584035,2.9714769893981536e-19
1787278851.813348,resting,fast,1787278739.9715214,-247.183519380515,-187.11565216038923,1348.9225872054149,14.033673912028139,-18.538763953538286,2.969531026262829e-19
1787278851.8245761,resting,fast,1787278739.9715214,-247.82805964870613,-186.9566258542783,1352.348170002112,14.021746939069619,-18.587104473652857,2.971023215433451e-19
1787278851.8354924,resting,fast,1787278739.9715214,-247.88275286332964,-188.03885338053817,1353.463264734305,14.102914003539272,-18.591206464749675,2.977673152624075e-19
1787278851.8466012,resting,fast,1787278739.9715214,-247.97126357874868,-187.98624895101955,1351.7448365381397,14.098968671325142,-18.597844768405935,2.97984811364866e-19
1787278851.857697,resting,fast,1787278739.9715214,-246.82432642000958,-187.75665464243605,1343.9931361901135,14.081749098181763,-18.511824481500653,2.974476811151703e-19
1787278851.8688557,resting,fast,1787278739.9715214,-246.7047435711488,-187.99445776510663,1342.7507858636882,14.099584332381898,-18.502855767836067,2.9715389481397866e-19
1787278851.8798356,resting,fast,1787278739.9715214,-247.53321485232527,-188.1254787657282,1346.2748855244563,14.109410907428472,-18.564991113924442,2.9711696492403105e-19
1787278851.8910563,resting,fast,1787278739.9715214,-249.09001110034433,-188.33727774105603,1351.4191094967546,14.125295830578015,-18.6817508325257,2.9757340022193344e-19
1787278851.902038,resting,fast,1787278739.9715214,-248.19611824092362,-186.7184751761248,1352.8075066739884,14.003885638208164,-18.614708868069016,2.9751618912852423e-19
1787278851.9131677,resting,fast,1787278739.9715214,-247.61346689211632,-187.21812051409017,1351.2807759932994,14.041359038555687,-18.571010016908588,2.97500397496076e-19
1787278851.924263,resting,fast,1787278739.9715214,-246.9259584254828,-186.83029517884995,1352.1110814546964,14.012272138412715,-18.519446881911,2.974881661600397e-19
1787278851.9353454,resting,fast,1787278739.9715214,-248.1742109164229,-187.87346504235109,1351.8158310463741,14.090509878175215,-18.613065818731584,2.9747172913828474e-19
1787278851.9465518,resting,fast,1787278739.9715214,-248.39164842019954,-186.5525887680684,1354.6038201116307,13.991444157604125,-18.62937363151498,2.977433832585399e-19
1787278851.9576387,resting,fast,1787278739.9715214,-248.6869667532278,-187.42114438710394,1351.9942266878834,14.056585829031892,-18.6515225064919,2.9764662041464047e-19
1787278851.968806,resting,fast,1787278739.9715214,-248.5483185733151,-187.06883348185,1352.275370612092,14.030162511137664,-18.641123892998365,2.9764682639411567e-19
1787278851.9798918,resting,fast,1787278739.9715214,-247.76750563499127,-187.07765295714046,1348.2000322078375,14.030823971784162,-18.582562922624206,2.9715574674342144e-19
1787278851.9910657,resting,fast,1787278739.9715214,-247.27367761625874,-186.62217136447236,1348.4613879390863,13.996662852334087,-18.5455258212195,2.969914283620112e-19
1787278852.0020282,resting,fast,1787278739.9715214,-246.20181373678543,-185.70913999459037,1345.9147394865658,13.92818549959333,-18.465136030258847,2.968482787357828e-19
1787278852.0131333,resting,fast,1787278739.9715214,-247.98413886212848,-186.6375293898385,1352.302026613289,13.997814704236635,-18.59881041465946,2.971917612676522e-19
1787278852.0243247,resting,fast,1787278739.9715214,-248.23658666564143,-186.61287754425086,1352.6939715190465,13.995965815817716,-18.617743999922965,2.9734246351364047e-19
1787278852.0353267,resting,fast,1787278739.9715214,-249.32052836037428,-188.50501940032598,1354.1243911265801,14.13787645502325,-18.699039627027958,2.9755911898934654e-19
1787278852.0463555,resting,fast,1787278739.9715214,-247.51623035526563,-187.5318755822815,1348.114426299483,14.064890668670149,-18.563717276644873,2.971892560005499e-19
1787278852.0574765,resting,fast,1787278739.9715214,-247.48551444912982,-187.696198832307,1351.94136227762,14.07721491242184,-18.5614135836844,2.9757298051009543e-19
1787278852.0684886,resting,fast,1787278739.9715214,-245.56149334731663,-185.90053229109037,1346.9317850141588,13.942539921830548,-18.417112001048487,2.9733447741430586e-19
1787278852.079744,resting,fast,1787278739.9715214,-247.0913770121765,-186.7348095081851,1348.8972915133209,14.00511071311276,-18.531853275913008,2.9727768118082544e-19
1787278852.0910168,resting,fast,1787278739.9715214,-247.4883070457895,-187.00981751052666,1346.8505673795835,14.02573631328838,-18.56162302843385,2.970847635833157e-19
1787278852.101936,resting,fast,1787278739.9715214,-247.48509582515953,-187.74328192965265,1350.3415814039517,14.080746144722813,-18.561382186886703,2.9735493970603045e-19
1787278852.1130183,resting,fast,1787278739.9715214,-245.8391413562863,-187.91618655326135,1347.0278813419345,14.093713991493491,-18.4379356017214,2.975634903694988e-19
1787278852.1278646,resting,fast,1787278739.9715214,-244.6730819842801,-186.71077810058603,1341.4143235550955,14.003308357542867,-18.350481148820855,2.970154102125349e-19
1787278852.1352274,resting,fast,1787278739.9715214,-244.52845973450758,-185.43855416145254,1342.0905079982776,13.907891562107583,-18.33963448008774,2.9693050768297084e-19
1787278852.1463485,resting,fast,1787278739.9715214,-245.59021286823236,-186.34162811841372,1344.81306442991,13.975622108879922,-18.419265965117447,2.9677219433428955e-19
1787278852.1609986,resting,fast,1787278739.9715214,-246.49151612042215,-187.23779748126196,1354.6989878137365,14.042834811093517,-18.4868637090311,2.973596104596799e-19
1787278852.1683855,resting,fast,1787278739.9715214,-247.1155570541555,-188.74500855663894,1356.4165534802696,14.155875641746878,-18.533666779061484,2.9738673918489183e-19
1787278852.1797163,resting,fast,1787278739.9715214,-247.10638094687556,-187.89102677078256,1355.4001682339303,14.091827007807755,-18.532978571015562,2.9764379017886093e-19
1787278852.1945183,resting,fast,1787278739.9715214,-246.57855674681332,-187.12518034979996,1350.4085202258311,14.034388526233815,-18.49339175601098,2.973268771296503e-19
1787278852.201713,resting,fast,1787278739.9715214,-247.77415790996702,-187.53580892314687,1350.7807006198154,14.06518566923501,-18.583061843247158,2.976298143181382e-19
1787278852.2129586,resting,fast,1787278739.9715214,-248.43153336221576,-187.35799548297416,1356.0557289675353,14.051849661221997,-18.63236500216584,2.978513281001623e-19
1787278852.2258992,resting,fast,1787278739.9715214,-249.3510781870741,-188.11596458532165,1359.4403018555668,14.10869734389819,-18.701330864030254,2.9831607825766447e-19
1787278852.2351613,resting,fast,1787278739.9715214,-249.6557102346792,-187.40708784201763,1357.4405059292212,14.05553158815022,-18.72417826760077,2.97940785778419e-19
1787278852.2462907,resting,fast,1787278739.9715214,-249.01675382822714,-186.46750198637312,1351.1605509236824,13.985062648976584,-18.67625653711675,2.9737099072430746e-19
1787278852.258998,resting,fast,1787278739.9715214,-247.55065562298978,-185.1632416611725,1346.8344366050633,13.887243124586721,-18.566299171723962,2.966890264173558e-19
1787278852.2682297,resting,fast,1787278739.9715214,-246.36049239942304,-185.48958438748025,1342.013970034116,13.911718829059925,-18.477036929956725,2.9658279355078167e-19
1787278852.2794783,resting,fast,1787278739.9715214,-245.79724499915983,-185.74333393506606,1344.6825207551165,13.930750045128736,-18.434793374937,2.969271555289513e-19
1787278852.2929974,resting,fast,1787278739.9715214,-246.78414257063696,-185.91720917452756,1348.8141912123929,13.943790688088331,-18.508810692797496,2.9759556035058785e-19
1787278852.3018153,resting,fast,1787278739.9715214,-247.0671289184379,-186.72602971884032,1352.9446844433232,14.004452228912005,-18.53003466888258,2.9770277239502267e-19
1787278852.3129804,resting,fast,1787278739.9715214,-246.78424506100737,-187.53096289753137,1350.6041320934391,14.064822217313765,-18.508818379575317,2.9749860777611562e-19
1787278852.3257282,resting,fast,1787278739.9715214,-246.8221042873961,-188.14321677163173,1347.6200152275424,14.1107412578714,-18.511657821554635,2.972670927433397e-19
1787278852.335004,resting,fast,1787278739.9715214,-246.0802431245943,-186.3363397179661,1347.877646824124,13.97522547884643,-18.456018234344413,2.974473107307211e-19
1787278852.3462741,resting,fast,1787278739.9715214,-245.82083299149008,-187.32021449017714,1345.7279746608738,14.04901608676207,-18.436562474361608,2.975804192523398e-19
1787278852.359203,resting,fast,1787278739.9715214,-245.93048581559788,-187.13630588353692,1345.6129428897448,14.035222941264085,-18.4447864361697,2.9749794100627247e-19
1787278852.3684065,resting,fast,1787278739.9715214,-246.43608234900375,-187.54870419241558,1344.2473782906172,14.066152814429945,-18.48270617617525,2.9716451957850697e-19
1787278852.3794448,resting,fast,1787278739.9715214,-246.47204830582223,-186.115492353984,1346.9283244014705,13.958661926547709,-18.48540362293636,2.970875461923457e-19
1787278852.3909264,resting,fast,1787278739.9715214,-246.42808154211207,-187.02776428077607,1344.7739551524455,14.027082321056941,-18.48210611565824,2.9711241345179384e-19
1787278852.401553,resting,fast,1787278739.9715214,-246.53789666531384,-188.14590389504463,1345.0516794878904,14.110942792127464,-18.490342249898475,2.9730582280505516e-19
1787278852.4127014,resting,fast,1787278739.9715214,-248.00677248906368,-189.13365035042727,1347.814296296884,14.185023776280861,-18.600507936679612,2.9759953415507e-19
1787278852.423961,resting,fast,1787278739.9715214,-248.72010001165245,-188.59270186608148,1350.5297783424312,14.144452639955066,-18.65400750087369,2.9762578347297694e-19
1787278852.4349637,resting,fast,1787278739.9715214,-249.42020139364695,-187.4321521648675,1351.710239041714,14.057411412363937,-18.706515104523305,2.9770088982239146e-19
1787278852.4459414,resting,fast,1787278739.9715214,-249.15387132122805,-186.481503318235,1350.62623945193,13.986112748866407,-18.686540349092,2.9738723372800618e-19
1787278852.4571855,resting,fast,1787278739.9715214,-248.62753057862892,-186.39016037017143,1350.187944904489,13.979262027761653,-18.647064793396865,2.9741649223399843e-19
1787278852.4681706,resting,fast,1787278739.9715214,-248.9545258045514,-188.10571540745661,1349.2694026660802,14.107928655557945,-18.671589435341176,2.976067574775802e-19
1787278852.4794543,resting,fast,1787278739.9715214,-248.930026706435,-189.6962634278235,1350.6482453918698,14.227219757085582,-18.669752002982342,2.9804377425725144e-19
1787278852.4905334,resting,fast,1787278739.9715214,-249.37063529588113,-189.43544869252048,1353.6065050059742,14.207658651937724,-18.702797647191097,2.980460855249628e-19
1787278852.5015647,resting,fast,1787278739.9715214,-247.2320212647851,-188.3971589936408,1345.9833170109096,14.129786924521827,-18.54240159485886,2.97543254499143e-19
1787278852.5126684,resting,fast,1787278739.9715214,-247.16600117686312,-187.16652440001383,1345.900152323683,14.03748932999996,-18.537450088264485,2.9704883135493716e-19
1787278852.5238342,resting,fast,1787278739.9715214,-245.89192607153518,-187.8508944173235,1342.6752811320084,14.088817081298107,-18.44189445536501,2.9700743031981883e-19
1787278852.5350213,resting,fast,1787278739.9715214,-246.13705260154484,-187.56206143875022,1346.0337398944985,14.067154607905284,-18.46027894511556,2.966127516735214e-19
1787278852.5460126,resting,fast,1787278739.9715214,-245.6457743428441,-188.08987362507708,1345.1616792643445,14.106740521879832,-18.423433075713163,2.9670146543266823e-19
1787278852.5571747,resting,fast,1787278739.9715214,-245.97432597558554,-187.71855520664792,1348.3538464542899,14.078891640497535,-18.44807444816867,2.967906182587745e-19
1787278852.5681403,resting,fast,1787278739.9715214,-245.95206449151965,-186.24816792355875,1349.7888285029503,13.968612594265654,-18.44640483686377,2.968269055771086e-19
1787278852.5793674,resting,fast,1787278739.9715214,-246.4937454372207,-186.0341813769536,1347.9639826978391,13.952563603270367,-18.487030907791294,2.9681375703371577e-19
1787278852.5905068,resting,fast,1787278739.9715214,-245.6714956859555,-185.0504869611333,1343.0312798662717,13.878786522083832,-18.42536217644639,2.964654861387473e-19
1787278852.6015122,resting,fast,1787278739.9715214,-243.8755089606425,-183.97668543843304,1341.9959769796833,13.798251407881285,-18.290663172047857,2.964087799036602e-19
1787278852.6126308,resting,fast,1787278739.9715214,-243.4164799673522,-184.2530929184378,1342.690396147992,13.818981968881804,-18.256235997551315,2.9648360748645496e-19
1787278852.6236863,resting,fast,1787278739.9715214,-244.87049092193547,-185.98008316189532,1345.897788904539,13.948506237140894,-18.36528681914504,2.966285388732475e-19
1787278852.634819,resting,fast,1787278739.9715214,-245.78306309231402,-187.3869624574603,1346.7955700208486,14.054022184308469,-18.433729731923414,2.969605632570961e-19
1787278852.6459785,resting,fast,1787278739.9715214,-245.84299386145585,-188.26806268014946,1346.4363784306888,14.120104701010337,-18.438224539608875,2.9700208132167914e-19
1787278852.6571252,resting,fast,1787278739.9715214,-245.26366539818855,-188.19167617538335,1343.7401918777969,14.114375713152544,-18.394774904863795,2.9692252236911463e-19
1787278852.6682038,resting,fast,1787278739.9715214,-246.93077892357496,-188.92936152552795,1344.5844407395061,14.169702114413528,-18.51980841926799,2.9722000962475276e-19
1787278852.6792443,resting,fast,1787278739.9715214,-246.74785820775332,-187.57362834180287,1341.0541691136614,14.068022125633863,-18.506089365581396,2.9710904659916574e-19
1787278852.6903315,resting,fast,1787278739.9715214,-247.49616283087062,-186.40752560856606,1343.911531620578,13.980564420641148,-18.56221221231516,2.970683520037318e-19
1787278852.7013278,resting,fast,1787278739.9715214,-247.76986045264994,-188.59563657558908,1341.5164669780634,14.144672743167963,-18.582739533948605,2.9704837324639775e-19
1787278852.7124815,resting,fast,1787278739.9715214,-247.18759199251917,-188.0455981807978,1341.132467632232,14.103419863558575,-18.539069399438787,2.969169666474269e-19
1787278852.7235377,resting,fast,1787278739.9715214,-247.38057711912688,-188.59244498405099,1343.4856549206606,14.14443337380256,-18.553543283934218,2.97218295404085e-19
1787278852.7347088,resting,fast,1787278739.9715214,-245.8734415978638,-185.90438990471569,1344.106268437562,13.9428292428526,-18.440508119839592,2.9684002532814925e-19
1787278852.7457676,resting,fast,1787278739.9715214,-246.69877481145477,-186.34221855075964,1349.1392665133908,13.975666391305712,-18.502408110859292,2.972094012553945e-19
1787278852.7569766,resting,fast,1787278739.9715214,-246.1384357264801,-186.89292256104488,1346.1427446091684,14.016969192077529,-18.46038267948584,2.972011494107003e-19
1787278852.7679822,resting,fast,1787278739.9715214,-246.46131641127295,-186.59328841669674,1347.2894434042328,13.994496631251057,-18.484598730845278,2.970254524334609e-19
1787278852.7789106,resting,fast,1787278739.9715214,-246.9565331000499,-185.42111816972022,1347.2194610422748,13.906583862727832,-18.521739982503597,2.969767982557964e-19
1787278852.7900405,resting,fast,1787278739.9715214,-246.76807618897737,-185.10185844310638,1347.1971607092119,13.882639383231766,-18.50760571417301,2.9677571851962805e-19
1787278852.8013391,resting,fast,1787278739.9715214,-247.09575462835937,-184.42404918423847,1346.7648160866274,13.831803688816738,-18.5321815971268,2.9670456592403893e-19
1787278852.8126593,resting,fast,1787278739.9715214,-246.5230881060229,-186.34064144067008,1345.7608117771388,13.975548108049242,-18.489231607951602,2.965674085509607e-19
1787278852.8234336,resting,fast,1787278739.9715214,-246.15168550286444,-185.0991873426134,1346.2624297323719,13.882439050695016,-18.461376412714955,2.966823360717002e-19
1787278852.8345964,resting,fast,1787278739.9715214,-245.42104968471313,-186.8521689784269,1346.4805521627668,14.013912673380762,-18.40657872635326,2.969283403346268e-19
1787278852.8457346,resting,fast,1787278739.9715214,-244.5809117264239,-185.22059246753395,1346.9543562436493,13.89154443506381,-18.343568379481738,2.9707387327891137e-19
1787278852.856899,resting,fast,1787278739.9715214,-244.72462766497074,-185.14657661770332,1347.3688996438405,13.885993246326496,-18.354347074872642,2.969226871819168e-19
1787278852.867958,resting,fast,1787278739.9715214,-244.71137350990602,-184.72729243675428,1343.938824731934,13.854546932755344,-18.35335301324281,2.966822007900528e-19
1787278852.87894,resting,fast,1787278739.9715214,-245.2105311568116,-183.8653275740361,1341.2658324122394,13.789899568051542,-18.390789836760547,2.9634955804748136e-19
1787278852.8900712,resting,fast,1787278739.9715214,-245.49044910638304,-185.24675636606628,1340.2182904112096,13.893506727453772,-18.411783682978758,2.96445578081025e-19
1787278852.901146,resting,fast,1787278739.9715214,-247.36513475878155,-185.50730039570988,1348.9435811804442,13.913047529677304,-18.552385106908567,2.9709479350021834e-19
1787278852.9122963,resting,fast,1787278739.9715214,-248.3961564205706,-188.0281408721006,1351.499088393749,14.102110565406552,-18.629711731542585,2.975408961605519e-19
1787278852.9234037,resting,fast,1787278739.9715214,-248.62656553554416,-188.9768754768487,1350.2712735574923,14.173265660762556,-18.64699241516577,2.975671843080126e-19
1787278852.9345028,resting,fast,1787278739.9715214,-248.78503617950855,-190.01137524473518,1347.6876727225163,14.250853143353925,-18.658877713462957,2.974123743643618e-19
1787278852.9456332,resting,fast,1787278739.9715214,-247.2404744208775,-188.9017268950007,1344.9920846447685,14.167629517123874,-18.543035581565675,2.9687726577357296e-19
1787278852.9566302,resting,fast,1787278739.9715214,-245.84348596912014,-187.37604394238167,1342.9545085885884,14.053203295677509,-18.43826144768397,2.9619327312886136e-19
1787278852.9677653,resting,fast,1787278739.9715214,-245.79908563364506,-186.64038099195648,1346.8713566659344,13.998028574395523,-18.43493142252322,2.961510443658871e-19
1787278852.9789093,resting,fast,1787278739.9715214,-247.11028464203946,-187.17471847600598,1348.6906780835243,14.038103885699432,-18.533271348152915,2.9613072944850375e-19
1787278852.9900026,resting,fast,1787278739.9715214,-247.9493270062071,-188.0640225911435,1352.296002562297,14.104801694334572,-18.59619952546513,2.969512583844963e-19
1787278853.001024,resting,fast,1787278739.9715214,-247.17157452464335,-187.47646197343158,1347.4409467248015,14.060734648006306,-18.53786808934806,2.969271944002758e-19
1787278853.0122244,resting,fast,1787278739.9715214,-246.79766402649466,-187.23020924130094,1347.0114516184558,14.042265693096443,-18.50982480198678,2.970592484456253e-19
1787278853.0232072,resting,fast,1787278739.9715214,-247.94658975449465,-186.20634500667518,1347.924217279412,13.965475875499667,-18.595994231586907,2.969305182097172e-19
1787278853.034323,resting,fast,1787278739.9715214,-249.08448493082824,-187.13132735516626,1354.7133780625672,14.034849551636345,-18.681336369811852,2.9722472540820566e-19
1787278853.0455952,resting,fast,1787278739.9715214,-248.5330391477014,-186.1379683886081,1351.779332221803,13.960347629144682,-18.639977936077443,2.971602010377357e-19
1787278853.0566914,resting,fast,1787278739.9715214,-246.66575847959712,-185.95937331940547,1348.3836165688035,13.94695299895439,-18.4999318859698,2.9688401721478696e-19
1787278853.0676317,resting,fast,1787278739.9715214,-246.4345533303208,-185.96254539316976,1341.1068348832714,13.947190904486778,-18.482591499773854,2.962537297130295e-19
1787278853.0788167,resting,fast,1787278739.9715214,-246.3218777928064,-186.53624856851877,1344.2905716282885,13.990218642637902,-18.474140834459924,2.9636444580211637e-19
1787278853.0895228,resting,fast,1787278739.9715214,-247.96975861060355,-186.88064375534998,1346.6285929817504,14.016048281650232,-18.597731895795036,2.963430335507276e-19
1787278853.1009498,resting,fast,1787278739.9715214,-247.45866992554738,-186.2561442963962,1346.4506830566124,13.969210822228622,-18.55940024441601,2.9684595287549805e-19
1787278853.112159,resting,fast,1787278739.9715214,-248.65204793903786,-187.12010990768056,1346.4705574521968,14.03400824307501,-18.648903595427903,2.967021769105898e-19
1787278853.1232166,resting,fast,1787278739.9715214,-248.3242404598809,-187.97509415342813,1341.6115321263233,14.09813206150584,-18.624318034491026,2.964886665844543e-19
1787278853.134329,resting,fast,1787278739.9715214,-248.80840882053735,-187.84284640087787,1348.0149188389923,14.088213480064741,-18.660630661540075,2.9643929426683294e-19
1787278853.145469,resting,fast,1787278739.9715214,-247.9402731988589,-186.8792196387841,1349.4334745784627,14.015941472907645,-18.5955204899143,2.96688759936617e-19
1787278853.1564074,resting,fast,1787278739.9715214,-247.1784666398994,-185.7453071755316,1351.6948428810965,13.930898038163836,-18.538384997992175,2.968137377014702e-19
1787278853.1676018,resting,fast,1787278739.9715214,-247.14348250806188,-186.31525641603378,1346.3761032901903,13.973644231201494,-18.53576118810453,2.962899055463762e-19
1787278853.1786854,resting,fast,1787278739.9715214,-247.5665661580365,-185.8634841373497,1344.928158550675,13.939761310300003,-18.567492461852616,2.9609773415592463e-19
1787278853.1897178,resting,fast,1787278739.9715214,-248.8571122580056,-186.85031381921874,1346.7088944696743,14.013773536440372,-18.66428341935042,2.963643524124953e-19
1787278853.200812,resting,fast,1787278739.9715214,-249.0053540586464,-187.3705081121667,1351.0075971604956,14.052788108411495,-18.67540155439837,2.9708174822411656e-19
1787278853.2121952,resting,fast,1787278739.9715214,-249.0904012666174,-187.43964842747516,1352.5799251250528,14.057973632059376,-18.68178009499617,2.971565518418605e-19
1787278853.223141,resting,fast,1787278739.9715214,-248.2589425768897,-187.90628553480758,1352.798880632211,14.092971415109464,-18.61942069326669,2.971910058034234e-19
1787278853.233966,resting,fast,1787278739.9715214,-248.92953856491522,-188.0717407660478,1346.358404811478,14.10538055745221,-18.66971539236836,2.9656348930240453e-19
1787278853.2453427,resting,fast,1787278739.9715214,-248.42422356004454,-189.2699055638542,1344.4063360495575,14.195242917287803,-18.631816767003023,2.9658273446422704e-19
1787278853.2562711,resting,fast,1787278739.9715214,-248.98802179563108,-188.66189604696012,1344.8798746692382,14.14964220352083,-18.674101634672077,2.9647460430812837e-19
1787278853.2670546,resting,fast,1787278739.9715214,-249.53433259698932,-187.89105594179875,1354.349229339773,14.09182919563364,-18.715074944774003,2.97428445567623e-19
1787278853.2782779,resting,fast,1787278739.9715214,-249.5144389682987,-186.21295278870923,1354.1513658360045,13.96597145915209,-18.71358292262211,2.969445774612727e-19
1787278853.2895415,resting,fast,1787278739.9715214,-248.89385924442422,-186.02831147644667,1353.497022800976,13.952123360732305,-18.667039443331554,2.967275773163168e-19
1787278853.3006203,resting,fast,1787278739.9715214,-248.49189303717185,-185.8906972793476,1349.4557676811064,13.94180229594993,-18.636891977787784,2.964295500521032e-19
1787278853.3118014,resting,fast,1787278739.9715214,-249.71609048019172,-187.7580460207438,1348.360479505326,14.081853451554483,-18.728706786014286,2.9660846462725564e-19
1787278853.3229687,resting,fast,1787278739.9715214,-250.54007733194658,-188.89553493942424,1346.704789889197,14.167165120455653,-18.790505799895648,2.9689806751414303e-19
1787278853.3339245,resting,fast,1787278739.9715214,-249.7647511956734,-188.8887321053677,1347.8770587447934,14.166654907901464,-18.73235633967532,2.966977095904937e-19
1787278853.3450391,resting,fast,1787278739.9715214,-249.9705992735585,-189.26211712646784,1354.1939968869856,14.194658784483767,-18.74779494551676,2.973553489050131e-19
1787278853.3561492,resting,fast,1787278739.9715214,-249.29394793309666,-189.63549115797116,1356.4584943518703,14.222661836846644,-18.697046094982056,2.974034418730362e-19
1787278853.3672547,resting,fast,1787278739.9715214,-249.24143183600472,-190.70815424253112,1353.122896594953,14.3031115681887,-18.693107387700145,2.9717484714641265e-19
1787278853.3784165,resting,fast,1787278739.9715214,-249.79282681873292,-190.20166801201265,1350.3072215559723,14.265125100899628,-18.734462011404723,2.9732752951742884e-19
1787278853.3893774,resting,fast,1787278739.9715214,-250.2835091528691,-188.38515319827286,1350.2745340481242,14.128886489869235,-18.77126318646509,2.968073644982706e-19
1787278853.4004867,resting,fast,1787278739.9715214,-250.84176040936154,-188.40143586292277,1359.1594228045333,14.13010768971792,-18.813132030701887,2.9765475169201757e-19
1787278853.4121041,resting,fast,1787278739.9715214,-249.40383023845834,-188.0294942665936,1357.9606776184437,14.102212069993403,-18.705287267884025,2.9700923483350906e-19
1787278853.4226978,resting,fast,1787278739.9715214,-249.45388552630402,-188.28300620363177,1357.61030564044,14.121225465271326,-18.7090414144727,2.9738079546383046e-19
1787278853.4338524,resting,fast,1787278739.9715214,-248.1906712306959,-186.11395616141874,1348.830156302477,13.95854671210505,-18.614300342301767,2.9652241325844136e-19
1787278853.4449742,resting,fast,1787278739.9715214,-248.89620671214425,-187.3126725198573,1348.5249689958682,14.048450438988045,-18.667215503410375,2.967085661808083e-19
1787278853.4559944,resting,fast,1787278739.9715214,-249.31654373896754,-187.05397316795018,1349.272950873793,14.029047987595067,-18.69874078042212,2.967306586647909e-19
1787278853.4671288,resting,fast,1787278739.9715214,-250.87748665334175,-188.3879414258596,1353.5318484281115,14.129095606938325,-18.81581149900066,2.970899502188359e-19
1787278853.4781854,resting,fast,1787278739.9715214,-250.26081579897118,-188.51269581358144,1355.0644683755118,14.138452186017435,-18.769561184922757,2.9713418203430857e-19
1787278853.4896002,resting,fast,1787278739.9715214,-249.74315110522775,-187.95732003987098,1352.515975937259,14.09679900298902,-18.7307363328918,2.9746114052053716e-19
1787278853.5005236,resting,fast,1787278739.9715214,-248.64800435567804,-187.21242510641684,1352.4108456103704,14.040931882980036,-18.64860032667567,2.973414079629296e-19
1787278853.5117028,resting,fast,1787278739.9715214,-249.02414438140795,-186.77176182032383,1353.6664593010692,14.007882136523339,-18.676810828605475,2.9763078689746957e-19
1787278853.5226889,resting,fast,1787278739.9715214,-250.1725944478253,-188.26533882694764,1359.16888336815,14.119900412019721,-18.76294458358685,2.9784050680085146e-19
1787278853.5338006,resting,fast,1787278739.9715214,-250.03795365734595,-188.4331098094293,1359.8717591905142,14.132483235705994,-18.7528465243007,2.980550265640376e-19
1787278853.5450265,resting,fast,1787278739.9715214,-250.16760542492966,-187.41584253460212,1358.3148373766444,14.056188190094037,-18.762570406869585,2.9787787346445855e-19
1787278853.5557897,resting,fast,1787278739.9715214,-248.46118671442355,-186.26705916142498,1353.102370621661,13.97002943710584,-18.634589003581468,2.972412936724569e-19
1787278853.5670779,resting,fast,1787278739.9715214,-247.86052682418676,-186.75549129493254,1347.9361372659414,14.006661847118782,-18.589539511813832,2.9681608131842037e-19
1787278853.5781972,resting,fast,1787278739.9715214,-246.10372569021501,-186.34055985138014,1342.849243056954,13.975541988852274,-18.45777942676584,2.9611473259666496e-19
1787278853.5891738,resting,fast,1787278739.9715214,-246.8876520373592,-187.710817269107,1347.1642989032562,14.078311295181923,-18.516573902801717,2.9618102994774e-19
1787278853.6003258,resting,fast,1787278739.9715214,-247.0552960750597,-186.07186284309512,1349.291617135078,13.955389713231032,-18.52914720562932,2.960601602333086e-19
1787278853.6116064,resting,fast,1787278739.9715214,-248.7082111356317,-186.51444051660485,1357.3513345198417,13.988583038744412,-18.653115835172365,2.9697716648031806e-19
1787278853.6225522,resting,fast,1787278739.9715214,-249.35179086146354,-187.58792423069315,1356.305841508035,14.069094317300998,-18.70138431460971,2.9689757411482615e-19
1787278853.6337,resting,fast,1787278739.9715214,-250.03690563974897,-191.16461869929014,1354.794342557624,14.33734640244555,-18.752767922980915,2.9711958309852345e-19
1787278853.6447608,resting,fast,1787278739.9715214,-250.46790083550286,-192.3305624326439,1351.7679146940309,14.424792182447266,-18.78509256266232,2.967725123306145e-19
1787278853.6559186,resting,fast,1787278739.9715214,-250.43542564304744,-191.13793601769282,1351.8745532281346,14.335345201325925,-18.782656923228487,2.9695551301764187e-19
1787278853.667088,resting,fast,1787278739.9715214,-249.6064717089498,-189.3577087758282,1352.978582107854,14.20182815818578,-18.720485378170892,2.9677196224289246e-19
1787278853.678125,resting,fast,1787278739.9715214,-248.4183805327625,-187.2663611120912,1350.197380568853,14.044977083405616,-18.631378539957083,2.964512808733111e-19
1787278853.6891406,resting,fast,1787278739.9715214,-247.19020374919592,-186.0414396552652,1351.3077462771353,13.953107974143695,-18.539265281189564,2.967261188929465e-19
1787278853.7003105,resting,fast,1787278739.9715214,-247.86152501325296,-185.60295754740866,1352.388308360284,13.920221816054553,-18.58961437599381,2.9688472771379106e-19
1787278853.7114515,resting,fast,1787278739.9715214,-247.48468501873003,-187.77782747672143,1354.0565275724193,14.083337060752886,-18.56135137640463,2.9722672663621555e-19
1787278853.7225103,resting,fast,1787278739.9715214,-249.85357832371892,-190.07853571065937,1355.4693515380322,14.25589017829805,-18.739018374278594,2.9736211543537993e-19
1787278853.7335997,resting,fast,1787278739.9715214,-250.37831424362548,-191.68129685393353,1354.8907545088487,14.37609726404374,-18.77837356827174,2.9734124408838157e-19
1787278853.7446811,resting,fast,1787278739.9715214,-251.88859404430286,-192.39737020446535,1356.2966690187777,14.429802765333765,-18.891644553322394,2.974535835763589e-19
1787278853.755707,resting,fast,1787278739.9715214,-249.78192142210582,-190.00056044759674,1353.7679412431107,14.250042033568537,-18.733644106657756,2.96761103843033e-19
1787278853.7669485,resting,fast,1787278739.9715214,-249.03667274006284,-188.94258423782264,1352.508734310165,14.17069381783553,-18.677750455504608,2.9661149415074738e-19
1787278853.7780385,resting,fast,1787278739.9715214,-247.257648683752,-186.9440798364841,1349.19930110109,14.020805987735248,-18.54432365128124,2.960217121030337e-19
1787278853.7890527,resting,fast,1787278739.9715214,-248.00530929281422,-187.49984186838867,1351.1574242612378,14.062488140127886,-18.600398196960853,2.963660211217219e-19
1787278853.8001692,resting,fast,1787278739.9715214,-247.55625931021086,-188.25949675533968,1351.724161251882,14.119462256649374,-18.5667194482656,2.968051661819967e-19
1787278853.8113756,resting,fast,1787278739.9715214,-248.71077485869364,-188.4269449260902,1353.501552774812,14.132020869455761,-18.653308114401753,2.9699885473686697e-19
1787278853.822408,resting,fast,1787278739.9715214,-249.63961359777068,-189.33261350976352,1354.9298152411293,14.199946013230974,-18.722971019832436,2.9718714693289135e-19
1787278853.8336182,resting,fast,1787278739.9715214,-248.54456733902725,-188.72974130454134,1349.6487661633337,14.154730597839421,-18.64084255042669,2.9654844261566115e-19
1787278853.8446248,resting,fast,1787278739.9715214,-248.94293532688016,-188.70052288644558,1348.5199138846265,14.152539216482385,-18.67072014951585,2.967631361217966e-19
1787278853.8556838,resting,fast,1787278739.9715214,-246.60661259666767,-187.34170985834555,1343.7060553691672,14.050628239374934,-18.49549594474987,2.9610799196718256e-19
1787278853.8667676,resting,fast,1787278739.9715214,-247.2662197259092,-186.2035744673891,1346.5560937799737,13.965268085053044,-18.544966479442998,2.963760120195568e-19
1787278853.8779736,resting,fast,1787278739.9715214,-247.1051363197207,-186.20778168232425,1349.5113084772684,13.965583626173288,-18.53288522397869,2.9630364841930685e-19
1787278853.8890197,resting,fast,1787278739.9715214,-247.99196403013093,-186.68356857663946,1347.7542139744264,14.001267643246909,-18.599397302259675,2.9640081190251654e-19
1787278853.900124,resting,fast,1787278739.9715214,-249.88895824438669,-186.80755448382126,1351.744775260394,14.010566586285382,-18.741671868328908,2.969983468802022e-19
1787278853.9112608,resting,fast,1787278739.9715214,-249.0651466546592,-186.3087309939982,1350.675436189108,13.973154824548846,-18.679885999099163,2.967474094164316e-19
1787278853.9223201,resting,fast,1787278739.9715214,-249.02145106139915,-186.7983240989987,1354.5351856265288,14.009874307423875,-18.676608829604994,2.9734715787174904e-19
1787278853.9334292,resting,fast,1787278739.9715214,-248.16922136474614,-187.5526532937646,1349.6642989165566,14.066448997031305,-18.61269160235593,2.9669447409905576e-19
1787278853.9444876,resting,fast,1787278739.9715214,-248.38273491149766,-187.48377061983103,1350.573261855935,14.061282796486314,-18.628705118362262,2.9700639209906453e-19
1787278853.9556305,resting,fast,1787278739.9715214,-248.51758905449105,-187.51070195103296,1352.9885086482436,14.063302646326424,-18.638819179086703,2.9702012434943014e-19
1787278853.9666424,resting,fast,1787278739.9715214,-249.61071567928002,-190.01197114380045,1357.0089233627705,14.250897835783864,-18.72080367594593,2.975092548332422e-19
1787278853.977807,resting,fast,1787278739.9715214,-250.7576078006946,-193.4319205111036,1356.071274540277,14.507394038331629,-18.80682058505203,2.9732587186002567e-19
1787278853.9889123,resting,fast,1787278739.9715214,-252.03283116807916,-194.221858864218,1358.2405557580014,14.566639414815302,-18.90246233760572,2.975645091323354e-19
1787278854.0000036,resting,fast,1787278739.9715214,-251.61470708385377,-190.71804380114702,1357.6110400189855,14.303853285084902,-18.871103031288804,2.9724236097665847e-19
1787278854.0110536,resting,fast,1787278739.9715214,-251.05416561106313,-188.47147821897,1358.4468380879307,14.135360866421639,-18.829062420829658,2.9764132811037346e-19
1787278854.022203,resting,fast,1787278739.9715214,-250.8900736244882,-188.4697736921454,1355.5368290131582,14.135233026909777,-18.816755521836498,2.97646151357578e-19
1787278854.0333204,resting,fast,1787278739.9715214,-249.79645779563498,-189.03246084400632,1354.2279201967258,14.177434563299247,-18.734734334672545,2.9764053980379806e-19
1787278854.044478,resting,fast,1787278739.9715214,-249.25262747493662,-188.7335154537585,1351.5451917100427,14.155013659030818,-18.69394706061994,2.975352107666524e-19
1787278854.0553575,resting,fast,1787278739.9715214,-249.0253232093005,-188.0356423375032,1353.7287049785054,14.102673175311626,-18.676899240697658,2.972625786179552e-19
1787278854.0664842,resting,fast,1787278739.9715214,-249.81603922919885,-188.28516046198035,1353.3652008608851,14.121387034647245,-18.736202942189735,2.9716593898858786e-19
1787278854.0775542,resting,fast,1787278739.9715214,-251.10860135213397,-187.8561095352851,1357.001336910428,14.089208215145266,-18.83314510140992,2.9724064541261587e-19
1787278854.0887527,resting,fast,1787278739.9715214,-248.40451301572966,-187.02979641432387,1345.496883051771,14.027234731073083,-18.630338476179553,2.968097001011141e-19
1787278854.099971,resting,fast,1787278739.9715214,-248.4901088802958,-188.0873213988965,1349.998904489602,14.10654910491613,-18.636758166021956,2.9738712269237807e-19
1787278854.1109812,resting,fast,1787278739.9715214,-247.52168318726262,-188.80972708091406,1350.6731513091408,14.16072953106745,-18.564126239044533,2.976085785502732e-19
1787278854.1221058,resting,fast,1787278739.9715214,-250.8644936852329,-190.92730259647362,1360.0562137478564,14.319547694734442,-18.814837026392276,2.982563911275331e-19
1787278854.1331544,resting,fast,1787278739.9715214,-250.128788064942,-189.6532745100477,1354.6832197984395,14.223995588252453,-18.759659104870288,2.9751606419865915e-19
1787278854.1442578,resting,fast,1787278739.9715214,-250.83253013268722,-189.22518595463646,1351.9341101637683,14.191888946596396,-18.812439759951253,2.9703260918528914e-19
1787278854.1553867,resting,fast,1787278739.9715214,-250.1922076956721,-187.65578894644784,1352.4953014259345,14.074184170982537,-18.76441557717545,2.9695832113822266e-19
1787278854.166647,resting,fast,1787278739.9715214,-249.7667166061724,-187.02121440665667,1356.074388537495,14.026591080498125,-18.7325037454627,2.975497882171619e-19
1787278854.177573,resting,fast,1787278739.9715214,-248.03311985222126,-186.8427086013429,1353.8435764867309,14.013203145099684,-18.602483988916354,2.9707069890907504e-19
1787278854.1886213,resting,fast,1787278739.9715214,-247.6267228759948,-187.51538402462086,1350.185752222097,14.063653801845437,-18.572004215699366,2.968846196727059e-19
1787278854.1997273,resting,fast,1787278739.9715214,-247.57145167944827,-188.08003679469618,1343.2694064197594,14.106002759601072,-18.567858875958407,2.9647201766244614e-19
1787278854.2109473,resting,fast,1787278739.9715214,-248.35432536750022,-187.70522324371575,1347.621839920378,14.07789174327765,-18.626574402562326,2.970144142605312e-19
1787278854.2220166,resting,fast,1787278739.9715214,-248.50051286107782,-187.23497816900624,1351.342693488964,14.04262336267455,-18.63753846458077,2.973643854338053e-19
1787278854.233095,resting,fast,1787278739.9715214,-249.22915487380442,-188.23012851829287,1356.3062037857062,14.11725963887088,-18.6921866155351,2.9750850281206153e-19
1787278854.2441683,resting,fast,1787278739.9715214,-249.17826402381115,-188.06613935219468,1352.8031627651262,14.104960451413309,-18.688369801785534,2.9708775748025967e-19
1787278854.2551296,resting,fast,1787278739.9715214,-248.27862423192755,-188.14237041425474,1352.906726266884,14.110677781068066,-18.620896817394495,2.9682845075617553e-19
1787278854.266368,resting,fast,1787278739.9715214,-247.70906118773428,-187.83365606499694,1349.4756648001721,14.087524204873777,-18.578179589079944,2.964155362372445e-19
1787278854.27743,resting,fast,1787278739.9715214,-247.9163115845281,-189.09051322956327,1353.2735109400846,14.181788492216146,-18.59372336883937,2.9695468294069376e-19
1787278854.2885249,resting,fast,1787278739.9715214,-248.62330574270663,-188.01489850071232,1352.9648237851006,14.101117387552353,-18.64674793070275,2.9689516121890353e-19
1787278854.2997365,resting,fast,1787278739.9715214,-248.823856610647,-187.67909610387176,1361.6022742803625,14.075932207789368,-18.661789245798516,2.9773416086548023e-19
1787278854.310857,resting,fast,1787278739.9715214,-248.79310932631824,-188.4707518849583,1362.4609151868617,14.135306391370438,-18.659483199473748,2.977648505062682e-19
1787278854.3218923,resting,fast,1787278739.9715214,-248.4838989579771,-190.27630602434226,1360.1505945260042,14.270722951824599,-18.636292421848083,2.977850652428618e-19
1787278854.3330703,resting,fast,1787278739.9715214,-248.8067049539227,-189.15627688398183,1357.5311792717685,14.186720766297487,-18.660502871544033,2.9738756113834274e-19
1787278854.3440354,resting,fast,1787278739.9715214,-248.841325316444,-188.43119409691633,1354.0604010703673,14.13233955726746,-18.663099398732975,2.9678738448062226e-19
1787278854.3550413,resting,fast,1787278739.9715214,-248.77599768436858,-187.91365693793307,1354.1886011132037,14.09352427034391,-18.658199826327568,2.9666433560412114e-19
1787278854.366229,resting,fast,1787278739.9715214,-248.3647722135015,-187.20164578006563,1352.4712579567758,14.04012343350394,-18.627357916012436,2.9691275322602344e-19
1787278854.3773725,resting,fast,1787278739.9715214,-248.51887454558937,-186.43793614939102,1354.1353445027516,13.98284521120313,-18.638915590918955,2.974571136702201e-19
1787278854.3884716,resting,fast,1787278739.9715214,-248.17964775192786,-185.53404921156073,1354.9737860327905,13.915053690865822,-18.613473581394103,2.973906344363266e-19
1787278854.3995903,resting,fast,1787278739.9715214,-247.61883040389284,-185.7677848556517,1354.7382169451803,13.932583864172617,-18.57141228029171,2.9713685123956505e-19
1787278854.4106965,resting,fast,1787278739.9715214,-246.81653262964528,-185.0439727998688,1352.5546578745498,13.878297959989059,-18.51123994722304,2.970935305443971e-19
1787278854.421755,resting,fast,1787278739.9715214,-246.3630227384333,-185.66097697865087,1347.4203950658693,13.924573273397716,-18.477226705382186,2.9682876445885787e-19
1787278854.4329278,resting,fast,1787278739.9715214,-247.22098911792773,-187.57635261181656,1350.6905064260818,14.068226445885049,-18.541574183844553,2.971482881006866e-19
1787278854.443988,resting,fast,1787278739.9715214,-247.91835645552374,-188.5501487933119,1351.476274435753,14.141261159497294,-18.593876734164226,2.9687931259092905e-19
1787278854.4550118,resting,fast,1787278739.9715214,-248.5656478854521,-188.17034394525183,1357.854607252938,14.112775795892578,-18.64242359140878,2.9743702748232745e-19
1787278854.4658995,resting,fast,1787278739.9715214,-248.19649593526492,-187.64715519471758,1352.900684660709,14.073536639602569,-18.61473719514482,2.9704015773705416e-19
1787278854.4770327,resting,fast,1787278739.9715214,-247.56558550568252,-187.17933146247117,1352.9849611561413,14.03844985968421,-18.567418912925845,2.9682809985494287e-19
1787278854.4882314,resting,fast,1787278739.9715214,-248.48075938766442,-189.00736373420193,1352.7522986573467,14.175552280064029,-18.63605695407471,2.9691827840903293e-19
1787278854.499464,resting,fast,1787278739.9715214,-250.07553861044335,-189.87967584339538,1357.3753245416347,14.240975688253503,-18.755665395783005,2.9687097635325596e-19
1787278854.5105736,resting,fast,1787278739.9715214,-249.94580979181637,-189.59478304700326,1355.6474728408475,14.219608728523983,-18.74593573438623,2.972566409204795e-19
1787278854.5215828,resting,fast,1787278739.9715214,-248.04337780582728,-188.02237167034139,1349.9616540758789,14.101677875274408,-18.603253335436882,2.9674798474986943e-19
1787278854.5326426,resting,fast,1787278739.9715214,-246.67210065185236,-187.27790376656765,1346.7221470972408,14.045842782491395,-18.500407548888695,2.969713603616551e-19
1787278854.543867,resting,fast,1787278739.9715214,-247.15853094506792,-188.62125523550696,1348.4964448702058,14.146594142661957,-18.53688982087995,2.971032541382627e-19
1787278854.554909,resting,fast,1787278739.9715214,-249.031799871344,-189.2257531560041,1353.6405633549084,14.19193148669925,-18.67738499035069,2.9756090547657227e-19
1787278854.5660641,resting,fast,1787278739.9715214,-248.85577672301088,-188.8235604534799,1354.9055510416665,14.161767034009973,-18.664183254225847,2.9793426096802486e-19
1787278854.5786157,resting,fast,1787278739.9715214,-249.71840294522144,-188.19446853365696,1357.3419479836275,14.114585140023241,-18.728880220891668,2.979051238729028e-19
1787278854.5881355,resting,fast,1787278739.9715214,-247.02485319165362,-187.1073439036444,1350.2492660487833,14.033050792772233,-18.526863989374036,2.975994065584186e-19
1787278854.5992758,resting,fast,1787278739.9715214,-246.17202649180808,-187.01135320419655,1344.6837701980521,14.025851490313773,-18.46290198688539,2.9694494139671966e-19
1787278854.6135576,resting,fast,1787278739.9715214,-245.6623226316383,-186.62043318722715,1342.974170954828,13.996532489040849,-18.424674197372582,2.9714387413871344e-19
1787278854.6212747,resting,fast,1787278739.9715214,-246.28452414286267,-186.32174220226568,1347.369168495171,13.974130665168847,-18.471339310714605,2.9735162565901083e-19
1787278854.6325927,resting,fast,1787278739.9715214,-248.70118610297004,-187.2065999923783,1357.8656789350052,14.040494999427214,-18.652588957722557,2.982215223516494e-19
1787278854.6461816,resting,fast,1787278739.9715214,-248.61244497159032,-188.32184711471257,1356.6650521196725,14.12413853360221,-18.645933372868882,2.982010789880286e-19
1787278854.6547616,resting,fast,1787278739.9715214,-249.07605790690695,-189.58702101838787,1355.3497213442633,14.219026576377818,-18.680704343017617,2.976259238640085e-19
1787278854.665859,resting,fast,1787278739.9715214,-247.21161168324716,-188.1266519289362,1346.251209014542,14.109498894669176,-18.540870876243382,2.966808567457974e-19
1787278854.6797838,resting,fast,1787278739.9715214,-246.8744781804221,-186.48073913723226,1347.1512116367712,13.986055435291266,-18.515585863531363,2.967051699835079e-19
1787278854.6881163,resting,fast,1787278739.9715214,-246.28449003319793,-185.7816731210131,1346.8742474592373,13.933625484074913,-18.471336752489684,2.9702108038657136e-19
1787278854.699102,resting,fast,1787278739.9715214,-247.23398679901175,-187.17143047811317,1352.28696356391,14.037857285857502,-18.54254900992575,2.9743707433626447e-19
1787278854.7103324,resting,fast,1787278739.9715214,-246.93404118013723,-187.3963585852756,1350.3575878211714,14.054726893894557,-18.520053088510075,2.970263109041109e-19
1787278854.7212648,resting,fast,1787278739.9715214,-248.05446867077308,-187.6237987556177,1356.5874946030353,14.071784906670278,-18.604085150307654,2.9768038870749237e-19
1787278854.732442,resting,fast,1787278739.9715214,-247.50352248256831,-186.7472897136903,1352.1129176600907,14.006046728525366,-18.562764186192396,2.9767117526961037e-19
1787278854.7436488,resting,fast,1787278739.9715214,-248.2502310380355,-188.36636741807195,1354.124013077805,14.12747755635424,-18.618767327852353,2.9808583143144287e-19
1787278854.7545595,resting,fast,1787278739.9715214,-248.39708991794623,-188.15522101128965,1348.1060471773699,14.111641575845784,-18.629781743845605,2.9742786188082803e-19
1787278854.7658062,resting,fast,1787278739.9715214,-248.8913674853652,-188.74884698817607,1351.9776125466879,14.156163524112063,-18.6668525614023,2.9736762086858316e-19
1787278854.7769527,resting,fast,1787278739.9715214,-249.10993023414767,-188.64485300004492,1350.9194169317498,14.148363975002145,-18.683244767561142,2.9719059098409763e-19
1787278854.7879965,resting,fast,1787278739.9715214,-248.79348648350742,-189.52842250937817,1352.5689176225997,14.21463168820208,-18.659511486262858,2.9743061876889857e-19
1787278854.7991066,resting,fast,1787278739.9715214,-247.61529984709932,-188.1227789032215,1349.242960228593,14.10920841774048,-18.571147488532333,2.972843684266729e-19
1787278854.8136048,resting,fast,1787278739.9715214,-247.215714368534,-186.92831089650474,1351.7628461756512,14.019623317236796,-18.541178577640032,2.9780653375698513e-19
1787278854.8210964,resting,fast,1787278739.9715214,-246.41701423446239,-184.66414566003334,1350.415839940274,13.84981092450123,-18.481276067584645,2.9761990464343837e-19
1787278854.832379,resting,fast,1787278739.9715214,-247.38318577001655,-185.88519572793155,1351.707578579967,13.941389679593772,-18.553738932751386,2.9775015317570196e-19
1787278854.8461432,resting,fast,1787278739.9715214,-247.66307539391664,-185.3446128688214,1350.9954615419056,13.900845965160418,-18.57473065454367,2.9738236646128346e-19
1787278854.8547173,resting,fast,1787278739.9715214,-247.13362804445705,-185.48626703315438,1353.500069355966,13.911470027485468,-18.535022103333958,2.9721166362562566e-19
1787278854.8656003,resting,fast,1787278739.9715214,-246.1425422703901,-184.42853999539136,1354.0016717973804,13.832140499652969,-18.460690670278964,2.9726132364843833e-19
1787278854.8792,resting,fast,1787278739.9715214,-245.77427912898247,-185.06361764814267,1351.4169148426945,13.879771323609706,-18.433070934673495,2.970463885466651e-19
1787278854.8879004,resting,fast,1787278739.9715214,-246.47275621596918,-185.19462705702847,1349.3964979927596,13.889597029275851,-18.485456716197426,2.97009749288036e-19
1787278854.8989806,resting,fast,1787278739.9715214,-247.2958658867342,-187.44729983904756,1350.4889961396648,14.058547487927303,-18.547189941504897,2.972091274383687e-19
1787278854.912019,resting,fast,1787278739.9715214,-247.0356563609098,-187.03934230739185,1354.9714295614167,14.027950673053315,-18.52767422706826,2.975096956147359e-19
1787278854.9212646,resting,fast,1787278739.9715214,-247.69104533650125,-187.0844640427539,1356.4273282430995,14.031334803205585,-18.576828400237297,2.9787573366711246e-19
1787278854.93235,resting,fast,1787278739.9715214,-247.48631745949706,-185.15605864227553,1352.6368557174455,13.886704398169687,-18.561473809462186,2.975581938701812e-19
1787278854.9463823,resting,fast,1787278739.9715214,-248.22955749531366,-184.97223193870002,1349.3779551156085,13.872917395401377,-18.617216812148456,2.974470099291879e-19
1787278854.9544623,resting,fast,1787278739.9715214,-247.9316655573034,-185.83463729468224,1347.172521832198,13.937597797099759,-18.59487491679728,2.972429184067184e-19
1787278854.965633,resting,fast,1787278739.9715214,-248.1474141567428,-185.99902809832986,1352.6778281479683,13.949927107373572,-18.6110560617554,2.9761302480440927e-19
1787278854.9786038,resting,fast,1787278739.9715214,-248.22924400827696,-187.17240410234456,1354.3751192677182,14.037930307674959,-18.617193300620485,2.977125422967704e-19
1787278854.9878564,resting,fast,1787278739.9715214,-247.2247484828863,-186.19436002011105,1351.7082141476649,13.964577001507212,-18.541856136216182,2.975060498323818e-19
1787278854.9989436,resting,fast,1787278739.9715214,-247.48195290324338,-187.10912017068597,1347.3975479535775,14.033184012800351,-18.561146467743136,2.972402264754125e-19
1787278855.011976,resting,fast,1787278739.9715214,-246.57764017532327,-185.99024820467992,1347.8087809464423,13.949268615349556,-18.493323013148974,2.9718419793306465e-19
1787278855.0211096,resting,fast,1787278739.9715214,-247.19720944220398,-185.55559620919632,1348.8294080411042,13.91666971568863,-18.539790708165143,2.971530063228038e-19
1787278855.0321894,resting,fast,1787278739.9715214,-245.91947981616477,-185.18648017681755,1349.568199489332,13.888986013260169,-18.443960986212105,2.970809420695231e-19
1787278855.0445168,resting,fast,1787278739.9715214,-246.2006117103224,-186.36533256114865,1345.8781077134581,13.97739994208499,-18.46504587827407,2.9667122860383593e-19
1787278855.0543883,resting,fast,1787278739.9715214,-245.36766086298803,-186.88500241718464,1344.5981381610773,14.016375181287874,-18.402574564723892,2.9689730551308207e-19
1787278855.0654943,resting,fast,1787278739.9715214,-246.3680274787789,-185.86097537336843,1345.526768261815,13.93957315300155,-18.477602060908282,2.969472103458204e-19
1787278855.0769548,resting,fast,1787278739.9715214,-247.09855860420294,-185.61135532365313,1349.3919080188962,13.920851649272809,-18.532391895315115,2.9733209172836003e-19
1787278855.0874836,resting,fast,1787278739.9715214,-246.93050071181415,-186.03287528037015,1348.7609012730982,13.9524656460265,-18.51978755338581,2.9694150907087283e-19
1787278855.09878,resting,fast,1787278739.9715214,-246.77663657031053,-187.2918148318323,1348.7341347472366,14.046886112386222,-18.50824774277303,2.970935094889546e-19
1787278855.1103177,resting,fast,1787278739.9715214,-244.32383189441634,-186.28292289884132,1345.1223291370852,13.971219217411747,-18.324287392080983,2.9690795172609436e-19
1787278855.1210325,resting,fast,1787278739.9715214,-245.92987332498296,-187.15008147470587,1351.9305165821925,14.036256110601872,-18.444740499373566,2.975325454932231e-19
1787278855.13221,resting,fast,1787278739.9715214,-246.35388423167706,-186.2763458946489,1351.5414246060036,13.970725942097364,-18.47654131737577,2.9721001179410356e-19
1787278855.1432703,resting,fast,1787278739.9715214,-247.790212933764,-187.40912579046255,1347.829116078291,14.05568443428378,-18.584265970032313,2.9703044212441713e-19
1787278855.154432,resting,fast,1787278739.9715214,-248.11332912223452,-187.43126171474398,1347.273345305638,14.05734462860477,-18.608499684167626,2.9705915883901424e-19
1787278855.1655195,resting,fast,1787278739.9715214,-246.86822776025338,-187.00751036284885,1343.6604414311614,14.025563277212658,-18.51511708201894,2.968951321692613e-19
1787278855.1773276,resting,fast,1787278739.9715214,-246.30698468368837,-185.41246171409296,1348.7562460197996,13.905934628555816,-18.47302385127638,2.9682471686453736e-19
1787278855.1877105,resting,fast,1787278739.9715214,-246.42925227307705,-186.03009767473907,1348.1204533859536,13.952257325604169,-18.482193920480604,2.971072836685679e-19
1787278855.19874,resting,fast,1787278739.9715214,-247.39206801351656,-186.85639340804835,1352.663887496593,14.014229505602561,-18.554405101013472,2.977687680628275e-19
1787278855.2099245,resting,fast,1787278739.9715214,-247.2538641925471,-187.77099818707381,1353.9551806439276,14.082824864029408,-18.544039814440886,2.9836182971963905e-19
1787278855.2211044,resting,fast,1787278739.9715214,-246.40024266017872,-185.69281963330297,1353.8357045618895,13.926961472496405,-18.480018199513303,2.9785541514437014e-19
1787278855.232068,resting,fast,1787278739.9715214,-246.22064092329356,-186.74158377438846,1348.6697563049902,14.005618783077995,-18.466548069247196,2.9735376175641863e-19
1787278855.2430856,resting,fast,1787278739.9715214,-246.83791314454947,-186.03768940548923,1346.7482987307276,13.95282670541052,-18.512843485841046,2.968112946562473e-19
1787278855.2542691,resting,fast,1787278739.9715214,-246.13864799109388,-185.86907052059212,1344.1740744718563,13.940180289043116,-18.460398599331924,2.9707880970667395e-19
1787278855.2652776,resting,fast,1787278739.9715214,-245.43507218803052,-183.42590381270054,1345.3142168207605,13.756942785951257,-18.407630414102,2.9694086791266082e-19
1787278855.27626,resting,fast,1787278739.9715214,-245.70482248522194,-182.97132670318967,1343.2771408804392,13.722849502738132,-18.42786168639148,2.96657957128837e-19
1787278855.2875526,resting,fast,1787278739.9715214,-245.41444496768827,-182.90860285711994,1340.7576127789189,13.718145214282988,-18.406083372576383,2.961062787155948e-19
1787278855.2986045,resting,fast,1787278739.9715214,-246.83829610767998,-184.95945833438793,1343.2357197667252,13.87195937507791,-18.512872208075706,2.96403149162377e-19
1787278855.3097155,resting,fast,1787278739.9715214,-247.31839848617847,-187.30178631658157,1345.9631485963464,14.047633973742382,-18.548879886463176,2.968759964600172e-19
1787278855.3209314,resting,fast,1787278739.9715214,-247.11390092145075,-188.2012065772659,1345.1935097129744,14.115090493293696,-18.533542569108754,2.971099743418787e-19
1787278855.3321812,resting,fast,1787278739.9715214,-245.6854928826965,-188.22547781944888,1342.7715335954936,14.116910836457397,-18.426411966202103,2.9676067446425733e-19
1787278855.3431246,resting,fast,1787278739.9715214,-245.78175949172555,-187.5100786590939,1342.679820702043,14.063255899430931,-18.433631961879406,2.965412906524586e-19
1787278855.3540854,resting,fast,1787278739.9715214,-246.6272179204948,-187.91571970508437,1343.355121518448,14.093678977880135,-18.497041344036873,2.9615372304821074e-19
1787278855.36533,resting,fast,1787278739.9715214,-246.70510095354484,-187.56895136403375,1345.6970882101023,14.067671352301634,-18.5028825715157,2.9649609677610515e-19
1787278855.3764598,resting,fast,1787278739.9715214,-246.76793937823504,-187.19625102776752,1346.947194612142,14.039718827081362,-18.507595453367408,2.968638045815914e-19
1787278855.3874855,resting,fast,1787278739.9715214,-246.89836274968593,-187.24061624666012,1346.3377664693317,14.043046218498521,-18.517377206226342,2.973388458997675e-19
1787278855.3985538,resting,fast,1787278739.9715214,-246.26474840454966,-186.40577589247926,1341.5095083385886,13.980433191934939,-18.469856130341192,2.9678545876059364e-19
1787278855.4096646,resting,fast,1787278739.9715214,-245.22642897730248,-186.0960498236078,1339.7795076296943,13.957203736769277,-18.391982173297556,2.96595085943436e-19
1787278855.4207046,resting,fast,1787278739.9715214,-246.37156940691557,-186.12718126193965,1344.7408360932868,13.959538594644332,-18.4778677055185,2.969582080390987e-19
1787278855.4319155,resting,fast,1787278739.9715214,-246.4639835410403,-185.36044494991813,1347.41883687047,13.902033371242556,-18.48479876557775,2.9735655892310876e-19
1787278855.4431434,resting,fast,1787278739.9715214,-247.34850994653107,-186.53032670792675,1350.1639977417426,13.989774503093418,-18.55113824598962,2.976654809270449e-19
1787278855.4540358,resting,fast,1787278739.9715214,-245.74252342024147,-185.34984393797288,1346.9125846520574,13.901238295346946,-18.43068925651808,2.9736641373772397e-19
1787278855.4651763,resting,fast,1787278739.9715214,-246.6276123953371,-186.15364974842817,1348.6785141398404,13.961523731131013,-18.497070929650477,2.9729723845730013e-19
1787278855.47633,resting,fast,1787278739.9715214,-246.46435570752465,-185.34535859791174,1345.393215920999,13.900901894842153,-18.484826678064337,2.97033698321686e-19
1787278855.4872844,resting,fast,1787278739.9715214,-247.09420452843506,-186.63957514992364,1346.2557660534412,13.99796813624322,-18.532065339632396,2.9694113241043193e-19
1787278855.4983623,resting,fast,1787278739.9715214,-247.48685149085713,-187.95265760041673,1343.9863907689896,14.09644932002998,-18.561513861814007,2.9718624998962734e-19
1787278855.509508,resting,fast,1787278739.9715214,-247.82350275585532,-188.07672344253263,1349.7824303747302,14.105754258188657,-18.5867627066889,2.9714755425867973e-19
1787278855.5205386,resting,fast,1787278739.9715214,-247.76679736677625,-186.4087969444655,1353.5143691346175,13.980659770833856,-18.582509802508056,2.9740458195334174e-19
1787278855.531761,resting,fast,1787278739.9715214,-247.6198513067652,-186.2095352711052,1355.4825930995348,13.965715145331774,-18.57148884800712,2.9734847553642123e-19
1787278855.5429158,resting,fast,1787278739.9715214,-246.7217281221824,-185.76391116559728,1348.9262544588537,13.932293337418702,-18.504129609163506,2.97352329071891e-19
1787278855.5541437,resting,fast,1787278739.9715214,-245.360089926417,-186.41394785599834,1341.5942166458417,13.981046089198774,-18.402006744481014,2.966295861824679e-19
1787278855.565107,resting,fast,1787278739.9715214,-245.1715104147347,-186.49963956410818,1341.2717322423623,13.98747296730713,-18.387863281105084,2.9671181547869606e-19
1787278855.5761003,resting,fast,1787278739.9715214,-245.54878376792522,-186.75291170987077,1342.7333395266332,14.006468378239251,-18.41615878259443,2.9681135396098265e-19
1787278855.5871747,resting,fast,1787278739.9715214,-247.49865651870778,-187.30317933058984,1347.841712852397,14.04773844979309,-18.562399238902906,2.973569534338299e-19
1787278855.5984201,resting,fast,1787278739.9715214,-248.58026705539442,-187.6956152174024,1349.2388309986936,14.077171141303982,-18.643520029154487,2.9751916603934138e-19
1787278855.6093976,resting,fast,1787278739.9715214,-248.81210595879975,-187.62966834704423,1352.5386042465661,14.072225126027423,-18.66090794690968,2.975483564174221e-19
1787278855.6203544,resting,fast,1787278739.9715214,-248.44252514025675,-186.85783244077936,1351.2687894413712,14.014337433057225,-18.633189385519024,2.9774997627489466e-19
1787278855.6317604,resting,fast,1787278739.9715214,-245.93499490664954,-184.685137454568,1350.3217328599303,13.851385309091558,-18.445124617998573,2.97544665144643e-19
1787278855.6427634,resting,fast,1787278739.9715214,-245.61303586135773,-184.95542159937065,1348.2155552163758,13.871656619951981,-18.42097768960174,2.9760149228673233e-19
1787278855.6538868,resting,fast,1787278739.9715214,-246.62464001931903,-185.65774267344602,1351.8733682159336,13.924330700507301,-18.49684800144889,2.9755541929344386e-19
1787278855.665074,resting,fast,1787278739.9715214,-248.78007494505937,-188.57646542471696,1351.2846414812147,14.143234906852843,-18.658505620879318,2.975303985599628e-19
1787278855.676073,resting,fast,1787278739.9715214,-248.39237223268037,-188.14940046205027,1349.5393882570543,14.111205034652745,-18.629427917450677,2.973550702156803e-19
1787278855.687098,resting,fast,1787278739.9715214,-248.04700220366567,-188.4679169597947,1349.4247951542193,14.135093771983637,-18.603525165274597,2.97129729962534e-19
1787278855.6981568,resting,fast,1787278739.9715214,-247.76178828995626,-187.05859647204454,1349.5344857791397,14.029394735402281,-18.582134121746392,2.9689811789612255e-19
1787278855.7093713,resting,fast,1787278739.9715214,-248.13701603214258,-186.32440359430245,1354.5575648498243,13.97433026957167,-18.61027620241054,2.9697718978684874e-19
1787278855.720447,resting,fast,1787278739.9715214,-248.3036728084494,-186.31726446022356,1354.6689961316997,13.973794834515449,-18.622775460633555,2.9715335442773487e-19
1787278855.7315333,resting,fast,1787278739.9715214,-247.7296800114732,-185.89325721936837,1354.4376890834073,13.941994291451568,-18.57972600086027,2.9741619954508495e-19
1787278855.7425761,resting,fast,1787278739.9715214,-247.25339601274345,-187.33823633609165,1346.8727954524575,14.050367725205763,-18.544004700955405,2.970721619775087e-19
1787278855.75372,resting,fast,1787278739.9715214,-247.82489087954264,-187.8967132095189,1349.6736609060017,14.092253490712569,-18.586866815965635,2.9756675855048735e-19
1787278855.7648702,resting,fast,1787278739.9715214,-247.3639777510748,-187.58858112122095,1348.1432054548068,14.069143584090558,-18.55229833133047,2.973483655939261e-19
1787278855.7758794,resting,fast,1787278739.9715214,-248.11735556893154,-186.30228580093456,1352.6205804876854,13.972671435069234,-18.608801667669454,2.976472499227478e-19
1787278855.7870488,resting,fast,1787278739.9715214,-246.14255532223024,-185.0838816717188,1348.8207117539632,13.881291125377945,-18.46069164916686,2.9707866938892077e-19
1787278855.7982466,resting,fast,1787278739.9715214,-246.62439201536336,-184.41065747007303,1350.9858019622689,13.83079931025458,-18.49682940115197,2.9725674352950196e-19
1787278855.8092966,resting,fast,1787278739.9715214,-245.7552079680031,-184.66327497798977,1349.8832771409625,13.84974562334786,-18.431640597599895,2.9709485741683675e-19
1787278855.8202293,resting,fast,1787278739.9715214,-246.39912617388063,-184.46281079767084,1349.0500673743709,13.834710809824049,-18.479934463041005,2.9693302088547766e-19
1787278855.8314462,resting,fast,1787278739.9715214,-246.72216708069527,-184.92155099560534,1347.484561940856,13.86911632466941,-18.50416253105199,2.968491239845089e-19
1787278855.8424811,resting,fast,1787278739.9715214,-248.5671946225052,-186.61845015233018,1348.7537963544246,13.996383761423633,-18.64253959668772,2.97184867269814e-19
1787278855.8535595,resting,fast,1787278739.9715214,-248.2384379602313,-187.13112475885316,1348.4166175261462,14.034834356913027,-18.617882847017334,2.973786049948571e-19
1787278855.8647337,resting,fast,1787278739.9715214,-248.27165606352764,-187.67585763601016,1344.4118967059103,14.075689322699564,-18.620374204764424,2.972708100871099e-19
1787278855.875857,resting,fast,1787278739.9715214,-248.01082370690028,-187.7735516178576,1345.590234898419,14.08301637133842,-18.600811778017395,2.974742521269539e-19
1787278855.8869278,resting,fast,1787278739.9715214,-249.6646104979859,-187.73907754440063,1350.0012235052955,14.080430815829022,-18.724845787348748,2.976579010091694e-19
1787278855.898195,resting,fast,1787278739.9715214,-249.97653803702678,-187.84608583872011,1351.7863621862407,14.08845643790291,-18.748240352776882,2.9764024701433313e-19
1787278855.909086,resting,fast,1787278739.9715214,-248.15124021102793,-185.6876728548699,1347.1823933526948,13.926575464114098,-18.611343015826996,2.9716618467260627e-19
1787278855.9202442,resting,fast,1787278739.9715214,-247.85596242732254,-186.23488086182363,1345.2135110808877,13.967616064635596,-18.58919718204872,2.968110882485622e-19
1787278855.9313765,resting,fast,1787278739.9715214,-246.85095558600688,-185.10571319047278,1347.9318114452772,13.882928489284343,-18.51382166895023,2.969654943017427e-19
1787278855.9425893,resting,fast,1787278739.9715214,-248.47320630832064,-185.8213176040482,1348.9365280743068,13.936598820302596,-18.635490473123788,2.971932407157214e-19
1787278855.9536126,resting,fast,1787278739.9715214,-247.46233580905982,-186.0037569025866,1345.9724893622597,13.950281767692932,-18.559675185679296,2.970076714799892e-19
1787278855.9647381,resting,fast,1787278739.9715214,-247.53304705768414,-186.98707484658382,1346.9981305702977,14.02403061349263,-18.564978529326282,2.968355065696092e-19
1787278855.9757135,resting,fast,1787278739.9715214,-247.87781526386107,-187.5997997066837,1349.9201468370784,14.069984978000324,-18.59083614478947,2.968459111451629e-19
1787278855.9868054,resting,fast,1787278739.9715214,-247.77096182290506,-186.38135453575808,1355.1298571245743,13.97860159018062,-18.582822136717816,2.9756790057711786e-19
1787278855.9981453,resting,fast,1787278739.9715214,-249.1552555788462,-186.05431092918786,1354.1408254824992,13.954073319687996,-18.686644168413373,2.978005651463143e-19
1787278856.0090575,resting,fast,1787278739.9715214,-248.5888215101172,-185.72139590846234,1352.6104450266912,13.929104693133457,-18.644161613258618,2.9753439390168096e-19
1787278856.0201392,resting,fast,1787278739.9715214,-250.16354782044482,-186.9424382616388,1351.2366934733154,14.020682869621755,-18.762266086533323,2.975483541789459e-19
1787278856.0313146,resting,fast,1787278739.9715214,-249.48872716010692,-188.18543082857684,1351.8630111595949,14.113907312141851,-18.711654537007774,2.9757185588167007e-19
1787278856.0421662,resting,fast,1787278739.9715214,-248.98326166780544,-187.56415653794795,1353.4380305448767,14.067311740345179,-18.673744625085426,2.975414156822843e-19
1787278856.0533757,resting,fast,1787278739.9715214,-248.07087867065866,-187.7724766499199,1352.0902697707688,14.082935748742859,-18.605315900299225,2.972583312234516e-19
1787278856.064437,resting,fast,1787278739.9715214,-248.49290903326937,-187.55021193756386,1351.6081766793168,14.066265895316196,-18.636968177494914,2.9759930626987654e-19
1787278856.0755508,resting,fast,1787278739.9715214,-248.28800809015365,-187.163158318628,1347.8244615452886,14.03723687389618,-18.62160060676139,2.971130328716667e-19
1787278856.0865989,resting,fast,1787278739.9715214,-248.37023414548412,-186.87222771202084,1349.183570131233,14.015417078400379,-18.627767560911046,2.9731457147790277e-19
1787278856.0977454,resting,fast,1787278739.9715214,-247.87989599741422,-187.79002439992985,1350.9284854806328,14.08425182999368,-18.590992199805733,2.970594878790504e-19
1787278856.1088963,resting,fast,1787278739.9715214,-248.19486948755775,-189.07173644259103,1352.1438221328035,14.180380233193294,-18.614615211566658,2.9719616371548344e-19
1787278856.1199963,resting,fast,1787278739.9715214,-249.07075744640997,-190.1075093867213,1352.9678523055236,14.258063204002685,-18.680306808480637,2.9730809365158844e-19
1787278856.1308744,resting,fast,1787278739.9715214,-249.5681985528813,-188.80751280004313,1352.5445698525118,14.160563460001985,-18.71761489146592,2.9716976560537583e-19
1787278856.1420226,resting,fast,1787278739.9715214,-249.45774487385688,-189.20481970423623,1356.738183204042,14.19036147781664,-18.709330865539066,2.97615954578227e-19
1787278856.1530957,resting,fast,1787278739.9715214,-248.84279743071102,-187.6461980486862,1354.0774145349124,14.07346485365031,-18.663209807303183,2.970229284137207e-19
1787278856.1644382,resting,fast,1787278739.9715214,-248.00336318762902,-188.09762189346395,1354.8869527218003,14.107321642008646,-18.60025223907214,2.9735642533578703e-19
1787278856.1752634,resting,fast,1787278739.9715214,-249.43709955216082,-187.65835675533742,1355.3628113278783,14.074376756649063,-18.707782466411842,2.9768016736302646e-19
1787278856.1864755,resting,fast,1787278739.9715214,-248.08761678082783,-187.0860820423187,1351.626451850222,14.031456153172858,-18.606571258561573,2.9743080855939396e-19
1787278856.1977417,resting,fast,1787278739.9715214,-248.4718262420697,-185.65503973454827,1351.3641365943504,13.924127980089825,-18.63538696815467,2.9723185513368007e-19
1787278856.2088227,resting,fast,1787278739.9715214,-247.61184127914612,-186.32656351288335,1350.8198436799148,13.974492263465198,-18.57088809593575,2.969718287121122e-19
1787278856.2200124,resting,fast,1787278739.9715214,-247.8622395475045,-186.329475272002,1352.2239186474571,13.974710645398918,-18.589667966062876,2.969840995930874e-19
1787278856.2310848,resting,fast,1787278739.9715214,-247.67217290432518,-187.16256063767207,1350.4047971364025,14.03719204782438,-18.57541296782422,2.9675586471957104e-19
1787278856.24219,resting,fast,1787278739.9715214,-247.16963444776366,-186.1216952572007,1350.9680554081815,13.959127144288733,-18.53772258358218,2.9679960872387034e-19
1787278856.2530057,resting,fast,1787278739.9715214,-246.6334786833463,-187.83743412221463,1350.0381610308368,14.087807559165004,-18.49751090125079,2.967515030420372e-19
1787278856.264147,resting,fast,1787278739.9715214,-245.77859472246155,-186.56248490918063,1348.138568048632,13.992186368187308,-18.43339460418443,2.964102110632388e-19
1787278856.2753677,resting,fast,1787278739.9715214,-245.76361748937006,-187.49098781802934,1347.3149701971988,14.061824086351127,-18.432271311702564,2.961188137440684e-19
1787278856.2866278,resting,fast,1787278739.9715214,-248.42696864536128,-187.19975795959147,1355.5015517356196,14.039981846968193,-18.632022648401822,2.968697942443155e-19
1787278856.2976139,resting,fast,1787278739.9715214,-249.3727662514343,-187.7230635085458,1359.275929725688,14.079229763139725,-18.70295746885717,2.9741209503734153e-19
1787278856.308733,resting,fast,1787278739.9715214,-249.78707902264932,-187.83282283036726,1360.7503843815239,14.087461712276411,-18.734030926698367,2.9785352283785846e-19
1787278856.319932,resting,fast,1787278739.9715214,-247.35031440774173,-186.48742097355273,1352.4606966087913,13.986556573015367,-18.551273580580236,2.9764365088353177e-19
1787278856.3310533,resting,fast,1787278739.9715214,-245.7627095137409,-185.58245853182495,1346.358825717055,13.918684389885389,-18.432203213530265,2.972763047279562e-19
1787278856.3420901,resting,fast,1787278739.9715214,-246.06694128020308,-185.85417090794556,1347.83244358484,13.939062818094857,-18.455020596015217,2.9749588651270293e-19
1787278856.3531656,resting,fast,1787278739.9715214,-246.647448317613,-186.53953569360863,1351.0389893825877,13.990465177019363,-18.498558623820763,2.9738117074919897e-19
1787278856.3642912,resting,fast,1787278739.9715214,-248.191943092364,-187.91174453627093,1358.4524707158316,14.093380840219115,-18.614395731927054,2.975760259777204e-19
1787278856.375426,resting,fast,1787278739.9715214,-248.07027480939587,-187.05961576848983,1354.8393818849463,14.029471182635806,-18.605270610704522,2.9727971543390646e-19
1787278856.3864934,resting,fast,1787278739.9715214,-247.51966294336535,-186.78448951882353,1354.33665886978,14.008836713910572,-18.563974720752235,2.9750206690933034e-19
1787278856.397522,resting,fast,1787278739.9715214,-247.64855744563602,-187.89174259524145,1350.7883153621124,14.09188069464182,-18.573641808422494,2.9746408424227485e-19
1787278856.408719,resting,fast,1787278739.9715214,-246.4874274324252,-187.42302685054563,1351.4407226383018,14.0567270137898,-18.48655705743171,2.9728287340183216e-19
1787278856.4197817,resting,fast,1787278739.9715214,-247.21410450258418,-187.31652258641918,1354.0771768290424,14.0487391939804,-18.541057837693792,2.9719624445516425e-19
1787278856.4309456,resting,fast,1787278739.9715214,-246.25485542828983,-186.24630456749594,1355.2910760596415,13.968472842560903,-18.469114157121425,2.9742724485666064e-19
1787278856.442019,resting,fast,1787278739.9715214,-247.7021736497586,-186.6260116036741,1355.2892944664754,13.996950870274578,-18.577663023731688,2.9769881164559187e-19
1787278856.453107,resting,fast,1787278739.9715214,-246.9668677289278,-186.40866527003266,1351.0125324679693,13.980649895251151,-18.522515079669382,2.9730032139311527e-19
1787278856.4641304,resting,fast,1787278739.9715214,-249.06355914140158,-187.31455797662204,1353.1657802349791,14.048591848245383,-18.679766935605024,2.9739254417480424e-19
1787278856.475321,resting,fast,1787278739.9715214,-249.12896050641712,-187.42084229745672,1350.3678923192301,14.056563172308106,-18.684672037980974,2.9707259323139636e-19
1787278856.4865339,resting,fast,1787278739.9715214,-251.60188571496428,-188.59688864584598,1356.4666778280725,14.144766648437116,-18.870141428622105,2.9754972083889106e-19
1787278856.497511,resting,fast,1787278739.9715214,-252.00643753228496,-188.42345822053983,1356.772230194957,14.131759366539274,-18.900482814921162,2.977038142505131e-19
1787278856.5085819,resting,fast,1787278739.9715214,-251.52627370987148,-188.16396094046252,1360.459807830509,14.112297070533533,-18.864470528240155,2.979776789269525e-19
1787278856.5197294,resting,fast,1787278739.9715214,-250.5228360463493,-187.98378615967124,1359.046298837734,14.098783961974352,-18.789212703475997,2.9823013700123004e-19
1787278856.530928,resting,fast,1787278739.9715214,-248.57315020530905,-186.05660096318195,1352.708574868363,13.954245072237388,-18.642986265397845,2.975841015013067e-19
1787278856.5418677,resting,fast,1787278739.9715214,-249.53941168828123,-185.20009180126556,1356.2637364470347,13.890006885094,-18.715455876621043,2.978732977961866e-19
1787278856.5529613,resting,fast,1787278739.9715214,-249.1737885377238,-184.76219985669297,1352.7585548040488,13.857164989250794,-18.68803414032923,2.976259358794906e-19
1787278856.5640829,resting,fast,1787278739.9715214,-250.13193833053856,-186.57366645492937,1360.0215787233692,13.99302498411868,-18.759895374790275,2.9822442323161106e-19
1787278856.5751424,resting,fast,1787278739.9715214,-248.6939665847881,-186.67225734261172,1354.2915830128431,14.00041930069489,-18.65204749385874,2.978927189523669e-19
1787278856.5862188,resting,fast,1787278739.9715214,-247.8666559398348,-186.596675760405,1352.6448228531763,13.994750682029352,-18.589999195487373,2.975611621837183e-19
1787278856.597306,resting,fast,1787278739.9715214,-246.29660581915368,-185.4417485750172,1344.93354649736,13.908131143125207,-18.472245436436275,2.9682382062329716e-19
1787278856.6083806,resting,fast,1787278739.9715214,-246.76953798284603,-187.07715173297981,1343.8950368109336,14.03078637997216,-18.50771534871337,2.967137590499958e-19
1787278856.6195092,resting,fast,1787278739.9715214,-247.71641161265552,-186.74613751778668,1350.0524245702918,14.005960313832919,-18.57873087094891,2.9682059687435963e-19
1787278856.630577,resting,fast,1787278739.9715214,-249.2137266375771,-187.2382375724875,1357.5438144508653,14.042867817935306,-18.691029497818157,2.9736840707325197e-19
1787278856.6417353,resting,fast,1787278739.9715214,-249.6061449042204,-186.22760820498831,1359.7542288663362,13.967070615372979,-18.720460867816236,2.9740186510897973e-19
1787278856.6527977,resting,fast,1787278739.9715214,-248.40255691176162,-185.42599679664102,1352.4642731019567,13.906949759746968,-18.63019176838212,2.971438554967435e-19
1787278856.6639447,resting,fast,1787278739.9715214,-247.80641128379602,-185.38458268384613,1350.054463132933,13.903843701287318,-18.585480846284597,2.9700397631202196e-19
1787278856.6750226,resting,fast,1787278739.9715214,-247.78339764039856,-185.50742599100374,1352.7073931857985,13.913056949324076,-18.583754823029672,2.974125611910962e-19
1787278856.6861665,resting,fast,1787278739.9715214,-248.57937656972945,-187.89456296863762,1356.73836373209,14.092092222646958,-18.643453242729848,2.973378992700524e-19
1787278856.6973088,resting,fast,1787278739.9715214,-248.4413264020136,-187.75361805873138,1355.6598019348594,14.081521354403694,-18.633099480150896,2.9742571888867116e-19
1787278856.7083223,resting,fast,1787278739.9715214,-248.94262929734896,-187.92358617032426,1354.3773155211593,14.094268962773075,-18.67069719730086,2.975461599373953e-19
1787278856.719293,resting,fast,1787278739.9715214,-248.18104198847186,-186.72824167789383,1351.6135619210027,14.004618125841024,-18.61357814913527,2.9778875358292454e-19
1787278856.7304118,resting,fast,1787278739.9715214,-249.03356601646055,-187.26052127929677,1353.8589528583552,14.044539095946039,-18.677517451234287,2.979168578282118e-19
1787278856.7417054,resting,fast,1787278739.9715214,-247.66253185927098,-186.9308968226245,1348.8901319860279,14.019817261695625,-18.574689889445047,2.972014283242005e-19
1787278856.752752,resting,fast,1787278739.9715214,-248.242948325013,-185.03104952582487,1351.7996966564706,13.877328714435851,-18.61822112437595,2.9734195529070986e-19
1787278856.7639146,resting,fast,1787278739.9715214,-247.87911602487884,-185.78155259349285,1351.3900523894108,13.933616444510879,-18.590933701865772,2.9733390098487405e-19
1787278856.7749782,resting,fast,1787278739.9715214,-247.77216289814123,-185.46405363284327,1351.9617815981064,13.909804022462215,-18.582912217360494,2.971513849407528e-19
1787278856.7862341,resting,fast,1787278739.9715214,-247.21284709306883,-187.54389729567185,1352.8818868398512,14.0657922971744,-18.5409635319798,2.970880638768345e-19
1787278856.797223,resting,fast,1787278739.9715214,-246.18777454343717,-186.3217294676873,1349.7386683302002,13.97412971007532,-18.46408309075757,2.9693389469205914e-19
1787278856.8082964,resting,fast,1787278739.9715214,-245.96326555830228,-185.92589834809826,1351.7159258691672,13.944442376106156,-18.447244916872407,2.9704860973980644e-19
1787278856.8194294,resting,fast,1787278739.9715214,-247.1296415352458,-185.83605222302697,1348.8760478857575,13.937703916726068,-18.534723115142995,2.968882511355405e-19
1787278856.8306596,resting,fast,1787278739.9715214,-247.70138002964677,-187.367264060941,1349.4737063218408,14.052544804569312,-18.577603502223198,2.9686258018762603e-19
1787278856.8415956,resting,fast,1787278739.9715214,-248.68588244321973,-187.54897110980357,1348.4655694773728,14.066172833234265,-18.651441183241488,2.9675290199532104e-19
1787278856.8526795,resting,fast,1787278739.9715214,-248.27692560565947,-187.2805440472972,1348.2350829499746,14.046040803546209,-18.620769420424267,2.9668189315837656e-19
1787278856.8639,resting,fast,1787278739.9715214,-248.25998084463527,-186.3799909446085,1347.3950623428473,13.978499320844382,-18.619498563347506,2.9683047258864795e-19
1787278856.8748653,resting,fast,1787278739.9715214,-248.56654765206395,-187.05157348792784,1351.3595484997031,14.028868011593264,-18.642491073904743,2.972275198427169e-19
1787278856.8859847,resting,fast,1787278739.9715214,-249.46399577304464,-186.93682668464214,1355.477063735395,14.020262001347195,-18.709799682978243,2.9745422507090777e-19
1787278856.897149,resting,fast,1787278739.9715214,-249.87269186671756,-185.37623678238253,1357.5488724190936,13.903217758677503,-18.740451890003747,2.971072482775265e-19
1787278856.9082139,resting,fast,1787278739.9715214,-250.73705596550508,-187.1086249804681,1358.032985126748,14.033146873534026,-18.805279197412823,2.970911833008546e-19
1787278856.9192152,resting,fast,1787278739.9715214,-249.8995083363202,-187.93284804416396,1354.7276716939896,14.094963603310905,-18.742463125223786,2.971294172908299e-19
1787278856.930411,resting,fast,1787278739.9715214,-248.24700073486883,-187.69841117722524,1348.959637615796,14.07738083829074,-18.6185250551149,2.964074489373932e-19
1787278856.9413853,resting,fast,1787278739.9715214,-247.56730522986754,-186.86285950155695,1345.2787548900133,14.01471446261542,-18.567547892240036,2.9646307610827022e-19
1787278856.952458,resting,fast,1787278739.9715214,-248.1661465042621,-186.8770862851792,1347.4606106771307,14.015781471387204,-18.612460987819624,2.962030753717303e-19
1787278856.9636824,resting,fast,1787278739.9715214,-249.6808250535164,-188.35240137753487,1353.9542812134505,14.12643010331404,-18.726061879013628,2.9739934313456055e-19
1787278856.9746792,resting,fast,1787278739.9715214,-247.7793316154889,-187.07506786045076,1351.0716766452615,14.030630089532938,-18.58344987116147,2.9678582223543983e-19
1787278856.9857852,resting,fast,1787278739.9715214,-244.8524932849682,-185.18355980907165,1343.9259758532671,13.888766985679329,-18.363936996372438,2.9664556316602704e-19
1787278856.9970784,resting,fast,1787278739.9715214,-243.72119008313666,-185.35436151815964,1339.6175017746036,13.901577113860657,-18.279089256234855,2.9581847933490537e-19
1787278857.007993,resting,fast,1787278739.9715214,-245.22951983224493,-186.3938744754638,1344.5156668989885,13.97954058565853,-18.392213987418174,2.963273051509319e-19
1787278857.0190942,resting,fast,1787278739.9715214,-246.45971287121984,-187.06194688138737,1350.269661837182,14.029646016102863,-18.484478465341333,2.9650324527964516e-19
1787278857.030436,resting,fast,1787278739.9715214,-247.35220983136014,-187.21811495393024,1350.3656787202826,14.041358621543626,-18.55141573735188,2.9677370922869915e-19
1787278857.0414495,resting,fast,1787278739.9715214,-247.23700130959105,-187.03706244706962,1349.8725865074257,14.027779683529335,-18.54277509821909,2.9684059936282797e-19
1787278857.0524614,resting,fast,1787278739.9715214,-248.66435799611781,-187.1970221837288,1351.5883651433533,14.0397766637787,-18.649826849708752,2.9721302580964223e-19
1787278857.0636344,resting,fast,1787278739.9715214,-248.7175478461836,-187.7609631268923,1355.4332847811556,14.082072234515767,-18.6538160884634,2.97478848464259e-19
1787278857.0746596,resting,fast,1787278739.9715214,-248.31871837348945,-187.4221962383782,1355.275227637686,14.056664717877272,-18.62390387801154,2.9760158943576497e-19
1787278857.0857732,resting,fast,1787278739.9715214,-248.02928561359704,-188.44930069675058,1352.979827141863,14.133697552255104,-18.602196421019784,2.974881457622002e-19
1787278857.0967724,resting,fast,1787278739.9715214,-248.18061473004082,-188.08454512041556,1352.7047003355246,14.106340884029866,-18.61354610475299,2.974309692194382e-19
1787278857.1080482,resting,fast,1787278739.9715214,-247.68826088183278,-189.1669764383854,1349.246996287363,14.187523232877641,-18.576619566137282,2.9697865941861574e-19
1787278857.1191254,resting,fast,1787278739.9715214,-246.39900931696548,-188.87120792015196,1343.6155670694561,14.165340594010235,-18.479925698772163,2.9648595794127207e-19
1787278857.1302643,resting,fast,1787278739.9715214,-246.951355519765,-188.67597794256528,1344.6595335780994,14.150698345691186,-18.52135166398231,2.9667464427367766e-19
1787278857.1413581,resting,fast,1787278739.9715214,-247.08316690009133,-187.85388780807546,1346.511096661311,14.089041585604466,-18.531237517506845,2.968743874529181e-19
1787278857.1524022,resting,fast,1787278739.9715214,-248.59281328796396,-187.40928930411872,1355.8282967101322,14.055696697807779,-18.64446099659706,2.97540149680934e-19
1787278857.166516,resting,fast,1787278739.9715214,-248.14356043412272,-188.87668589282077,1352.4184888557656,14.165751441960357,-18.61076703255892,2.9690808241201323e-19
1787278857.1745493,resting,fast,1787278739.9715214,-248.60655298853862,-188.0997695497623,1351.2977870266595,14.107482716230965,-18.645491474140336,2.9681563688833713e-19
1787278857.1856039,resting,fast,1787278739.9715214,-247.6824483030946,-188.6082126585128,1345.1149827700528,14.145615949387523,-18.57618362273177,2.9651153312141084e-19
1787278857.199505,resting,fast,1787278739.9715214,-247.14321585103835,-186.4357072140648,1349.4008506575783,13.982678041053607,-18.535741188827664,2.973472246064234e-19
1787278857.2077775,resting,fast,1787278739.9715214,-246.3958219817073,-186.52574572116453,1354.1250453526163,13.989430929086328,-18.479686648627897,2.9756145053462964e-19
1787278857.2189934,resting,fast,1787278739.9715214,-246.85286942588618,-184.94712230000812,1358.8761602216737,13.871034172499538,-18.513965206941158,2.975373595353923e-19
1787278857.2329278,resting,fast,1787278739.9715214,-246.88865019323612,-184.92628276083144,1354.0747893261132,13.869471207061256,-18.516648764492437,2.9698145865758396e-19
1787278857.2412438,resting,fast,1787278739.9715214,-247.8624576418165,-186.38812926315893,1347.4390351896463,13.979109694735588,-18.589684323136126,2.9715092733213203e-19
1787278857.2522814,resting,fast,1787278739.9715214,-247.5674251342084,-188.63310028110743,1344.9468707346578,14.147482521081987,-18.567556885065706,2.976121220403242e-19
1787278857.2664185,resting,fast,1787278739.9715214,-247.7490524050586,-189.82183903097382,1348.9611675047117,14.236637927321755,-18.581178930379224,2.982379474057716e-19
1787278857.274462,resting,fast,1787278739.9715214,-246.7747448961768,-188.48064518711487,1351.1755198068558,14.1360483890325,-18.50810586721324,2.9839522733605383e-19
1787278857.285609,resting,fast,1787278739.9715214,-247.15231133730276,-186.68123283802504,1353.7296994117014,14.001092462850753,-18.53642335029754,2.9788864342248147e-19
1787278857.2999127,resting,fast,1787278739.9715214,-247.94575585114808,-185.75483117401734,1353.9516460878995,13.93161233805019,-18.59593168883599,2.9759727826790037e-19
1787278857.3077297,resting,fast,1787278739.9715214,-247.76197972633645,-185.20863786121788,1352.0898309458307,13.89064783959029,-18.58214847947506,2.9668206655714777e-19
1787278857.3190958,resting,fast,1787278739.9715214,-247.917749950288,-186.739649372416,1348.2780572507681,14.005473702930207,-18.59383124627125,2.969059589339307e-19
1787278857.3327963,resting,fast,1787278739.9715214,-246.4986086386548,-186.21333288280573,1344.2249756498231,13.965999966209228,-18.487395647898715,2.965812115415748e-19
1787278857.3410788,resting,fast,1787278739.9715214,-246.04533156918342,-186.02739412176481,1342.9518222810975,13.952054559131131,-18.453399867688724,2.9692948068133837e-19
1787278857.3522255,resting,fast,1787278739.9715214,-245.68581555445007,-185.20443477653873,1343.668790324794,13.890332608239081,-18.42643616658352,2.9645363043564802e-19
1787278857.3632934,resting,fast,1787278739.9715214,-246.40376196195803,-185.63566050613224,1345.68425640236,13.922674537958674,-18.480282147146724,2.966998864075084e-19
1787278857.374357,resting,fast,1787278739.9715214,-247.52418192113646,-187.43285764599193,1350.3191792480584,14.057464323448418,-18.56431364408482,2.9727459052269067e-19
1787278857.3855164,resting,fast,1787278739.9715214,-246.944995222711,-188.00319652475162,1346.7785940632211,14.100239739355064,-18.5208746417032,2.972510950394641e-19
1787278857.398701,resting,fast,1787278739.9715214,-247.45594090386248,-189.21588428779307,1347.3496372334967,14.191191321583307,-18.559195567789438,2.9725984278320865e-19
1787278857.407731,resting,fast,1787278739.9715214,-246.12792689352,-186.7890863158674,1342.7508524566629,14.00918147368883,-18.45959451701374,2.965558241592838e-19
1787278857.4187717,resting,fast,1787278739.9715214,-246.3917685206029,-186.78706984050098,1339.889255314779,14.009030238036463,-18.479382639044907,2.9632900267853504e-19
1787278857.433082,resting,fast,1787278739.9715214,-245.70952031065963,-185.62196216163204,1338.7314377993343,13.921647162121051,-18.428214023299148,2.9603416768006463e-19
1787278857.4409983,resting,fast,1787278739.9715214,-246.2044096301811,-186.87253374899262,1341.8212717659744,14.015440031173274,-18.465330722263488,2.9651202361943674e-19
1787278857.4521725,resting,fast,1787278739.9715214,-246.91383710916443,-187.00106597862612,1344.1520926732437,14.025079948395959,-18.518537783187142,2.9711110698753634e-19
1787278857.466096,resting,fast,1787278739.9715214,-247.2491882172758,-187.98143709583076,1344.8922269357108,14.098607782185855,-18.543689116295397,2.97548630353226e-19
1787278857.4743283,resting,fast,1787278739.9715214,-248.3280725816835,-188.97397261036474,1343.3064614419573,14.173047945776236,-18.624605443626344,2.975635452940728e-19
1787278857.4854102,resting,fast,1787278739.9715214,-248.2781046507348,-188.81526485453867,1349.3837231078114,14.16114486408927,-18.62085784880479,2.976369346991028e-19
1787278857.4985745,resting,fast,1787278739.9715214,-248.63217295519053,-187.4772249929673,1351.0938319503248,14.060791874471409,-18.64741297163929,2.9748060018065307e-19
1787278857.5075464,resting,fast,1787278739.9715214,-248.4269171922465,-187.07210491876924,1352.048235591229,14.030407868906142,-18.632018789418368,2.9741269554054713e-19
1787278857.518728,resting,fast,1787278739.9715214,-248.34164507459127,-186.67451818339657,1350.9936620893086,14.000588863753396,-18.625623380594334,2.976003142926003e-19
1787278857.5312903,resting,fast,1787278739.9715214,-246.89353466265538,-187.36457937275793,1347.4590937932417,14.052343452955572,-18.517015099699094,2.9750659165157353e-19
1787278857.5409198,resting,fast,1787278739.9715214,-246.84238726170906,-187.14339897789102,1345.4083096394215,14.035754923340864,-18.513179044628146,2.977782962192084e-19
1787278857.5520053,resting,fast,1787278739.9715214,-248.38515245536883,-187.88596441274683,1349.5273798733497,14.09144733095484,-18.628886434152356,2.9801671223997906e-19
1787278857.5648546,resting,fast,1787278739.9715214,-249.60905240158218,-188.121715334731,1352.1283918740546,14.10912865010376,-18.7206789301188,2.982768856479088e-19
1787278857.574035,resting,fast,1787278739.9715214,-250.37182360622728,-187.65361475964153,1355.9511646587443,14.074021106971959,-18.77788677046709,2.981917696720833e-19
1787278857.585087,resting,fast,1787278739.9715214,-247.7923267177316,-186.61195906203977,1351.8789737111265,13.995896929651824,-18.58442450382975,2.9775085648642677e-19
1787278857.5976486,resting,fast,1787278739.9715214,-247.46113458124137,-185.59427417006407,1352.0888176813269,13.919570562753439,-18.559585093592894,2.9731048984503943e-19
1787278857.6075747,resting,fast,1787278739.9715214,-245.8054840688942,-184.8439619751697,1348.85992718738,13.863297148136542,-18.43541130516691,2.971135461578997e-19
1787278857.6187444,resting,fast,1787278739.9715214,-245.8596219389524,-184.64206360810874,1346.09690604168,13.84815477060717,-18.43947164542132,2.9687437062501895e-19
1787278857.6304388,resting,fast,1787278739.9715214,-245.87538237335002,-185.47500158414198,1343.3447191466485,13.910625118809211,-18.440653678001055,2.9695678131429505e-19
1787278857.6409943,resting,fast,1787278739.9715214,-246.0841645527221,-186.14885818883806,1344.974951080393,13.961164364161693,-18.45631234145391,2.9690333933427596e-19
1787278857.6520188,resting,fast,1787278739.9715214,-246.445234962443,-186.19142343927285,1347.5784986161425,13.964356757944362,-18.48339262218289,2.972202105998658e-19
1787278857.6634152,resting,fast,1787278739.9715214,-245.46604748075742,-185.58243399302853,1346.4513934629204,13.91868254947585,-18.409953561056398,2.9703493767111813e-19
1787278857.6739407,resting,fast,1787278739.9715214,-246.14672202615884,-187.31123308198005,1347.3169411810495,14.048342481147106,-18.461004151961625,2.971735539082096e-19
1787278857.6852465,resting,fast,1787278739.9715214,-246.18228273867817,-187.42578276261304,1347.0249874646806,14.056933707194691,-18.463671205400672,2.9714229701021595e-19
1787278857.696632,resting,fast,1787278739.9715214,-247.8069613890416,-188.01269024159808,1352.1875436467226,14.100951768118993,-18.585522104177983,2.976900759755457e-19
1787278857.707549,resting,fast,1787278739.9715214,-247.84252797878844,-187.9769391908677,1348.2995191939544,14.098270439313954,-18.588189598408974,2.971606822016711e-19
1787278857.7185593,resting,fast,1787278739.9715214,-247.67930556355304,-188.58112760252664,1347.5881117123108,14.14358457018837,-18.57594791726637,2.970129501513764e-19
1787278857.7295046,resting,fast,1787278739.9715214,-247.73305945388393,-189.76566344604782,1345.9557120436175,14.232424758452371,-18.579979459041184,2.970405003780353e-19
1787278857.7407525,resting,fast,1787278739.9715214,-246.78244922948352,-188.36394451635203,1346.296800498204,14.127295838725363,-18.508683692211342,2.9740151416890395e-19
1787278857.7518098,resting,fast,1787278739.9715214,-246.37957671396953,-188.2111663251045,1345.182152495795,14.11583747438171,-18.47846825354732,2.9781119422007426e-19
1787278857.7630198,resting,fast,1787278739.9715214,-246.21712656595582,-188.0221558774466,1345.4989115770522,14.101661690807479,-18.466284492446675,2.9781907577608733e-19
1787278857.7740076,resting,fast,1787278739.9715214,-247.91792497016604,-188.17107222519974,1348.5899643453167,14.11283041688883,-18.5938443727622,2.9768565175076484e-19
1787278857.7851522,resting,fast,1787278739.9715214,-249.2374442516034,-187.39209079885552,1351.9456156725546,14.054406809912908,-18.692808318870057,2.9753517757761626e-19
1787278857.7963192,resting,fast,1787278739.9715214,-248.32451776374046,-185.9219007470523,1351.4928711055336,13.944142556027789,-18.62433883228011,2.971134843179347e-19
1787278857.8073008,resting,fast,1787278739.9715214,-248.07186074965693,-185.98685632606123,1351.2837102925923,13.949014224453581,-18.605389556224374,2.9734735517679244e-19
1787278857.8183985,resting,fast,1787278739.9715214,-247.16673270083493,-186.50525616170705,1349.1624909897992,13.987894212127163,-18.53750495256225,2.9701841432430332e-19
1787278857.8295202,resting,fast,1787278739.9715214,-246.70917876628891,-186.1666255134304,1346.0655250095379,13.962496913506232,-18.50318840747145,2.9647325794356997e-19
1787278857.8405597,resting,fast,1787278739.9715214,-244.78573542988806,-184.81000776208828,1341.579188057819,13.86075058215545,-18.358930157241453,2.96129100740492e-19
1787278857.8517985,resting,fast,1787278739.9715214,-245.52328544281454,-185.2084076744444,1342.4858057282227,13.890630575582168,-18.41424640821092,2.9659232066927407e-19
1787278857.8631356,resting,fast,1787278739.9715214,-245.9741939885348,-187.06414651431817,1344.0527760832856,14.029810988572752,-18.44806454913997,2.9710912086802527e-19
1787278857.8739123,resting,fast,1787278739.9715214,-246.95303595497307,-188.73298252287861,1351.181212716364,14.154973689214831,-18.52147769662291,2.9754001462209932e-19
1787278857.885055,resting,fast,1787278739.9715214,-247.17562372281418,-188.3707070508898,1351.672184739803,14.127803028815737,-18.5381717792108,2.972308942422638e-19
1787278857.8961103,resting,fast,1787278739.9715214,-247.91536759117525,-187.9157884431262,1354.1343119475669,14.093684133233655,-18.59365256933799,2.9743930359648964e-19
1787278857.9073777,resting,fast,1787278739.9715214,-248.57365568436626,-187.33298119330595,1351.0835580506218,14.049973589496705,-18.643024176327245,2.974735131558123e-19
1787278857.9184482,resting,fast,1787278739.9715214,-247.69511207014193,-186.63396358717512,1349.170200081221,13.997547269036946,-18.57713340526037,2.972544356250301e-19
1787278857.9295685,resting,fast,1787278739.9715214,-247.6073414409534,-186.26808921425902,1349.9644816129467,13.970106691068185,-18.5705506080714,2.9768411946932625e-19
1787278857.9405801,resting,fast,1787278739.9715214,-245.79737490147227,-184.1370822252244,1346.4992517179699,13.810281166890764,-18.434803117610308,2.9701751480102196e-19
1787278857.951693,resting,fast,1787278739.9715214,-246.10841137583566,-184.22381594944034,1349.5632964460337,13.816786196207108,-18.458130853187633,2.9754005284945523e-19
1787278857.9628565,resting,fast,1787278739.9715214,-245.93553641175322,-183.59656987799792,1346.466022124102,13.76974274084856,-18.445165230881244,2.9706333562874542e-19
1787278857.9738204,resting,fast,1787278739.9715214,-248.5454612874114,-187.71959229774382,1351.1791044560114,14.078969422329653,-18.64090959655565,2.9784640249507736e-19
1787278857.9850488,resting,fast,1787278739.9715214,-248.08851421753798,-187.34412609872322,1345.8592311131479,14.050809457402924,-18.606638566315105,2.970163344970827e-19
1787278857.9961674,resting,fast,1787278739.9715214,-248.50925999817127,-186.87931403622235,1347.8656719454912,14.01594855271549,-18.63819449986282,2.974519279349192e-19
1787278858.0070968,resting,fast,1787278739.9715214,-247.77485775126252,-185.91267840331273,1346.30430644217,13.943450880247031,-18.583114331344532,2.9714134871464578e-19
1787278858.0182776,resting,fast,1787278739.9715214,-249.05432821073327,-187.40933062132729,1350.424245699688,14.055699796598237,-18.67907461580468,2.979213216236993e-19
1787278858.0293753,resting,fast,1787278739.9715214,-248.18932566786998,-187.7512605781427,1349.1102393342635,14.081344543359553,-18.6141994250902,2.973489736841912e-19
1787278858.040461,resting,fast,1787278739.9715214,-246.75599670140082,-185.55029133950154,1347.086943422125,13.91627185046163,-18.506699752604774,2.97168936551256e-19
1787278858.0515738,resting,fast,1787278739.9715214,-245.86652297029877,-185.53993329731486,1343.8604633317454,13.915494997297518,-18.439989222772418,2.9664595905058276e-19
1787278858.0626678,resting,fast,1787278739.9715214,-246.66657364580942,-186.60354158222606,1346.5739193825275,13.995265618665744,-18.499993023435565,2.970626523318821e-19
1787278858.0737274,resting,fast,1787278739.9715214,-246.5955390841159,-187.06550458035565,1344.2499446060528,14.029912843525626,-18.494665431308547,2.968091747023795e-19
1787278858.0849247,resting,fast,1787278739.9715214,-245.44203136614806,-185.0225606370576,1342.3251499519893,13.87669204777804,-18.40815235246076,2.9660068394041883e-19
1787278858.0961466,resting,fast,1787278739.9715214,-245.02644452357572,-183.88439169169203,1339.1451174975582,13.791329376875542,-18.376983339267795,2.963225837374369e-19
1787278858.107277,resting,fast,1787278739.9715214,-245.55316666738736,-184.0893078657283,1341.479486476649,13.806698089928435,-18.416487500053783,2.9629760919796737e-19
1787278858.1182773,resting,fast,1787278739.9715214,-246.91314259123237,-185.44296844706707,1346.9247813866577,13.9082226335285,-18.518485694342488,2.969313072307891e-19
1787278858.1294355,resting,fast,1787278739.9715214,-246.58465485351417,-186.02068864573232,1346.3910195258895,13.951551648428765,-18.49384911401325,2.96525879169356e-19
1787278858.1406,resting,fast,1787278739.9715214,-247.18749251309737,-186.66735285597576,1345.5099840080993,14.000051464197075,-18.53906193848212,2.9670280241441314e-19
1787278858.1515079,resting,fast,1787278739.9715214,-247.01263568342847,-186.99842182794612,1344.6807672270143,14.024881637094754,-18.52594767625706,2.9665050824152823e-19
1787278858.1627123,resting,fast,1787278739.9715214,-246.04735481288344,-186.39920572616677,1340.5870419149605,13.979940429461326,-18.453551610966016,2.967506738777108e-19
1787278858.1736999,resting,fast,1787278739.9715214,-245.4259990536052,-185.41562147238312,1343.3768866765304,13.906171610427553,-18.406949929020342,2.967392909024998e-19
1787278858.1847847,resting,fast,1787278739.9715214,-245.17122745580537,-185.51701638941256,1342.7008081144422,13.913776229204831,-18.38784205918536,2.964590096655301e-19
1787278858.195884,resting,fast,1787278739.9715214,-246.7028580183537,-186.25243665810729,1347.6243164405032,13.9689327493568,-18.50271435137649,2.967656983227303e-19
1787278858.2070043,resting,fast,1787278739.9715214,-246.95576296819445,-186.47981209647276,1349.0936658032015,13.985985907234369,-18.521682222614473,2.9713776487171537e-19
1787278858.2182844,resting,fast,1787278739.9715214,-247.3983105798593,-186.57340526885798,1348.93155303623,13.993005395163028,-18.554873293489052,2.9726346911162014e-19
1787278858.2291806,resting,fast,1787278739.9715214,-248.266317109385,-186.1195962481885,1352.8388292173559,13.958969718613123,-18.61997378320371,2.9761706552759645e-19
1787278858.2403307,resting,fast,1787278739.9715214,-248.72717545555997,-186.62622052251152,1354.6749335742506,13.996966539187216,-18.654538159166755,2.9738265832143616e-19
1787278858.2513907,resting,fast,1787278739.9715214,-247.88868204312666,-185.81630320953116,1351.5433762065777,13.936222740713806,-18.5916511532345,2.9709755720230163e-19
1787278858.2626143,resting,fast,1787278739.9715214,-247.6335259342045,-187.37597821086172,1349.4195975626126,14.053198365813618,-18.572514445065032,2.970516948843982e-19
1787278858.2735863,resting,fast,1787278739.9715214,-247.74057459571623,-186.21124145037868,1351.9103491351316,13.965843108777268,-18.580543094678553,2.9743219330192967e-19
1787278858.2846606,resting,fast,1787278739.9715214,-248.2007075927081,-187.38917029504398,1356.4642032915917,14.054187772127154,-18.615053069452813,2.979702673344713e-19
1787278858.2956839,resting,fast,1787278739.9715214,-248.2375116467615,-187.27704170844925,1356.2996763896035,14.04577812813277,-18.617813373506905,2.974669170631408e-19
1787278858.3069565,resting,fast,1787278739.9715214,-247.9640856317851,-189.03750951942914,1352.828159590391,14.177813213956018,-18.597306422383802,2.9736972941519024e-19
1787278858.3181515,resting,fast,1787278739.9715214,-247.51118924209777,-188.41368242123224,1349.7288664203452,14.131026181591057,-18.56333919315736,2.9722155825612036e-19
1787278858.3292294,resting,fast,1787278739.9715214,-246.9326353358124,-187.0679015612801,1349.672831510762,14.030092617094926,-18.51994765018587,2.973318580410467e-19
1787278858.340278,resting,fast,1787278739.9715214,-249.3102557313655,-187.83381288079966,1354.7090250216615,14.08753596605887,-18.698269179852396,2.9746571730612405e-19
1787278858.3514009,resting,fast,1787278739.9715214,-250.0906397202939,-186.8793476520824,1357.3572656018705,14.015951073905132,-18.75679797902179,2.9716109341482725e-19
1787278858.3624375,resting,fast,1787278739.9715214,-252.15968563599336,-187.44066644614998,1364.5857983402157,14.058049983460027,-18.911976422699475,2.978444586213242e-19
1787278858.37349,resting,fast,1787278739.9715214,-250.80296940134076,-185.92734327890264,1361.2678882391237,13.944550745916633,-18.81022270510035,2.978249267640379e-19
1787278858.3846407,resting,fast,1787278739.9715214,-250.0586250570518,-185.99553250300153,1356.7317050383963,13.949664937724155,-18.754396879278573,2.9780996039585647e-19
1787278858.395774,resting,fast,1787278739.9715214,-248.46370241861814,-185.21855579359283,1348.0605523993354,13.8913916845183,-18.63477768139621,2.96894124480941e-19
1787278858.4067836,resting,fast,1787278739.9715214,-247.63204759467544,-184.8932261581425,1344.8812569535048,13.866991961859643,-18.572403569600198,2.9625559250113167e-19
1787278858.4180412,resting,fast,1787278739.9715214,-247.75474109245215,-184.76414299486362,1347.7687562370456,13.857310724613757,-18.581605581934028,2.9617298578919917e-19
1787278858.42906,resting,fast,1787278739.9715214,-247.21421648942896,-184.78832938854396,1346.92687397988,13.859124704139507,-18.541066236707024,2.9626125811005263e-19
1787278858.440287,resting,fast,1787278739.9715214,-247.05961422749033,-186.25023476793206,1347.6643574185136,13.968767607593879,-18.529471067061493,2.967478034298173e-19
1787278858.4511876,resting,fast,1787278739.9715214,-247.14457990752499,-186.70629989082147,1349.2264168816591,14.002972491810485,-18.5358434930642,2.9724942428868053e-19
1787278858.46236,resting,fast,1787278739.9715214,-246.3216848725665,-186.42742524397124,1348.6973968429165,13.982056893296534,-18.474126365442274,2.972613140261811e-19
1787278858.473389,resting,fast,1787278739.9715214,-246.60339139186863,-185.5233216086957,1347.1454328523314,13.91424912065101,-18.495254354389985,2.971423456960615e-19
1787278858.484618,resting,fast,1787278739.9715214,-246.12660635291422,-185.8598415616235,1346.6394342524518,13.93948811712092,-18.459495476468433,2.9718089855807093e-19
1787278858.495672,resting,fast,1787278739.9715214,-247.39682994538953,-186.80674267632492,1348.356816315575,14.010505700723332,-18.554762245904,2.974891362321776e-19
1787278858.5066688,resting,fast,1787278739.9715214,-247.40808399139723,-187.89270246470858,1351.572820045595,14.091952684851893,-18.555606299354444,2.9782460486751067e-19
1787278858.51782,resting,fast,1787278739.9715214,-247.85726267400833,-187.12393660552732,1348.8183173663974,14.034295245413293,-18.589294700550603,2.9717644701741104e-19
1787278858.5287683,resting,fast,1787278739.9715214,-248.01996380623905,-186.66542644548838,1353.1358068282943,13.999906983410515,-18.601497285467715,2.9767453652609734e-19
1787278858.5400693,resting,fast,1787278739.9715214,-249.11740128076826,-185.52996662026146,1356.544526405086,13.914747496518391,-18.683805096057398,2.9787121348396453e-19
1787278858.5511289,resting,fast,1787278739.9715214,-249.96971164768593,-187.44034102846956,1359.093104169896,14.058025577134249,-18.747728373576237,2.98672889994888e-19
1787278858.5622518,resting,fast,1787278739.9715214,-249.74129348453835,-187.99218613519258,1359.000241704437,14.09941396013814,-18.730597011340116,2.985089639054592e-19
1787278858.573336,resting,fast,1787278739.9715214,-247.77327226199168,-187.1621557680213,1353.144910989332,14.037161682600388,-18.58299541964908,2.9769897945134176e-19
1787278858.5844452,resting,fast,1787278739.9715214,-246.84284821735991,-186.1286441232811,1350.3032679449398,13.959648309244887,-18.513213616301734,2.9714090731647105e-19
1787278858.595458,resting,fast,1787278739.9715214,-246.3221469768946,-186.00826926972115,1346.7565962146627,13.950620195228016,-18.47416102326718,2.967130912678517e-19
1787278858.6066191,resting,fast,1787278739.9715214,-246.87388585262443,-186.13689712119174,1346.9948424787954,13.960267284088292,-18.51554143894672,2.9693459210187134e-19
1787278858.6178672,resting,fast,1787278739.9715214,-248.39297361821764,-187.3131085769743,1354.2779958192796,14.048483143271955,-18.629473021366167,2.974397712784857e-19
1787278858.6287565,resting,fast,1787278739.9715214,-247.85417938670025,-186.35059327029637,1353.3725174314159,13.976294495271137,-18.589063454002414,2.9751411474189064e-19
1787278858.6399775,resting,fast,1787278739.9715214,-248.40421032158292,-187.96368492667136,1354.1911455119198,14.097276369499458,-18.630315774118642,2.980524911473633e-19
1787278858.6510704,resting,fast,1787278739.9715214,-246.73984223923117,-186.55597612538043,1347.994320076069,13.99169820940229,-18.505488167942097,2.9778616930113026e-19
1787278858.6620042,resting,fast,1787278739.9715214,-248.24015074820863,-187.77103172900377,1352.6776270219352,14.082827379674615,-18.618011306115463,2.978887604159598e-19
1787278858.6734188,resting,fast,1787278739.9715214,-246.92715724692744,-185.86876191274348,1351.3127002632127,13.940157143454687,-18.519536793519407,2.9739544493175696e-19
1787278858.6839993,resting,fast,1787278739.9715214,-247.71123397002566,-185.88058131369178,1352.7014679342765,13.941043598525756,-18.578342547751674,2.9748269466209785e-19
1787278858.6951208,resting,fast,1787278739.9715214,-246.4519560547992,-185.06778313378038,1351.503411526729,13.880083735032418,-18.483896704109583,2.9782660721848525e-19
1787278858.706782,resting,fast,1787278739.9715214,-246.09068028662796,-186.1550255827775,1351.5815019110769,13.9616269187071,-18.45680102149702,2.980487697228721e-19
1787278858.7178617,resting,fast,1787278739.9715214,-246.15339129695394,-187.65567343571604,1351.2928277556066,14.074175507677754,-18.461504347271458,2.9818667848427716e-19
1787278858.7286735,resting,fast,1787278739.9715214,-248.22418890095605,-187.79046883735953,1358.2585027520245,14.08428516280063,-18.616814167571405,2.9831831200225573e-19
1787278858.7401097,resting,fast,1787278739.9715214,-248.27706838290624,-188.04630513631434,1355.1287496893938,14.103472885222406,-18.620780128717954,2.97951345118288e-19
1787278858.750966,resting,fast,1787278739.9715214,-246.51772379989006,-186.49598661585026,1352.1132161268624,13.987198996187534,-18.48882928499158,2.978114925762186e-19
1787278858.7620704,resting,fast,1787278739.9715214,-244.91065899476826,-186.3422590744541,1343.7927751775087,13.975669430583157,-18.368299424607486,2.970482775049832e-19
1787278858.7733443,resting,fast,1787278739.9715214,-247.6899246584121,-186.91216512244284,1349.7018830052248,14.018412384182017,-18.576744349380682,2.9722361048954178e-19
1787278858.7843988,resting,fast,1787278739.9715214,-249.7742466675877,-187.50831661906034,1354.282696967225,14.063123746428492,-18.733068500068846,2.9729105939497393e-19
1787278858.7950761,resting,fast,1787278739.9715214,-250.71262976841126,-187.48963658727632,1357.6630071965674,14.06172274404452,-18.803447232630745,2.9794441508292073e-19
1787278858.806673,resting,fast,1787278739.9715214,-248.5494026528454,-188.43443484613806,1353.153367414102,14.132582613459252,-18.641205198963362,2.978111682832165e-19
1787278858.8177352,resting,fast,1787278739.9715214,-247.7004155182899,-188.00043201022993,1352.327944808564,14.100032400766072,-18.57753116387139,2.9756713212660286e-19
1787278858.828669,resting,fast,1787278739.9715214,-246.2187678633095,-188.33097214411544,1348.0312638367077,14.12482291080747,-18.466407589747995,2.9718334101682002e-19
1787278858.8398976,resting,fast,1787278739.9715214,-246.82181647102834,-187.8462393942017,1352.4188626682926,14.088467954563956,-18.511636235326954,2.9728881621043396e-19
1787278858.8510187,resting,fast,1787278739.9715214,-245.92540370726556,-187.3812257672497,1350.361069550524,14.05359193254262,-18.444405278044677,2.9735589913325404e-19
1787278858.8617437,resting,fast,1787278739.9715214,-246.66687691914058,-187.33838345156016,1351.6185457776273,14.050378758865921,-18.50001576893535,2.973640574772931e-19
1787278858.8729968,resting,fast,1787278739.9715214,-246.55004345317457,-187.32913966135231,1347.9181485400268,14.049685474600413,-18.49125325898798,2.975555738273503e-19
1787278858.8838322,resting,fast,1787278739.9715214,-248.28500606181888,-188.6601942272506,1348.2783157418044,14.149514567042491,-18.621375454636258,2.974725159519035e-19
1787278858.8950582,resting,fast,1787278739.9715214,-248.201017267133,-189.93537503415712,1345.128377560467,14.245153127560588,-18.615076295034747,2.97315672996698e-19
1787278858.906586,resting,fast,1787278739.9715214,-248.08978933225126,-188.684949419404,1345.688558313038,14.15137120645402,-18.606734199918655,2.971819631097585e-19
1787278858.9177415,resting,fast,1787278739.9715214,-247.92573965824204,-188.09375298042858,1347.679424947445,14.10703147353087,-18.594430474368224,2.974800321267963e-19
1787278858.9284441,resting,fast,1787278739.9715214,-247.8351034110824,-188.23866248061006,1350.7077772060338,14.117899686044655,-18.587632755831265,2.978411413255795e-19
1787278858.939812,resting,fast,1787278739.9715214,-246.84338082535896,-190.1434642928465,1348.0575151726525,14.260759821962228,-18.513253561901784,2.9746941072299995e-19
1787278858.9507496,resting,fast,1787278739.9715214,-246.69715972153108,-190.7491190087734,1349.6215076200106,14.3061839256568,-18.502286979114636,2.9723949815449113e-19
1787278858.9616122,resting,fast,1787278739.9715214,-247.41371743526042,-190.5261488759205,1350.055644628731,14.289461165692988,-18.55602880764461,2.972110090611251e-19
1787278858.9726315,resting,fast,1787278739.9715214,-250.43719874348199,-189.99501838932963,1356.3969304768534,14.249626379198563,-18.782789905760737,2.9788357124967384e-19
1787278858.9840016,resting,fast,1787278739.9715214,-250.21731746458545,-188.95856812254476,1354.7726392204577,14.171892609189417,-18.766298809843832,2.9797359674860244e-19
1787278858.9949386,resting,fast,1787278739.9715214,-250.63656726933232,-189.04626158369535,1358.2444031304358,14.178469618775981,-18.797742545199682,2.9835410954363407e-19
1787278859.006392,resting,fast,1787278739.9715214,-248.25782730611127,-188.36888088047397,1353.8956016846741,14.127666066034369,-18.61933704795829,2.979277712077927e-19
1787278859.0175636,resting,fast,1787278739.9715214,-247.49288005179596,-188.34660159769294,1350.167260334155,14.12599511982572,-18.561966003884528,2.9786482321249777e-19
1787278859.0284123,resting,fast,1787278739.9715214,-247.17244992714905,-187.47211221160057,1348.1305745274249,14.060408415868825,-18.537933744535998,2.9740935590715146e-19
1787278859.0397496,resting,fast,1787278739.9715214,-247.12890115993423,-186.96563018751806,1347.7251220819971,14.022422264062815,-18.534667586995162,2.9706540654027667e-19
1787278859.0507946,resting,fast,1787278739.9715214,-247.9801288657477,-186.76547255917,1351.7885627858295,14.007410441936646,-18.598509664930795,2.967471076115058e-19
1787278859.061787,resting,fast,1787278739.9715214,-247.16244942123967,-187.20830675948207,1349.4271679015847,14.04062300696005,-18.53718370659295,2.966742957041087e-19
1787278859.0731053,resting,fast,1787278739.9715214,-247.42004745089662,-186.43092799100612,1348.9834700151414,13.98231959932436,-18.556503558816942,2.96930876894802e-19
1787278859.0841744,resting,fast,1787278739.9715214,-246.75877867938243,-185.74092914672212,1347.7166025421584,13.930569686002944,-18.50690840095337,2.969754125234211e-19
1787278859.0948594,resting,fast,1787278739.9715214,-247.4972629094459,-185.66826022739667,1348.4113825359354,13.925119517053748,-18.562294718208292,2.9693672135903637e-19
1787278859.1063592,resting,fast,1787278739.9715214,-248.1861898825814,-188.03022738371726,1351.6272406216876,14.102267053777826,-18.61396424119345,2.9733771702636297e-19
1787278859.1200306,resting,fast,1787278739.9715214,-248.7860285881584,-189.9888590733152,1351.2245150952103,14.249164430497562,-18.658952144111616,2.97551814143693e-19
1787278859.1282516,resting,fast,1787278739.9715214,-246.76616675112973,-189.64781171724678,1348.9589874817002,14.22358587879231,-18.507462506334512,2.975389605385775e-19
1787278859.13959,resting,fast,1787278739.9715214,-245.4654723626868,-188.39477985356837,1343.198682443698,14.12960848901631,-18.409910427201403,2.9709164000173123e-19
1787278859.150751,resting,fast,1787278739.9715214,-245.9725832619165,-188.38862202638677,1346.2424268035002,14.12914665197788,-18.44794374464354,2.974057826702909e-19
1787278859.161816,resting,fast,1787278739.9715214,-247.41982479713124,-187.37548341272566,1345.8600264199476,14.053161255953246,-18.556486859784656,2.9726633126919816e-19
1787278859.1729422,resting,fast,1787278739.9715214,-248.9212890805352,-186.90299279899557,1348.7764937459333,14.017724459923503,-18.66909668103993,2.9699446423566874e-19
1787278859.1840434,resting,fast,1787278739.9715214,-247.93226739723423,-185.58077304990354,1347.7262707839627,13.91855797874165,-18.59492005479241,2.9687779765264e-19
1787278859.1948116,resting,fast,1787278739.9715214,-247.97667411475186,-186.8476582456168,1350.667091431852,14.013574368420084,-18.59825055860609,2.9695707280601466e-19
1787278859.205865,resting,fast,1787278739.9715214,-245.8496779533757,-186.13944632811956,1351.6877191313697,13.960458474607993,-18.43872584650314,2.972751158937113e-19
1787278859.2170508,resting,fast,1787278739.9715214,-247.09583344834437,-189.04749418538097,1351.0936762146548,14.178562063902422,-18.532187508625604,2.976631826263023e-19
1787278859.2281022,resting,fast,1787278739.9715214,-246.65480834086839,-189.13934677195505,1345.8171816430213,14.185451007895484,-18.499110625564946,2.973847469399034e-19
1787278859.239556,resting,fast,1787278739.9715214,-248.186826995297,-190.0386640756982,1345.7817470129457,14.252899805676027,-18.614012024647145,2.97393713395175e-19
1787278859.2507172,resting,fast,1787278739.9715214,-248.7812829129448,-187.76773680389522,1347.2631361036574,14.082580260291099,-18.658596218470706,2.9715073686954583e-19
1787278859.2614124,resting,fast,1787278739.9715214,-249.56367070210808,-188.1850124750514,1353.224703317187,14.113875935627906,-18.71727530265811,2.976992879788739e-19
1787278859.272825,resting,fast,1787278739.9715214,-249.13713740763387,-187.8027669538618,1352.0071732638908,14.085207521538496,-18.68528530557238,2.9782605583131056e-19
1787278859.283876,resting,fast,1787278739.9715214,-247.8843338119891,-187.9429647433618,1350.1436462572228,14.09572235575094,-18.591325035898798,2.975545742332124e-19
1787278859.2948048,resting,fast,1787278739.9715214,-247.6472128178616,-186.96308530289377,1350.0711166083884,14.022231397716101,-18.573540961339532,2.97424244687203e-19
1787278859.3060691,resting,fast,1787278739.9715214,-247.63671851226945,-188.30556689799766,1351.0636421030313,14.122917517348743,-18.57275388841972,2.974308012457162e-19
1787278859.3172905,resting,fast,1787278739.9715214,-246.60842943010766,-187.64894233076723,1347.5686209846872,14.073670674806198,-18.49563220725809,2.9727565661123276e-19
1787278859.3278623,resting,fast,1787278739.9715214,-247.27264248758866,-187.3339169775776,1350.7000649883694,14.050043773317174,-18.545448186568905,2.975432744994754e-19
1787278859.3394253,resting,fast,1787278739.9715214,-246.94145137951773,-186.006923419416,1348.1277528979963,13.950519256455085,-18.52060885346345,2.97287662413659e-19
1787278859.350638,resting,fast,1787278739.9715214,-247.4302305777478,-187.32939702535066,1349.2101730260756,14.049704776900217,-18.557267293331066,2.972284884408223e-19
1787278859.3614275,resting,fast,1787278739.9715214,-246.3191733936451,-186.92491056852816,1344.341791224756,14.019368292638763,-18.47393800452332,2.9688137404335475e-19
1787278859.372691,resting,fast,1787278739.9715214,-248.21434820585046,-186.86913527339777,1349.2050495068133,14.015185145503825,-18.616076115438865,2.9730097975286686e-19
1787278859.3839142,resting,fast,1787278739.9715214,-248.9691502572573,-185.36345560367351,1351.9141190314358,13.902259170274323,-18.67268626929424,2.9736783464972766e-19
1787278859.3946416,resting,fast,1787278739.9715214,-249.70435525161747,-186.9922227020494,1353.610102366828,14.02441670265242,-18.727826643871076,2.975488102512063e-19
1787278859.4059632,resting,fast,1787278739.9715214,-248.46444417796783,-186.28521911843598,1352.5586675536751,13.971391433881525,-18.634833313347166,2.9756823901063753e-19
1787278859.4170914,resting,fast,1787278739.9715214,-247.70689420442022,-187.0308069614897,1349.5940859414395,14.027310522110543,-18.57801706533136,2.974072307483513e-19
1787278859.4281316,resting,fast,1787278739.9715214,-248.02239763697662,-186.18953795053324,1349.4831477718026,13.964215346289041,-18.601679822772986,2.971712736901592e-19
1787278859.4392834,resting,fast,1787278739.9715214,-247.42287045702915,-186.57645856396755,1349.129810755333,13.993234392296305,-18.55671528427692,2.968693296441852e-19
1787278859.453827,resting,fast,1787278739.9715214,-246.99703099088902,-186.49109377524667,1350.0324028827517,13.986832033142381,-18.524777324316368,2.9707001678920623e-19
1787278859.4611232,resting,fast,1787278739.9715214,-246.31038318798028,-186.46114276986157,1348.3254733623316,13.984585707738592,-18.473278739098504,2.96970281852806e-19
1787278859.4726436,resting,fast,1787278739.9715214,-246.16489803020204,-185.89055432306293,1344.3982321213143,13.941791574228507,-18.46236735226492,2.970335532868751e-19
1787278859.4869838,resting,fast,1787278739.9715214,-246.16125592254366,-184.45477630622747,1346.3483622303893,13.834108222966027,-18.462094194190797,2.9712949636507223e-19
1787278859.4946558,resting,fast,1787278739.9715214,-245.43465852501004,-184.3738564135175,1345.9570716590033,13.828039231012685,-18.407599389375747,2.974936346600245e-19
1787278859.5059001,resting,fast,1787278739.9715214,-245.64640109168658,-186.3409890118245,1350.5379139560782,13.97557417588563,-18.423480081876335,2.974517066941552e-19
1787278859.516954,resting,fast,1787278739.9715214,-247.09228955662866,-188.80663319349935,1349.726781587965,14.160497489511304,-18.531921716746936,2.9775148567639587e-19
1787278859.527715,resting,fast,1787278739.9715214,-247.50089940351927,-188.11555344370538,1349.8119737340048,14.108666508276958,-18.56256745526371,2.9718541975213487e-19
1787278859.5391722,resting,fast,1787278739.9715214,-248.18113356344338,-187.05432927855225,1347.089611811275,14.029074695890476,-18.613585017258018,2.9716865728755565e-19
1787278859.5505524,resting,fast,1787278739.9715214,-248.15509942928975,-186.03507045309073,1346.133547628032,13.952630283980614,-18.611632457196364,2.9670157917026685e-19
1787278859.5610569,resting,fast,1787278739.9715214,-248.72215633835685,-186.5501654965543,1344.643171034072,13.99126241224025,-18.654161725376568,2.9670047794237835e-19
1787278859.572321,resting,fast,1787278739.9715214,-248.7506763493907,-186.1512913038215,1345.3893619046821,13.961346847785311,-18.656300726204016,2.9675837587080126e-19
1787278859.583726,resting,fast,1787278739.9715214,-248.1020314223838,-186.35993952261595,1348.26466530766,13.976995464195003,-18.60765235667872,2.9729491434004667e-19
1787278859.594511,resting,fast,1787278739.9715214,-248.19437384130515,-186.6137749859098,1353.8412179752331,13.996033123942187,-18.614578038097868,2.980301201252685e-19
1787278859.6057754,resting,fast,1787278739.9715214,-248.45274227437812,-187.38460385468113,1358.719421359393,14.053845289100042,-18.633955670578317,2.986300271156708e-19
1787278859.6169257,resting,fast,1787278739.9715214,-248.07162302796633,-185.92527836046622,1355.959621779136,13.944395877033859,-18.605371727097364,2.9804290434520904e-19
1787278859.6276052,resting,fast,1787278739.9715214,-248.055899292272,-185.9761668041075,1355.6811215533808,13.948212510306934,-18.604192446920244,2.9801539955959046e-19
1787278859.6391754,resting,fast,1787278739.9715214,-247.24508420121538,-186.6330310497782,1351.0371510618616,13.997477328732092,-18.543381315091196,2.9763194393272115e-19
1787278859.652975,resting,fast,1787278739.9715214,-248.01080963818958,-188.3351672814864,1350.1470021153827,14.125137546110455,-18.600810722863926,2.9769261346952493e-19
1787278859.660905,resting,fast,1787278739.9715214,-247.72776987864881,-188.95505800500507,1347.638400796658,14.171629350374364,-18.5795827408986,2.9755386310751225e-19
1787278859.6723504,resting,fast,1787278739.9715214,-246.4841849103218,-187.34772128939733,1343.0906506363272,14.051079096703507,-18.48631386827384,2.97031358984323e-19
1787278859.6835413,resting,fast,1787278739.9715214,-244.94628893688378,-185.48292486573462,1342.1986441739655,13.911219364929085,-18.370971670266314,2.968309412419321e-19
1787278859.6942585,resting,fast,1787278739.9715214,-244.81187502907278,-184.7306910383055,1342.1559114317251,13.854801827871885,-18.36089062718014,2.968344073318933e-19
1787278859.7056634,resting,fast,1787278739.9715214,-246.5248330227455,-184.1724280804052,1350.557500496584,13.812932106029184,-18.489362476705857,2.975175046272929e-19
1787278859.716884,resting,fast,1787278739.9715214,-246.9854123940563,-185.67224109756796,1350.608119446143,13.925418082316842,-18.523905929554054,2.976792589852067e-19
1787278859.7277365,resting,fast,1787278739.9715214,-247.26866069200196,-185.15045930205758,1351.1277910014496,13.886284447653086,-18.545149551900003,2.9773536137225205e-19
1787278859.738952,resting,fast,1787278739.9715214,-247.92691693542974,-186.61791452329783,1349.0506001406966,13.996343589246582,-18.59451877015683,2.977070721686811e-19
1787278859.7500272,resting,fast,1787278739.9715214,-247.9374625186042,-184.8980878542178,1350.5664117769475,13.8673565890651,-18.595309688895085,2.977162281585282e-19
1787278859.760888,resting,fast,1787278739.9715214,-247.08914876204426,-184.38076838808513,1349.480397575825,13.828557629105223,-18.531686157153224,2.9770560330542985e-19
1787278859.7719996,resting,fast,1787278739.9715214,-247.86001285272187,-186.18657996605873,1351.4884712373232,13.963993497453206,-18.589500963954023,2.978369753513087e-19
1787278859.7861798,resting,fast,1787278739.9715214,-247.84609895001495,-188.43918108983928,1348.4659409265505,14.132938581736884,-18.58845742125078,2.9804698410034017e-19
1787278859.7941592,resting,fast,1787278739.9715214,-247.6063402707273,-189.37430351425553,1347.966543248379,14.203072763568091,-18.57047552030447,2.9795141231771755e-19
1787278859.805726,resting,fast,1787278739.9715214,-246.0781490693139,-188.85341139934792,1343.5382856800343,14.164005854949838,-18.45586118019836,2.9780717118245043e-19
1787278859.8168046,resting,fast,1787278739.9715214,-247.4778325249622,-188.97395334976875,1349.2008512529655,14.1730465012314,-18.560837439371944,2.9836961312798107e-19
1787278859.827606,resting,fast,1787278739.9715214,-248.26560109919637,-188.79365898805884,1349.0978670143477,14.159524424103385,-18.619920082439563,2.984175257935237e-19
1787278859.838978,resting,fast,1787278739.9715214,-247.52690035250043,-186.83601849080094,1351.3964358612766,14.012701386808889,-18.564517526437356,2.9817850777305343e-19
1787278859.850035,resting,fast,1787278739.9715214,-246.42778235628748,-186.07615346210503,1350.0477920622825,13.955711509656783,-18.48208367672141,2.9782165613691896e-19
1787278859.8608272,resting,fast,1787278739.9715214,-246.79171454364905,-187.50009687587146,1350.7058365258717,14.062507265689295,-18.509378590773522,2.980106580400534e-19
1787278859.8722963,resting,fast,1787278739.9715214,-247.7865301194065,-188.82249605083996,1347.6214094502584,14.161687203812154,-18.583989758955454,2.979157682704105e-19
1787278859.8835435,resting,fast,1787278739.9715214,-248.54558222408696,-189.37647029312018,1345.2337422848514,14.20323527198298,-18.64091866680635,2.9780021456381476e-19
1787278859.8940344,resting,fast,1787278739.9715214,-247.85042409849166,-188.7437897919839,1343.980063556647,14.155784234397562,-18.588781807386596,2.9727454451785706e-19
1787278859.9055698,resting,fast,1787278739.9715214,-247.08594133576344,-188.81066548174465,1346.6169633901254,14.160799911129576,-18.531445600182067,2.9760382007736474e-19
1787278859.9167213,resting,fast,1787278739.9715214,-245.93851513332584,-187.20591908768472,1349.4066432105565,14.040443931575115,-18.44538863499924,2.975451740227457e-19
1787278859.927414,resting,fast,1787278739.9715214,-246.7680337422221,-187.16417836740254,1349.8161003722898,14.03731337755406,-18.507602530666652,2.9748514054109688e-19
1787278859.9388993,resting,fast,1787278739.9715214,-247.02698049383207,-186.34925168120947,1347.185631175159,13.976193876089457,-18.527023537037323,2.9723589603793567e-19
1787278859.949988,resting,fast,1787278739.9715214,-248.29685496201046,-187.5959373772779,1348.0289848533876,14.069695303294797,-18.622264122150526,2.9750945437863844e-19
1787278859.9605525,resting,fast,1787278739.9715214,-248.54324613117888,-186.56801366352886,1351.2081560091747,13.992601024763605,-18.640743459838376,2.9806548893915868e-19
1787278859.9718528,resting,fast,1787278739.9715214,-250.05061090013487,-188.03738493559888,1356.9075146015703,14.102803870168874,-18.753795817509946,2.9806102867724666e-19
1787278859.9833028,resting,fast,1787278739.9715214,-248.65640618362386,-186.69191862193168,1351.7865318424547,14.001893896643356,-18.649230463771467,2.976821504522033e-19
1787278859.993935,resting,fast,1787278739.9715214,-248.47648651856935,-187.82720427171046,1354.152050037551,14.08704032037733,-18.635736488892547,2.9774482971814684e-19
1787278860.0054576,resting,fast,1787278739.9715214,-248.37506827517473,-187.0156628823148,1354.9774792616217,14.026174716172637,-18.628130120637863,2.9822479548485634e-19
1787278860.0165856,resting,fast,1787278739.9715214,-248.96529587864234,-188.11337196729335,1356.514534930534,14.108502897545637,-18.672397190897883,2.9820929694341495e-19
1787278860.0273614,resting,fast,1787278739.9715214,-248.3992601871255,-186.82445289324744,1349.8100004042853,14.011833966992572,-18.629944514034158,2.978177519796492e-19
1787278860.0387602,resting,fast,1787278739.9715214,-246.34985833020573,-185.8402126057632,1343.994323989914,13.938015945430895,-18.47623937476539,2.9733803435722403e-19
1787278860.0498602,resting,fast,1787278739.9715214,-246.2720014894653,-184.93695781522717,1345.486425898137,13.870271836141061,-18.470400111710013,2.973231643483269e-19
1787278860.060496,resting,fast,1787278739.9715214,-246.04930924106293,-184.43250799919508,1348.9512268738117,13.832438099938376,-18.453698193079575,2.9729816824501345e-19
1787278860.0719826,resting,fast,1787278739.9715214,-246.16761581517812,-183.60158981668462,1348.334125649536,13.77011923625027,-18.462571186138234,2.971602636116805e-19
1787278860.082957,resting,fast,1787278739.9715214,-246.80336659430532,-183.90735081424702,1346.8614056262695,13.79305131106749,-18.510252494572647,2.973246532514283e-19
1787278860.0938227,resting,fast,1787278739.9715214,-247.14434672569814,-184.2162283410495,1347.5220235558654,13.816217125577783,-18.53582600442725,2.9736948163098875e-19
1787278860.1053286,resting,fast,1787278739.9715214,-248.87786062041823,-185.4269076582292,1351.9511674029482,13.90701807436621,-18.66583954653121,2.980515678840044e-19
1787278860.1165054,resting,fast,1787278739.9715214,-248.99734063787992,-185.13007519364112,1354.9917659885768,13.884755639521902,-18.674800547840825,2.977490437700243e-19
1787278860.1270943,resting,fast,1787278739.9715214,-249.3690293602499,-186.6583578763756,1351.146971804831,13.999376840727141,-18.70267720201859,2.9756343402310663e-19
1787278860.1385999,resting,fast,1787278739.9715214,-247.89614159297662,-186.9172794151376,1345.9999542464311,14.018795956134003,-18.59221061947298,2.969597650070925e-19
1787278860.1524909,resting,fast,1787278739.9715214,-247.45641860955902,-188.22555337948336,1344.982630186777,14.116916503460235,-18.55923139571668,2.973167762321959e-19
1787278860.1605437,resting,fast,1787278739.9715214,-246.5206813345717,-187.5225800320926,1347.2442563149316,14.06419350240579,-18.48905110009259,2.975873690508502e-19
1787278860.171337,resting,fast,1787278739.9715214,-247.54114465361772,-188.10084838501677,1354.1815120774927,14.107563628875116,-18.565585849021048,2.97903243050373e-19
1787278860.185007,resting,fast,1787278739.9715214,-246.44286601933845,-187.7325075400148,1351.87003027415,14.079938065499821,-18.483214951450393,2.976961472720154e-19
1787278860.1936967,resting,fast,1787278739.9715214,-246.61275928256282,-187.63373945914702,1351.3887300409178,14.072530459435104,-18.49595694619199,2.9752936152687364e-19
1787278860.205126,resting,fast,1787278739.9715214,-244.82587341909175,-186.14705277601422,1345.0229863235063,13.961028958199936,-18.361940506431708,2.9717683816626565e-19
1787278860.2188525,resting,fast,1787278739.9715214,-246.05503455304415,-185.42927250438186,1344.909298528225,13.9071954378275,-18.454127591478155,2.9724953480327795e-19
1787278860.2272618,resting,fast,1787278739.9715214,-243.89580570146472,-183.86306816437184,1340.9340463739327,13.789730112326598,-18.292185427609553,2.9664939653145785e-19
1787278860.2385538,resting,fast,1787278739.9715214,-246.0585862496141,-184.5553097656276,1344.4811961720616,13.841648232420827,-18.454393968720936,2.9682644660554383e-19
1787278860.2520194,resting,fast,1787278739.9715214,-245.20222391410834,-184.34833762789629,1346.396379120949,13.82612532209119,-18.39016679355788,2.9680807893442633e-19
1787278860.260348,resting,fast,1787278739.9715214,-247.30612852443437,-186.5645012951544,1347.2104827022986,13.992337597135478,-18.547959639332547,2.97399457179719e-19
1787278860.2719812,resting,fast,1787278739.9715214,-244.991063745701,-185.01689526157622,1341.1391386392434,13.876267144616907,-18.374329780927326,2.968975512506708e-19
1787278860.2851048,resting,fast,1787278739.9715214,-246.00271234483398,-185.23288374953233,1342.0110720047442,13.892466281213633,-18.4502034258623,2.969142230811413e-19
1787278860.293636,resting,fast,1787278739.9715214,-245.45931497394167,-184.6161837668618,1344.6443673672356,13.846213782513363,-18.40944862304542,2.973092799419422e-19
1787278860.305035,resting,fast,1787278739.9715214,-246.10011018336127,-185.7407533875006,1351.7252407142832,13.930556504061403,-18.45750826375199,2.9792678907154186e-19
1787278860.3184452,resting,fast,1787278739.9715214,-245.59509635783024,-184.69703516792276,1349.4345409748357,13.852277637593023,-18.419632226837038,2.977614922190406e-19
1787278860.3270016,resting,fast,1787278739.9715214,-245.1033710045299,-184.7520730743978,1345.5910867544053,13.856405480578704,-18.382752825339658,2.97030421501879e-19
1787278860.3385963,resting,fast,1787278739.9715214,-244.7150066791387,-184.6297759335215,1340.0603842324554,13.84723319501271,-18.35362550093494,2.967876872043574e-19
1787278860.351806,resting,fast,1787278739.9715214,-244.5511268045907,-186.04051803756818,1340.2287674078116,13.953038852816352,-18.34133451034407,2.9711638846454625e-19
1787278860.3603582,resting,fast,1787278739.9715214,-245.5100119486001,-186.57849600709153,1341.0497527336183,13.993387200530638,-18.41325089614501,2.9759214002283775e-19
1787278860.3714278,resting,fast,1787278739.9715214,-246.71382730591586,-186.64415230688212,1344.3190280418976,13.99831142301483,-18.50353704794361,2.972966567428024e-19
1787278860.384955,resting,fast,1787278739.9715214,-246.8246885487738,-186.04607287423153,1346.8356247721194,13.953455465566211,-18.51185164115774,2.9714225900044795e-19
1787278860.3936436,resting,fast,1787278739.9715214,-247.32327729141662,-186.61610298570406,1349.315237180016,13.996207723926663,-18.54924579685602,2.971416141471327e-19
1787278860.4050226,resting,fast,1787278739.9715214,-248.39168535079853,-186.80874607977387,1352.686343042743,14.010655955981978,-18.629376401309578,2.9776769063098176e-19
1787278860.4176955,resting,fast,1787278739.9715214,-249.26291492488372,-187.5774577710623,1351.7047967438748,14.068309332828438,-18.694718619365972,2.9778434448854517e-19
1787278860.427122,resting,fast,1787278739.9715214,-249.31843956964394,-185.79602278876507,1349.5516992882121,13.93470170915609,-18.6988829677232,2.978061943834832e-19
1787278860.4382212,resting,fast,1787278739.9715214,-248.23440989229448,-185.94891157138102,1345.975912679639,13.94616836785244,-18.617580741922104,2.9749358532635254e-19
1787278860.4508986,resting,fast,1787278739.9715214,-246.82445505362875,-186.17411582430316,1346.5892698714497,13.9630586868216,-18.511834129021878,2.9761952545479765e-19
1787278860.4599762,resting,fast,1787278739.9715214,-247.22948697843776,-186.21526285776883,1349.8391084848035,13.96614471433168,-18.542211523382633,2.9765973471966563e-19
1787278860.4710846,resting,fast,1787278739.9715214,-246.72923794341523,-185.29276191224506,1346.6913642917507,13.896957143417314,-18.504692845756026,2.973594310603292e-19
1787278860.4830801,resting,fast,1787278739.9715214,-247.260985047345,-185.02283005398306,1345.9990827006723,13.87671225404765,-18.54457387855072,2.9695287849425103e-19
1787278860.4934576,resting,fast,1787278739.9715214,-244.68701982103676,-185.53447717263168,1345.174795391048,13.915085787946271,-18.351526486577434,2.9688851460847615e-19
1787278860.504831,resting,fast,1787278739.9715214,-244.0118864370893,-186.39610758773017,1346.919059567027,13.979708069078416,-18.300891482781395,2.970182122051669e-19
1787278860.5167806,resting,fast,1787278739.9715214,-243.99687963591577,-185.93772418441938,1348.6182148181406,13.945329313830175,-18.299765972693393,2.974895297801381e-19
1787278860.5269039,resting,fast,1787278739.9715214,-244.85162281687235,-186.44248741959848,1346.2155522249823,13.983186556468457,-18.36387171126519,2.973998102445905e-19
1787278860.538124,resting,fast,1787278739.9715214,-245.41934673659443,-186.0114321396735,1348.8576980846983,13.95085741047443,-18.40645100524428,2.9777635339936605e-19
1787278860.549543,resting,fast,1787278739.9715214,-245.07582966450218,-185.88764039797695,1347.0132297083337,13.941573029847095,-18.38068722483753,2.9738531228265283e-19
1787278860.5603933,resting,fast,1787278739.9715214,-244.8919505482695,-186.28552400105457,1345.1931377527426,13.971414300078155,-18.366896291119936,2.9697406700354363e-19
1787278860.571593,resting,fast,1787278739.9715214,-245.21694966331006,-187.11992545497662,1341.8924971106908,14.033994409122233,-18.391271224748067,2.96592139116294e-19
1787278860.5821412,resting,fast,1787278739.9715214,-246.77306124865163,-187.1855540677708,1347.1212490465177,14.038916555081702,-18.507979593648606,2.969765938730148e-19
1787278860.5934145,resting,fast,1787278739.9715214,-246.90795610956366,-185.36431937777968,1346.4776583173816,13.902323953332047,-18.518096708217,2.9712517113803015e-19
1787278860.6048136,resting,fast,1787278739.9715214,-247.78531291618083,-185.6837581710082,1352.786556811171,13.926281862824428,-18.583898468713244,2.975262898048815e-19
1787278860.6169758,resting,fast,1787278739.9715214,-246.8736086825552,-185.6979109719806,1347.8279708236596,13.927343322897304,-18.515520651191295,2.9731043592679195e-19
1787278860.6265955,resting,fast,1787278739.9715214,-246.68370335294412,-186.4352231345864,1349.346302245479,13.982641735092873,-18.501277751470667,2.976625541402598e-19
1787278860.637768,resting,fast,1787278739.9715214,-246.28077633821295,-185.8206424437809,1346.149025942671,13.936548183282287,-18.471058225365994,2.9758851687875517e-19
1787278860.6486795,resting,fast,1787278739.9715214,-246.06868402844384,-186.30275923284023,1343.3503139054437,13.972706942462015,-18.45515130213294,2.9732301353538855e-19
1787278860.659718,resting,fast,1787278739.9715214,-247.2944293842952,-185.99153813412147,1348.85602433226,13.949365360057872,-18.547082203821837,2.974175161186693e-19
1787278860.6708627,resting,fast,1787278739.9715214,-247.34559731120362,-186.19072308093325,1348.1858483635287,13.964304231068642,-18.55091979834024,2.974239387744626e-19
1787278860.6820343,resting,fast,1787278739.9715214,-246.95218231192348,-185.5842970101404,1348.445181510545,13.918822275759158,-18.521413673394058,2.9744473378047973e-19
1787278860.6933622,resting,fast,1787278739.9715214,-245.65161396950816,-185.04802578530314,1341.9459385292948,13.878601933896523,-18.423871047712964,2.9710689056984346e-19
1787278860.7046964,resting,fast,1787278739.9715214,-244.81508135013019,-184.80234094837976,1342.3472741811684,13.86017557112746,-18.361131101259602,2.9711819509848005e-19
1787278860.716113,resting,fast,1787278739.9715214,-245.0651067920021,-186.7618532130747,1344.5902039314724,14.00713899097946,-18.379883009399947,2.972051231683488e-19
1787278860.726649,resting,fast,1787278739.9715214,-245.79853275101732,-188.89093594415328,1346.1014021384153,14.166820195810264,-18.434889956326217,2.9700834086376938e-19
1787278860.738063,resting,fast,1787278739.9715214,-245.9912595772671,-188.49092753939647,1345.6442246898341,14.136819565453496,-18.44934446829491,2.9717181236068154e-19
1787278860.749196,resting,fast,1787278739.9715214,-245.87026468636896,-186.46096423725805,1343.3992830885318,13.984572317793184,-18.440269851477417,2.968133688053421e-19
1787278860.7599514,resting,fast,1787278739.9715214,-245.86385059910072,-185.80657033491218,1344.0585937322876,13.935492775117059,-18.439788794932568,2.969741640149187e-19
1787278860.7712338,resting,fast,1787278739.9715214,-246.294492547117,-185.33488162902893,1343.9759812713664,13.900116122176104,-18.472086941033716,2.967655495651579e-19
1787278860.7818596,resting,fast,1787278739.9715214,-246.187821430874,-185.79312531616176,1344.2878770658253,13.934484398710698,-18.464086607315338,2.971691608364775e-19
1787278860.7929523,resting,fast,1787278739.9715214,-246.2033009399861,-184.49604139308178,1343.1268278220423,13.837203104479816,-18.46524757049864,2.973620729343017e-19
1787278860.8040936,resting,fast,1787278739.9715214,-246.06625159879923,-185.875520729203,1344.548060055312,13.940664054689027,-18.454968869909578,2.9758085262244525e-19
1787278860.8159482,resting,fast,1787278739.9715214,-246.82586747563118,-186.53221874029953,1346.2550705760032,13.989916405521246,-18.511940060672153,2.97602976284895e-19
1787278860.8266773,resting,fast,1787278739.9715214,-246.25374543446605,-186.31700821923494,1347.001535622253,13.973775616441419,-18.469030907584667,2.975254250037886e-19
1787278860.8379922,resting,fast,1787278739.9715214,-245.8416779887816,-186.37636567408356,1344.091161138561,13.978227425555065,-18.43812584915858,2.9720709418063716e-19
1787278860.8493543,resting,fast,1787278739.9715214,-244.759399615466,-184.7498972187965,1342.6320267308865,13.856242291408524,-18.35695497115975,2.971097020203972e-19
1787278860.859959,resting,fast,1787278739.9715214,-243.8032932840929,-185.38663150329955,1343.0755673518333,13.903997362746185,-18.28524699630686,2.9696906587145806e-19
1787278860.8711772,resting,fast,1787278739.9715214,-244.3071503267879,-184.99427061815265,1345.2756287719048,13.874570296360336,-18.323036274509136,2.9748626161673885e-19
1787278860.8833244,resting,fast,1787278739.9715214,-244.8109026139823,-186.35605756827488,1344.0648462986328,13.976704317619625,-18.360817696048535,2.9724935404588126e-19
1787278860.8933144,resting,fast,1787278739.9715214,-246.02380836223847,-184.54615201865056,1345.8619787843427,13.840961401397553,-18.451785627167794,2.9725787852420634e-19
1787278860.904556,resting,fast,1787278739.9715214,-245.30251672487748,-184.31924432811377,1342.8054485493203,13.82394332460726,-18.397688754365774,2.9658245536194216e-19
1787278860.915972,resting,fast,1787278739.9715214,-245.36595249480115,-184.09577295839142,1346.223897138053,13.807182971878095,-18.40244643710963,2.971577454709343e-19
1787278860.926507,resting,fast,1787278739.9715214,-244.67884379430552,-185.74986772940144,1342.9643394698096,13.931240079703972,-18.35091328457264,2.9704202120346597e-19
1787278860.9378788,resting,fast,1787278739.9715214,-245.1049231818156,-186.06245091804783,1345.3398674302725,13.954683818852263,-18.38286923863609,2.9742448751863605e-19
1787278860.9493763,resting,fast,1787278739.9715214,-245.64801821551873,-187.38570080023726,1343.4899783291012,14.053927560016437,-18.423601366163773,2.971353706587307e-19
1787278860.9597049,resting,fast,1787278739.9715214,-246.04968983233766,-187.4711974260955,1343.1748446755764,14.06033980695604,-18.453726737425143,2.9715632942285454e-19
1787278860.9712212,resting,fast,1787278739.9715214,-244.54387334877947,-186.54753217277255,1339.103262898555,13.99106491295679,-18.340790501158374,2.9665961933332034e-19
1787278860.9819758,resting,fast,1787278739.9715214,-244.39678505815982,-185.26647634991093,1341.4631109484208,13.894985726242215,-18.32975887936182,2.969238965684078e-19
1787278860.993044,resting,fast,1787278739.9715214,-244.9377089232562,-185.37112940493137,1341.8681995153192,13.902834705368623,-18.370328169244033,2.968986868967576e-19
1787278861.0045052,resting,fast,1787278739.9715214,-245.962314084461,-186.12771547143177,1343.5475906391266,13.95957866035636,-18.447173556334178,2.970345788159976e-19
1787278861.0160604,resting,fast,1787278739.9715214,-245.07806722398846,-185.04628087549816,1341.2525660267538,13.878471065661248,-18.380855041798895,2.969435372712718e-19
1787278861.0263045,resting,fast,1787278739.9715214,-244.82924684570162,-184.93543698361884,1344.650671980232,13.870157773770178,-18.36219351342757,2.970941023244062e-19
1787278861.037621,resting,fast,1787278739.9715214,-245.04275318816553,-184.25983275783085,1345.877802365544,13.819487456836345,-18.37820648911225,2.970272976632498e-19
1787278861.0494409,resting,fast,1787278739.9715214,-245.95993769525603,-186.7654303969988,1349.11273395638,14.007407279773634,-18.446995327144244,2.972922095745605e-19
1787278861.0596457,resting,fast,1787278739.9715214,-246.73754952765512,-187.84997888226656,1350.0183560054402,14.088748416168944,-18.505316214574137,2.9757410542051025e-19
1787278861.0708191,resting,fast,1787278739.9715214,-246.10334209892653,-188.71885921345995,1346.8767932594774,14.153914441008244,-18.457750657419133,2.975908595603322e-19
1787278861.082544,resting,fast,1787278739.9715214,-245.15573051783076,-186.6700125469207,1340.4726509215225,14.000250941017871,-18.38667978883729,2.966376050065229e-19
1787278861.0928123,resting,fast,1787278739.9715214,-244.07309015047167,-185.82702964421117,1339.7454691239882,13.937027223314775,-18.3054817612852,2.962570466824219e-19
1787278861.1045146,resting,fast,1787278739.9715214,-245.47962611196135,-186.522184857124,1346.19701059831,13.989163864283217,-18.410971958396956,2.969106141898715e-19
1787278861.1153667,resting,fast,1787278739.9715214,-246.27669734549954,-188.18815510739216,1352.0841031453629,14.114111633053572,-18.47075230091218,2.97889340317716e-19
1787278861.12612,resting,fast,1787278739.9715214,-246.31388756024035,-187.8792899867923,1347.9198062050828,14.0909467490083,-18.473541567017904,2.977251755545057e-19
1787278861.137418,resting,fast,1787278739.9715214,-244.424625408667,-186.58490724503383,1339.7816839028828,13.993868043376498,-18.331846905649947,2.968396751400243e-19
1787278861.1497502,resting,fast,1787278739.9715214,-244.37255345172753,-184.51328599927626,1339.971394338122,13.838496449944746,-18.327941508879412,2.9656939362164864e-19
1787278861.1594553,resting,fast,1787278739.9715214,-244.99040618486788,-185.24100103954072,1341.091316454017,13.8930750779645,-18.374280463864864,2.970541793966864e-19
1787278861.1706996,resting,fast,1787278739.9715214,-245.92860766516924,-183.96291521070282,1346.7862648318924,13.797218640801692,-18.44464557488766,2.9743047868861795e-19
1787278861.1828957,resting,fast,1787278739.9715214,-246.02896519393335,-185.2802182028371,1344.6798452497105,13.896016365211668,-18.452172389544884,2.973452335210913e-19
1787278861.1927414,resting,fast,1787278739.9715214,-245.11099101295576,-184.11066675649715,1344.0712493703168,13.808300006735866,-18.383324325971543,2.9703601697197105e-19
1787278861.2041898,resting,fast,1787278739.9715214,-244.82670219237252,-184.83839370823023,1342.5767411011502,13.862879528115815,-18.362002664427806,2.96863537741606e-19
1787278861.2157414,resting,fast,1787278739.9715214,-245.2328285931094,-185.26917531536958,1344.2126851779585,13.895188148651844,-18.392462144483034,2.9741996385347053e-19
1787278861.226342,resting,fast,1787278739.9715214,-244.94160352342215,-185.06701994014531,1345.252022546364,13.88002649550953,-18.370620264256445,2.9750500308253583e-19
1787278861.2375255,resting,fast,1787278739.9715214,-245.28562141884913,-186.21984974251757,1343.7962183164718,13.966488730687548,-18.396421606413554,2.9761019238299546e-19
1787278861.2484674,resting,fast,1787278739.9715214,-244.22916215830674,-184.9480516867253,1342.8528720679415,13.871103876503131,-18.317187161872916,2.9711528570677623e-19
1787278861.2593822,resting,fast,1787278739.9715214,-245.24462254049604,-185.89041421583522,1341.4879607303455,13.941781066186454,-18.39334669053708,2.973021942955434e-19
1787278861.270868,resting,fast,1787278739.9715214,-245.82871070766168,-185.58303654253007,1345.0507001288906,13.918727740688329,-18.437153303074645,2.973964231613371e-19
1787278861.282847,resting,fast,1787278739.9715214,-245.9140538299821,-188.04099537002583,1344.095992770196,14.103074652750681,-18.443554037248575,2.972034209727092e-19
1787278861.29264,resting,fast,1787278739.9715214,-246.29772911961072,-188.77661121645463,1345.9400186450976,14.158245841233242,-18.472329683970898,2.971997057555459e-19
1787278861.3040695,resting,fast,1787278739.9715214,-246.12575738814712,-186.11676386278043,1346.7071014155563,13.958757289707652,-18.459431804110842,2.9713897691137344e-19
1787278861.3158958,resting,fast,1787278739.9715214,-247.33232125213863,-184.27772796207103,1348.2997457085648,13.820829597154361,-18.54992409391017,2.9732869430415113e-19
1787278861.3256714,resting,fast,1787278739.9715214,-246.79930068426756,-183.9735194753615,1348.8522182495135,13.79801396065118,-18.509947551319826,2.9741804021057584e-19
1787278861.3369884,resting,fast,1787278739.9715214,-247.26127003036663,-186.55904408032063,1348.3910214358593,13.99192830602276,-18.544595252277396,2.9749108847210707e-19
1787278861.3486075,resting,fast,1787278739.9715214,-246.25561436059388,-185.8867330579452,1346.926865161874,13.941504979344831,-18.4691710770444,2.971719463336328e-19
1787278861.3591714,resting,fast,1787278739.9715214,-246.38723826208343,-185.88025963836128,1344.918593845664,13.94101947287611,-18.479042869656084,2.966853093897532e-19
1787278861.3704875,resting,fast,1787278739.9715214,-246.42875894207964,-186.08947147708375,1345.0277069741378,13.956710360780253,-18.482156920655882,2.969726273091339e-19
1787278861.3816934,resting,fast,1787278739.9715214,-247.11693117920868,-186.78444713079205,1345.3752324903135,14.008833534808307,-18.53376983844072,2.97461676260682e-19
1787278861.3926227,resting,fast,1787278739.9715214,-247.51844679723263,-186.32021225216033,1347.9376691152347,13.974015918910741,-18.563883509792163,2.9814962605848957e-19
1787278861.4039514,resting,fast,1787278739.9715214,-246.39091926929223,-186.09060070448106,1343.0688772701587,13.95679505283471,-18.479318945196816,2.978828246701495e-19
1787278861.415464,resting,fast,1787278739.9715214,-246.01985864331755,-186.06636441135072,1340.8092668666714,13.954977330850188,-18.451489398248732,2.974960237386429e-19
1787278861.4260144,resting,fast,1787278739.9715214,-246.42931180622736,-184.38788543067915,1339.106643357697,13.829091407299831,-18.482198385467093,2.972253027191335e-19
1787278861.437275,resting,fast,1787278739.9715214,-246.65731117720088,-182.94978183275896,1340.2850918794074,13.721233637455715,-18.49929833828989,2.967982433691562e-19
1787278861.4485443,resting,fast,1787278739.9715214,-246.99042409509593,-183.32441090880195,1343.8080612399326,13.749330818158999,-18.52428180713205,2.968977553851893e-19
1787278861.4594672,resting,fast,1787278739.9715214,-244.95510666582913,-183.25084190350788,1345.6085381032053,13.743813142761955,-18.371632999937034,2.965158525046004e-19
1787278861.4705338,resting,fast,1787278739.9715214,-245.17296838747234,-183.42641121751592,1347.9024094952629,13.756980841312387,-18.387972629060258,2.9667468705058122e-19
1787278861.4813805,resting,fast,1787278739.9715214,-245.5076609340408,-183.8705904636182,1348.757306260587,13.79029428477023,-18.413074570052785,2.968093181381532e-19
1787278861.4926827,resting,fast,1787278739.9715214,-246.8184835628158,-184.96431185008316,1346.2570208987645,13.872323388755195,-18.511386267210767,2.9704412788257216e-19
1787278861.5039163,resting,fast,1787278739.9715214,-246.87742287060928,-185.8694878076791,1344.5134484738874,13.940211585574833,-18.51580671529571,2.973627403516188e-19
1787278861.5150194,resting,fast,1787278739.9715214,-245.5908695749681,-184.1574912953521,1340.2354181115998,13.811811847150313,-18.419315218122506,2.970162851172718e-19
1787278861.52597,resting,fast,1787278739.9715214,-245.8188734077935,-183.5438119117406,1339.980377544619,13.765785893379121,-18.436415505584336,2.967486698776171e-19
1787278861.5371585,resting,fast,1787278739.9715214,-245.58516049453783,-182.99195263527656,1343.4116350631366,13.724396447644612,-18.418887037090172,2.96860471411477e-19
1787278861.5482757,resting,fast,1787278739.9715214,-245.70057809281434,-184.0973103005366,1343.2140396899222,13.807298272538905,-18.427543356960967,2.968480872529986e-19
1787278861.559325,resting,fast,1787278739.9715214,-245.55041829749143,-186.04362887681975,1345.3412477273587,13.953272165760215,-18.416281372311616,2.9750223707874477e-19
1787278861.5704358,resting,fast,1787278739.9715214,-245.69399825315077,-186.78304132979645,1341.4526557602521,14.008728099733563,-18.427049868986316,2.9713715724189856e-19
1787278861.5814598,resting,fast,1787278739.9715214,-246.4018893210473,-186.34100519259493,1346.9110886323751,13.975575389443367,-18.480141699078075,2.9769565502662197e-19
1787278861.5923495,resting,fast,1787278739.9715214,-244.45921809885613,-184.47660267009235,1341.020380379322,13.835745200255861,-18.33444135741418,2.9689339956694945e-19
1787278861.6038914,resting,fast,1787278739.9715214,-243.70935261357454,-184.03524926838884,1339.7723368098077,13.802643695127973,-18.278201446017974,2.9698988312125905e-19
1787278861.614792,resting,fast,1787278739.9715214,-243.00185849556738,-182.76089374036985,1338.065546556133,13.70706703052635,-18.225139387167538,2.9693249461651356e-19
1787278861.625793,resting,fast,1787278739.9715214,-244.19509805790995,-183.75973251564494,1341.827683355942,13.781979938672169,-18.314632354343104,2.9722219633073055e-19
1787278861.6369905,resting,fast,1787278739.9715214,-244.06740539018438,-185.14364317970887,1342.3158946456779,13.885773238476862,-18.305055404263527,2.9730990516047387e-19
1787278861.6480277,resting,fast,1787278739.9715214,-244.41009531057125,-186.7719471885115,1339.63764525245,14.007896039137197,-18.330757148292868,2.969736736713264e-19
1787278861.6592596,resting,fast,1787278739.9715214,-244.8101071554088,-186.46021193521358,1340.424336475974,13.984515895139712,-18.36075803665551,2.9683442736011642e-19
1787278861.6703286,resting,fast,1787278739.9715214,-246.50376772489426,-184.60674320910937,1345.984367781396,13.845505740682132,-18.48778257936688,2.9667002874113533e-19
1787278861.6814897,resting,fast,1787278739.9715214,-247.4049189258444,-184.9303561567798,1348.0245393170362,13.869776711757215,-18.55536891943801,2.968268755977813e-19
1787278861.6925402,resting,fast,1787278739.9715214,-248.2922602502581,-185.42356657870585,1347.0458067489099,13.906767493401933,-18.62191951876924,2.970260475044022e-19
1787278861.7036738,resting,fast,1787278739.9715214,-247.74473304240428,-186.44880196618408,1342.491910160742,13.983660147462619,-18.580854978180056,2.9720035494909525e-19
1787278861.714532,resting,fast,1787278739.9715214,-247.06579200330862,-186.13568928459551,1340.704708480519,13.96017669634357,-18.529934400247924,2.97115693108128e-19
1787278861.725846,resting,fast,1787278739.9715214,-247.58463402699772,-186.60244680560106,1343.521323244623,13.995183510418858,-18.568847552024707,2.9753595765370135e-19
1787278861.7369764,resting,fast,1787278739.9715214,-246.96321269591635,-185.99779331402044,1345.2632538609078,13.949834498550349,-18.52224095219357,2.9743743953752003e-19
1787278861.7480721,resting,fast,1787278739.9715214,-246.3618664639357,-186.13868207383496,1344.7578613104388,13.960401155536548,-18.477139984795095,2.9702803350006384e-19
1787278861.7588093,resting,fast,1787278739.9715214,-244.6186474188048,-185.54340477176254,1340.3017592887854,13.915755357881043,-18.346398556410243,2.9667519164771317e-19
1787278861.7700992,resting,fast,1787278739.9715214,-244.86033880603964,-186.4752020143136,1337.5917326974604,13.985640151072179,-18.364525410452842,2.967429804894065e-19
1787278861.7809756,resting,fast,1787278739.9715214,-245.3372073374153,-186.21963081574097,1340.2499726479973,13.966472311179235,-18.400290550306153,2.97002281212099e-19
1787278861.7918744,resting,fast,1787278739.9715214,-247.0645876886142,-186.2698346275646,1348.9210743365174,13.970237597066191,-18.529844076646107,2.9719764709631794e-19
1787278861.8030703,resting,fast,1787278739.9715214,-247.08008664988802,-187.05036271528945,1351.5836450663091,14.028777203645465,-18.53100649874142,2.974677571178905e-19
1787278861.8140721,resting,fast,1787278739.9715214,-247.51082303196517,-187.58409314179187,1350.5320392377662,14.068806985633334,-18.56331172739727,2.9761186956454695e-19
1787278861.8255985,resting,fast,1787278739.9715214,-246.83270789978678,-187.37630952599295,1347.8953640870122,14.053223214448582,-18.51245309248401,2.9742913712723505e-19
1787278861.8369052,resting,fast,1787278739.9715214,-247.51818800253795,-186.1881449002077,1347.9623976029297,13.96411086751441,-18.563864100190088,2.973640895349621e-19
1787278861.8476555,resting,fast,1787278739.9715214,-247.74452070014422,-185.80480115876128,1350.1120169046453,13.93536008690582,-18.580839052510733,2.9760711002964413e-19
1787278861.8588548,resting,fast,1787278739.9715214,-246.33164990061005,-184.1829896926812,1348.17687188143,13.813724226950118,-18.474873742545583,2.9763899191999423e-19
1787278861.870021,resting,fast,1787278739.9715214,-246.6873940372384,-184.1586125983448,1350.231658536105,13.811895944874781,-18.501554552792605,2.977835034511627e-19
1787278861.88086,resting,fast,1787278739.9715214,-245.8888331531257,-183.99386109046475,1352.5343374145787,13.799539581783723,-18.441662486484148,2.976367066885078e-19
1787278861.8919945,resting,fast,1787278739.9715214,-249.58575490849353,-186.75663635343255,1353.9908016623003,14.006747726506337,-18.718931618136743,2.9738597352848094e-19
1787278861.9031231,resting,fast,1787278739.9715214,-248.71703442077205,-186.68169386047919,1352.965691141998,14.00112703953464,-18.653777581557947,2.970308444482998e-19
1787278861.9138753,resting,fast,1787278739.9715214,-249.5743694545149,-186.81631527208503,1351.0857008680641,14.011223645405355,-18.71807770908866,2.9716657266360446e-19
1787278861.9253182,resting,fast,1787278739.9715214,-247.206338988271,-185.96722137757035,1351.358117317789,13.947541603316882,-18.540475424120032,2.977289096810842e-19
1787278861.9366724,resting,fast,1787278739.9715214,-247.00204954700575,-186.98579350839634,1350.55492915394,14.023934513128399,-18.52515371602533,2.9790433273270323e-19
1787278861.947473,resting,fast,1787278739.9715214,-247.53679921104458,-186.6827854598215,1350.616759323676,14.001208909485303,-18.56525994082834,2.976433241624239e-19
1787278861.958736,resting,fast,1787278739.9715214,-246.21775060552545,-186.0460498053627,1348.6117664175772,13.953453735401087,-18.46633129541437,2.969982096805404e-19
1787278861.969913,resting,fast,1787278739.9715214,-247.13815061872492,-186.14266524055517,1349.7428734172472,13.960699893040701,-18.535361296404353,2.9691883204037052e-19
1787278861.9806328,resting,fast,1787278739.9715214,-246.41782559408557,-187.41560522530665,1348.5854676433673,14.056170391896917,-18.481336919556213,2.9707263316065207e-19
1787278861.9920638,resting,fast,1787278739.9715214,-248.78346553297933,-188.710404365332,1355.723842094695,14.15328032739885,-18.658759914973395,2.9791219364370197e-19
1787278862.003186,resting,fast,1787278739.9715214,-246.48150186467092,-187.52323101781474,1348.469089744075,14.064242326335052,-18.48611263985002,2.9747224709072723e-19
1787278862.013897,resting,fast,1787278739.9715214,-246.30843791231246,-186.90637441618117,1349.9595713996268,14.017978081212338,-18.47313284342333,2.97851821446451e-19
1787278862.0252812,resting,fast,1787278739.9715214,-245.55866486646255,-187.16109375648568,1345.2976100715814,14.037082031735213,-18.416899864984643,2.9716334165561684e-19
1787278862.0364857,resting,fast,1787278739.9715214,-246.48529911582636,-186.52644922622233,1349.8151595493719,13.989483691965578,-18.486397433686854,2.972769575985721e-19
1787278862.047355,resting,fast,1787278739.9715214,-246.23663477968103,-186.55939099923296,1348.0104423119983,13.991954324941322,-18.46774760847603,2.9650720646400024e-19
1787278862.0587285,resting,fast,1787278739.9715214,-245.7357169872871,-186.1971077367433,1344.081560801661,13.964783080254652,-18.43017877404646,2.965907286326107e-19
1787278862.0698926,resting,fast,1787278739.9715214,-246.68038919777655,-186.97702251368617,1345.987567187708,14.023276688525318,-18.50102918983317,2.968654933654751e-19
1787278862.0807514,resting,fast,1787278739.9715214,-248.40120735858227,-187.6830037960989,1350.74860302646,14.0762252847064,-18.63009055189343,2.9770224385563408e-19
1787278862.0920475,resting,fast,1787278739.9715214,-250.1257838363158,-188.67738265065861,1354.8684809475844,14.15080369879826,-18.75943378772361,2.980075181298086e-19
1787278862.1030862,resting,fast,1787278739.9715214,-250.87293733806973,-189.44598282701725,1355.6326517280768,14.208448712025191,-18.815470300355273,2.978824439501104e-19
1787278862.1140437,resting,fast,1787278739.9715214,-250.39536006606022,-188.70362149723667,1353.257848330245,14.152771612291492,-18.779652004954436,2.9755606475434514e-19
1787278862.1253557,resting,fast,1787278739.9715214,-249.30928902056758,-188.13025182842114,1351.0461267614364,14.109768887130532,-18.698196676542295,2.9743770121810514e-19
1787278862.1364925,resting,fast,1787278739.9715214,-248.90849286442926,-189.2329865060584,1350.7425959045077,14.192473987953552,-18.668136964831923,2.977580495170476e-19
1787278862.1473987,resting,fast,1787278739.9715214,-247.35409304166433,-189.34618478719642,1346.858754112117,14.200963859038541,-18.55155697812487,2.974146924448653e-19
1787278862.1586616,resting,fast,1787278739.9715214,-247.7294126254087,-189.05169680621464,1348.728823233022,14.178877260465075,-18.57970594690542,2.972830673505068e-19
1787278862.169866,resting,fast,1787278739.9715214,-247.54006441443698,-186.98009240805902,1349.6549356866572,14.02350693060328,-18.565504831082535,2.971798961108294e-19
1787278862.1806538,resting,fast,1787278739.9715214,-248.6407052478221,-185.59862236463266,1354.6785415560562,13.919896677346177,-18.64805289358658,2.9740493433868773e-19
1787278862.1913574,resting,fast,1787278739.9715214,-246.75490964597202,-183.09321134725803,1352.5145551007145,13.73199085104324,-18.506618223447994,2.973432903314816e-19
1787278862.2026286,resting,fast,1787278739.9715214,-245.86707114643878,-183.97941420174504,1349.676242912502,13.798456065129773,-18.44003033598254,2.9725090138647443e-19
1787278862.2139397,resting,fast,1787278739.9715214,-246.0008571509684,-183.818604112637,1347.163429097719,13.786395308446377,-18.450064286322245,2.972083720848352e-19
1787278862.2249255,resting,fast,1787278739.9715214,-248.46021467901437,-185.37436247540893,1353.1145539156996,13.903077185654414,-18.6345161009258,2.9769844545549107e-19
1787278862.2365122,resting,fast,1787278739.9715214,-249.08430755171094,-185.78672051565138,1353.4069543327942,13.9340040386728,-18.681323066377907,2.977662134365992e-19
1787278862.2469919,resting,fast,1787278739.9715214,-249.6746092635899,-186.77564867846593,1355.6465538143575,14.008173650883965,-18.725595694768828,2.980777466384796e-19
1787278862.258401,resting,fast,1787278739.9715214,-248.38143102584445,-187.0638812015942,1351.391653550797,14.02979109011844,-18.62860732693811,2.979798121985866e-19
1787278862.2697423,resting,fast,1787278739.9715214,-248.74629778300323,-186.1567999194425,1352.9193730347006,13.961759993956907,-18.655972333724954,2.9796183161610726e-19
1787278862.280332,resting,fast,1787278739.9715214,-248.7116338863284,-186.57477023015292,1355.1086927476053,13.993107767260287,-18.653372541474262,2.9789188519192505e-19
1787278862.291853,resting,fast,1787278739.9715214,-248.8904058665189,-186.95881503156886,1353.8723610867937,14.021911127366739,-18.666780439988635,2.9754517519191766e-19
1787278862.3030312,resting,fast,1787278739.9715214,-249.15938931557912,-187.75867894499095,1353.416608845987,14.081900920873156,-18.686954198668033,2.977088473584324e-19
1787278862.313542,resting,fast,1787278739.9715214,-248.64461428417917,-188.37745723775436,1351.340452102425,14.12830929283054,-18.648346071313348,2.976605862083217e-19
1787278862.3252213,resting,fast,1787278739.9715214,-248.89786601036712,-190.06907257768137,1353.7805110832132,14.25518044332502,-18.66733995077761,2.981503920793176e-19
1787278862.3363364,resting,fast,1787278739.9715214,-248.59008091793703,-189.56326118508935,1356.002437676846,14.21724458888082,-18.644256068845074,2.981103393088632e-19
1787278862.346873,resting,fast,1787278739.9715214,-249.01655284656272,-188.03067689959414,1355.3304910076067,14.102300767468524,-18.67624146349182,2.980013643919765e-19
1787278862.3580337,resting,fast,1787278739.9715214,-250.20676412987768,-186.60998294555168,1356.8218217574858,13.99574872091529,-18.76550730974067,2.97926883752773e-19
1787278862.3691225,resting,fast,1787278739.9715214,-250.26618406854732,-186.981356536843,1355.3216231246324,14.023601740262183,-18.76996380514091,2.976723678961698e-19
1787278862.3801155,resting,fast,1787278739.9715214,-249.32961319931155,-187.02867684625915,1355.647276542887,14.027150763468317,-18.69972098994817,2.9734559510097436e-19
1787278862.3914444,resting,fast,1787278739.9715214,-248.2540214740443,-186.6763541109409,1354.211052877422,14.000726558319545,-18.619051610553008,2.97171297463959e-19
1787278862.402889,resting,fast,1787278739.9715214,-246.38832678584322,-185.68429674344645,1346.8963832703002,13.926322255757345,-18.479124508937993,2.9678208097537164e-19
1787278862.4136314,resting,fast,1787278739.9715214,-247.42625049667504,-187.72738339948876,1348.5237589582057,14.079553754960319,-18.556968787250383,2.973881561326688e-19
1787278862.4250407,resting,fast,1787278739.9715214,-247.21417563048226,-188.4504605658509,1347.9948815589405,14.133784542437585,-18.541063172286215,2.9723815126788805e-19
1787278862.4363377,resting,fast,1787278739.9715214,-248.51848747239046,-188.80987909433122,1353.37911015189,14.160740932073995,-18.63888656042915,2.977116425064454e-19
1787278862.4468014,resting,fast,1787278739.9715214,-248.15580424212885,-187.97575774451877,1351.812243157453,14.09818183083765,-18.61168531815956,2.9783001383366133e-19
1787278862.4579504,resting,fast,1787278739.9715214,-247.80367177107246,-188.01568683017638,1350.5985015515862,14.101176512262132,-18.585275382830403,2.9767167658431886e-19
1787278862.4695516,resting,fast,1787278739.9715214,-248.72234040466492,-187.92879418411178,1349.8448187644399,14.094659563807216,-18.654175530349633,2.9767044926572987e-19
1787278862.4802675,resting,fast,1787278739.9715214,-248.31470958624732,-186.57478334492464,1348.2530754612335,13.993108750868178,-18.623603218968398,2.9720108267627996e-19
1787278862.4917138,resting,fast,1787278739.9715214,-249.1254978021111,-187.15014322723766,1350.9390214034001,14.036260742041723,-18.68441233515786,2.9760154235166545e-19
1787278862.5029192,resting,fast,1787278739.9715214,-248.45519574155924,-188.16224795059895,1353.923391709689,14.112168596293802,-18.634139680616713,2.975766601687603e-19
1787278862.513511,resting,fast,1787278739.9715214,-249.18745948213154,-189.88767246001078,1355.6475201522453,14.241575434499527,-18.689059461159886,2.9785466230775804e-19
1787278862.525045,resting,fast,1787278739.9715214,-247.50525112881724,-190.0060735633591,1348.4913539043346,14.250455517250689,-18.56289383466101,2.975336021633272e-19
1787278862.5356164,resting,fast,1787278739.9715214,-247.08965326310454,-189.37850299151899,1347.4312897517348,14.203387724362717,-18.53172399473295,2.9752310769735817e-19
1787278862.5467052,resting,fast,1787278739.9715214,-247.76892683125106,-190.01663224586844,1350.8287726120097,14.251247418439238,-18.582669512343905,2.973981381010273e-19
1787278862.5580847,resting,fast,1787278739.9715214,-249.21440109355308,-188.63317172402446,1356.784366369643,14.147487879300673,-18.691080082016448,2.977893263986878e-19
1787278862.5695343,resting,fast,1787278739.9715214,-249.47896170720605,-186.71129284473284,1356.7042576901686,14.003346963353938,-18.710922128040387,2.9755890872836036e-19
1787278862.580015,resting,fast,1787278739.9715214,-248.03291667481017,-186.16366862038956,1351.8639388161782,13.962275146527876,-18.602468750610697,2.9745511485377437e-19
1787278862.5914752,resting,fast,1787278739.9715214,-246.4143046866143,-187.30991818417567,1345.5737423050714,14.04824386381215,-18.481072851495824,2.9696400211284327e-19
1787278862.6026661,resting,fast,1787278739.9715214,-247.33736441944757,-189.2108395245574,1348.0037284970322,14.190812964340697,-18.55030233145824,2.9711973815191484e-19
1787278862.6133828,resting,fast,1787278739.9715214,-248.023704593817,-188.09211905064296,1352.2607367353512,14.106908928796987,-18.60177784453601,2.973180391707024e-19
1787278862.624872,resting,fast,1787278739.9715214,-248.65464689172904,-187.19573790509492,1356.0565275317595,14.039680342881173,-18.64909851687942,2.975397120393538e-19
1787278862.6359978,resting,fast,1787278739.9715214,-247.9094617987007,-187.23552590243582,1351.9801717795717,14.042664442681488,-18.593209634902472,2.9734529775141595e-19
1787278862.6469786,resting,fast,1787278739.9715214,-246.61683098219828,-186.3491444771754,1349.521009669047,13.97618583578691,-18.496262323664617,2.9733236512591023e-19
1787278862.6581047,resting,fast,1787278739.9715214,-246.0608993086148,-186.30285766307395,1345.5914818071806,13.97271432472964,-18.454567448146,2.9684067271615355e-19
1787278862.6692574,resting,fast,1787278739.9715214,-245.81818084730412,-184.82307698070792,1346.4224547668664,13.861730773551844,-18.436363563547786,2.970280076101724e-19
1787278862.6800885,resting,fast,1787278739.9715214,-246.08321449174446,-186.6730335719045,1345.4150305747617,14.000477517891557,-18.456241086880667,2.9712100133087854e-19
1787278862.691455,resting,fast,1787278739.9715214,-247.6275584367827,-185.83271063357495,1352.8100567945303,13.937453297517042,-18.572066882758627,2.9779552397573697e-19
1787278862.7026105,resting,fast,1787278739.9715214,-248.32118348485483,-186.60619538974095,1354.9319049847627,13.995464654229654,-18.624088761363957,2.9795835879395547e-19
1787278862.713226,resting,fast,1787278739.9715214,-249.21051989778562,-185.42055331763333,1355.6223122285928,13.906541498821259,-18.690788992333758,2.97995417810913e-19
1787278862.7246141,resting,fast,1787278739.9715214,-247.76094853635595,-186.8121161562275,1349.6899419407264,14.010908711715903,-18.582071140226475,2.9754858612633677e-19
1787278862.7353795,resting,fast,1787278739.9715214,-248.16091070633456,-188.01388665548882,1350.6169546331957,14.101041499160619,-18.61206830297506,2.9783796287159127e-19
1787278862.7466664,resting,fast,1787278739.9715214,-247.49136768098788,-190.2296006039511,1348.0252530619991,14.267220045295108,-18.561852576073825,2.9765742798225262e-19
1787278862.7580464,resting,fast,1787278739.9715214,-247.04409456974145,-188.96255801570567,1348.1271486403593,14.172191851176951,-18.528307092730394,2.976018401513601e-19
1787278862.7691603,resting,fast,1787278739.9715214,-245.93280445844312,-188.09647549375688,1345.1239418692958,14.107235662030778,-18.444960334383367,2.9708100753140237e-19
1787278862.7799022,resting,fast,1787278739.9715214,-245.59858801858763,-186.7600089187564,1345.2492555392828,14.007000668905523,-18.4198941013939,2.9703380539784193e-19
1787278862.7911618,resting,fast,1787278739.9715214,-246.85019331053672,-187.52083009379578,1348.9929268205988,14.06406225703363,-18.51376449828996,2.972989345918766e-19
1787278862.802366,resting,fast,1787278739.9715214,-247.36940839846875,-188.80543987611406,1349.4236306275934,14.160407990707487,-18.552705629885075,2.9772628223589922e-19
1787278862.8132687,resting,fast,1787278739.9715214,-247.66371783346722,-187.90389717142887,1352.5314392768587,14.09279228785623,-18.574778837510152,2.978088488644606e-19
1787278862.8246586,resting,fast,1787278739.9715214,-247.32031635284102,-187.07784872632658,1351.4183252037628,14.030838654473317,-18.5490237264627,2.9770490360302165e-19
1787278862.8387609,resting,fast,1787278739.9715214,-247.65867141148055,-186.3551387370136,1353.2207482045133,13.976635405274866,-18.574400355860845,2.9784123422293053e-19
1787278862.8466773,resting,fast,1787278739.9715214,-247.89593752031715,-187.10089168591333,1348.7616332753505,14.032566876442349,-18.592195314023726,2.9758705012379402e-19
1787278862.857916,resting,fast,1787278739.9715214,-249.12197704744312,-187.02204186713732,1350.1468262863173,14.026653140034387,-18.684148278557956,2.9762076404158577e-19
1787278862.8719406,resting,fast,1787278739.9715214,-249.22321009379584,-187.07642830225325,1348.4303776928564,14.03073212266776,-18.691740757034268,2.972915828719274e-19
1787278862.879945,resting,fast,1787278739.9715214,-249.1907826824795,-187.42369183885523,1348.6404698147226,14.056776887913049,-18.689308701185873,2.970030671199918e-19
1787278862.891301,resting,fast,1787278739.9715214,-249.10226387048215,-189.9478165399188,1346.73628420542,14.246086240492804,-18.682669790285907,2.9705636591505667e-19
1787278862.9054976,resting,fast,1787278739.9715214,-247.64778926677764,-190.62235838742652,1344.8076949501256,14.296676879055827,-18.5735841950083,2.9668747418417006e-19
1787278862.913094,resting,fast,1787278739.9715214,-247.27692448498465,-190.09133005515525,1346.4626522725202,14.256849754135292,-18.54576933637381,2.972575291897117e-19
1787278862.9246085,resting,fast,1787278739.9715214,-245.77988157272148,-187.69260027813323,1345.6144820036798,14.076945020859203,-18.433491117953963,2.9731444524696724e-19
1787278862.9387927,resting,fast,1787278739.9715214,-246.30398695991562,-186.31545186624237,1347.035925512172,13.973658889967158,-18.472799021993524,2.974607608636913e-19
1787278862.9464774,resting,fast,1787278739.9715214,-245.76152134597805,-187.0183869332633,1346.2146142292213,14.026379019993716,-18.432114100948162,2.9733142529970904e-19
1787278862.9578564,resting,fast,1787278739.9715214,-246.42666008418155,-188.88115737081478,1348.3336677131092,14.166086802809833,-18.481999506313407,2.975050144054957e-19
1787278862.968955,resting,fast,1787278739.9715214,-247.66684632634633,-188.65733041417968,1351.720923539956,14.14929978106257,-18.575013474475845,2.9782026689308805e-19
1787278862.9796622,resting,fast,1787278739.9715214,-248.24501698105314,-187.5852561809212,1352.974854265868,14.068894213568075,-18.618376273578733,2.9755252838151587e-19
1787278862.991136,resting,fast,1787278739.9715214,-248.50153666984306,-187.8515261444776,1350.7736124302783,14.088864460834575,-18.637615250237715,2.9748640982940426e-19
1787278863.0018795,resting,fast,1787278739.9715214,-247.75355139445537,-188.3956209984916,1348.7120993207382,14.12967157488578,-18.581516354583854,2.9744772764229128e-19
1787278863.0130079,resting,fast,1787278739.9715214,-246.92617479210503,-188.13152717555806,1343.9031617567953,14.109864538165642,-18.519463109407873,2.9747044196147203e-19
1787278863.024479,resting,fast,1787278739.9715214,-246.49074878371675,-185.81077523344663,1343.7785839434591,13.935808142507529,-18.486806158778506,2.9748111036990056e-19
1787278863.0355766,resting,fast,1787278739.9715214,-245.87418098164244,-185.46027433754796,1340.6670191584335,13.90952057531479,-18.44056357362303,2.973125057403411e-19
1787278863.046306,resting,fast,1787278739.9715214,-246.58162225940168,-185.74357995529124,1343.3573655408136,13.930768496645602,-18.493621669454924,2.974811442341163e-19
1787278863.0577288,resting,fast,1787278739.9715214,-247.41710029008527,-186.88974454817833,1346.8777391546128,14.016730841112096,-18.556282521756387,2.976036009436376e-19
1787278863.068948,resting,fast,1787278739.9715214,-248.73289680803236,-188.10085279025122,1349.1039852647036,14.107563959267697,-18.654967260602355,2.9771510565756923e-19
1787278863.0794392,resting,fast,1787278739.9715214,-248.5218904397493,-188.73531511186195,1349.6697851756098,14.15514863338841,-18.63914178298095,2.9745100617193043e-19
1787278863.0909343,resting,fast,1787278739.9715214,-248.18273303589694,-188.467995629116,1347.4535066867384,14.135099672182552,-18.61370497769191,2.9726829876758555e-19
1787278863.102112,resting,fast,1787278739.9715214,-246.65487881605213,-187.00906306998775,1347.7401482730666,14.025679730247763,-18.499115911203887,2.973492609604045e-19
1787278863.112896,resting,fast,1787278739.9715214,-248.86880895879722,-188.16170072961756,1352.6217015870743,14.11212755472015,-18.665160671909476,2.9799488422131297e-19
1787278863.1238215,resting,fast,1787278739.9715214,-248.51188005773247,-188.09871239075517,1351.0569668087637,14.10740342930534,-18.63839100432962,2.9761626992319987e-19
1787278863.1350892,resting,fast,1787278739.9715214,-249.6305523506885,-189.42432536709077,1352.387255801953,14.206824402530717,-18.72229142630141,2.9774946622651007e-19
1787278863.1460228,resting,fast,1787278739.9715214,-248.00540548444815,-189.35876347656756,1349.8746115641834,14.20190726074134,-18.600405411333597,2.9754942295822493e-19
1787278863.1576915,resting,fast,1787278739.9715214,-247.1076259593542,-188.15705559774972,1347.265650602726,14.11177916983026,-18.533071946951516,2.9760985063262345e-19
1787278863.171753,resting,fast,1787278739.9715214,-246.18320960954543,-187.37092146425027,1343.0194629685166,14.052819109817396,-18.46374072071582,2.96911929258112e-19
1787278863.1793885,resting,fast,1787278739.9715214,-245.37128674215228,-186.63464502196086,1339.8462883066813,13.997598376646042,-18.40284650566133,2.965578004729992e-19
1787278863.1909537,resting,fast,1787278739.9715214,-246.25714127812853,-188.6397157519899,1344.3269012915962,14.14797868139792,-18.469285595859674,2.9670323125656887e-19
1787278863.2045796,resting,fast,1787278739.9715214,-246.87535278114547,-189.28692470602698,1347.5947525509955,14.196519352950961,-18.515651458585673,2.9709706480476357e-19
1787278863.2128348,resting,fast,1787278739.9715214,-248.5073890679464,-189.10242938498084,1349.851615075103,14.18268220387262,-18.63805418009578,2.976959574764444e-19
1787278863.2242978,resting,fast,1787278739.9715214,-248.8937547386181,-187.975034765219,1348.24484412551,14.0981276073902,-18.66703160539607,2.9774088300943597e-19
1787278863.2377388,resting,fast,1787278739.9715214,-249.4243763598929,-188.07911488760476,1351.3711423578598,14.105933616569292,-18.70682822699178,2.9830725991067883e-19
1787278863.2459958,resting,fast,1787278739.9715214,-247.98787055001185,-188.54512217781019,1348.8550361313037,14.140884163334707,-18.599090291250732,2.9770270193222422e-19
1787278863.2571008,resting,fast,1787278739.9715214,-247.5030792162347,-188.99038359421172,1351.2182928686116,14.17427876956464,-18.562730941217318,2.976478208608942e-19
1787278863.2702513,resting,fast,1787278739.9715214,-247.23948972193875,-188.0059209643697,1349.7017488958163,14.100444072326443,-18.542961729145347,2.97523532144863e-19
1787278863.2793705,resting,fast,1787278739.9715214,-247.05908622153265,-186.71043854451966,1349.3374138278114,14.003282890838111,-18.529431466614767,2.9750512895606807e-19
1787278863.2908578,resting,fast,1787278739.9715214,-246.87448867928515,-186.16128485446518,1346.9512946567038,13.962096364083894,-18.51558665094619,2.9761413123458873e-19
1787278863.302055,resting,fast,1787278739.9715214,-245.6339231393763,-186.0277786056364,1343.8311170909647,13.952083395421813,-18.42254423545311,2.9710691737110614e-19
1787278863.3127038,resting,fast,1787278739.9715214,-247.43926976899684,-187.78063625430866,1346.082684054486,14.083547719071934,-18.557945232674427,2.9750804494171883e-19
1787278863.3241751,resting,fast,1787278739.9715214,-248.29958367256268,-188.82274643810013,1348.7209047210845,14.161705982856606,-18.622468775442165,2.97752495711275e-19
1787278863.3351574,resting,fast,1787278739.9715214,-249.91124199698834,-189.21105426196698,1352.6410300006673,14.190829069646643,-18.7433431497741,2.9817659309422827e-19
1787278863.345978,resting,fast,1787278739.9715214,-249.52633655767795,-188.67062444241208,1355.0463171152778,14.150296833179826,-18.714475241825674,2.982001839440784e-19
1787278863.3574395,resting,fast,1787278739.9715214,-249.68186916217883,-188.0370833623714,1354.8851376811717,14.102781252176815,-18.726140187163182,2.981695013127866e-19
1787278863.368598,resting,fast,1787278739.9715214,-249.90192586470084,-187.2795688615587,1354.4012463812023,14.045967664615919,-18.742644439852214,2.9830394108331254e-19
1787278863.379248,resting,fast,1787278739.9715214,-249.72013156413732,-187.00930651935926,1353.6935465464148,14.025697988950984,-18.729009867310182,2.982204466748225e-19
1787278863.3907378,resting,fast,1787278739.9715214,-249.66446963912904,-187.19120433167188,1357.5772842396827,14.039340324874207,-18.724835222934374,2.9856657507783203e-19
1787278863.4017386,resting,fast,1787278739.9715214,-248.29764817231217,-187.12919841166865,1356.2075934841987,14.034689880873945,-18.622323612923118,2.980146340830127e-19
1787278863.4125795,resting,fast,1787278739.9715214,-247.75778846483854,-185.70392652248927,1356.1155556013828,13.927794489185732,-18.581834134862802,2.986579386890187e-19
1787278863.4240787,resting,fast,1787278739.9715214,-247.119240304271,-185.97668814688643,1351.655700506285,13.948251611015511,-18.53394302282007,2.9803398005308775e-19
1787278863.4352543,resting,fast,1787278739.9715214,-247.61543433762972,-186.79210744955924,1352.4279070448638,14.009408058715724,-18.571157575321912,2.9817532791879647e-19
1787278863.4460082,resting,fast,1787278739.9715214,-247.32194543360993,-187.34921520951332,1350.5747382179152,14.05119114071255,-18.54914590752061,2.9731261136363806e-19
1787278863.4574013,resting,fast,1787278739.9715214,-246.73500059744265,-186.00617443679346,1351.2653222953295,13.950463082758564,-18.505125044808132,2.9747008418737925e-19
1787278863.4720962,resting,fast,1787278739.9715214,-247.55987218202836,-187.9275740715242,1351.061937362393,14.094568055363272,-18.566990413651958,2.974901348073013e-19
1787278863.4792457,resting,fast,1787278739.9715214,-247.937616052493,-189.29745498698992,1351.7899359464018,14.197309124023054,-18.59532120393679,2.976305107783325e-19
1787278863.4907348,resting,fast,1787278739.9715214,-249.78767755465515,-191.1248169715342,1352.559965038222,14.334361272863834,-18.734075816598946,2.9804006546173654e-19
1787278863.5050297,resting,fast,1787278739.9715214,-249.18088056218994,-189.52926552280644,1349.1853461097899,14.21469491420942,-18.688566042163856,2.9784692696862176e-19
1787278863.5127566,resting,fast,1787278739.9715214,-248.98386634777626,-188.26772361364954,1350.2014271184153,14.120079271022565,-18.67378997608286,2.98240644186306e-19
1787278863.5239336,resting,fast,1787278739.9715214,-247.19266693562395,-187.3242020783813,1347.3876189079156,14.049315155877398,-18.539450020171593,2.9757609027923228e-19
1787278863.5385678,resting,fast,1787278739.9715214,-246.94901254508522,-188.06699728992282,1347.086621304029,14.105024796743184,-18.521175940881342,2.978686040460745e-19
1787278863.5456483,resting,fast,1787278739.9715214,-246.69807604385687,-188.41395426596148,1345.0370377404497,14.131046569946012,-18.50235570328912,2.97410896555483e-19
1787278863.5568082,resting,fast,1787278739.9715214,-247.60847789676382,-188.8052410326967,1346.5989092392947,14.160393077450966,-18.57063584225716,2.9770604478849783e-19
1787278863.5713415,resting,fast,1787278739.9715214,-247.48372589024302,-187.10606415149653,1347.6156548294557,14.03295481136114,-18.561279441768193,2.9784678182393926e-19
1787278863.5791345,resting,fast,1787278739.9715214,-247.78353234833548,-187.67152521359242,1348.0283593730956,14.075364391018528,-18.583764926125042,2.9791775920049087e-19
1787278863.5905848,resting,fast,1787278739.9715214,-248.4625167772324,-187.8950783831873,1348.8476340948791,14.092130878738107,-18.634688758292164,2.983053779994921e-19
1787278863.6017418,resting,fast,1787278739.9715214,-248.3984965024133,-187.46810397311617,1351.5577536582305,14.06010779798267,-18.62988723768079,2.9822607466284827e-19
1787278863.6124387,resting,fast,1787278739.9715214,-249.05980169481745,-186.66543043991112,1353.7073025537766,13.999907282992371,-18.679485127111064,2.984958027116473e-19
1787278863.6238017,resting,fast,1787278739.9715214,-246.86560854351637,-186.2835362633549,1350.0184398148094,13.971265219750467,-18.51492064076338,2.9780321156091527e-19
1787278863.634925,resting,fast,1787278739.9715214,-246.58615290749412,-186.4469593692944,1349.8694728920482,13.983521952695813,-18.49396146806192,2.979358861923296e-19
1787278863.6457806,resting,fast,1787278739.9715214,-244.8232870059287,-187.52238763383468,1347.7145448731126,14.064179072536465,-18.361746525444502,2.9776801573425397e-19
1787278863.657193,resting,fast,1787278739.9715214,-245.72130949568555,-186.63322312314892,1349.461730802036,13.99749173423493,-18.429098212176434,2.9779585254028065e-19
1787278863.6720395,resting,fast,1787278739.9715214,-246.59122121140126,-187.27098732746333,1349.3758664839324,14.045324049558477,-18.49434159085513,2.976586421995129e-19
1787278863.6790822,resting,fast,1787278739.9715214,-247.5525558364311,-186.4034791394755,1353.4567443735496,13.980260935459686,-18.566441687732237,2.9773512849888407e-19
1787278863.6905236,resting,fast,1787278739.9715214,-249.2428333204266,-187.54556578799327,1356.6342886113607,14.065917434098527,-18.693212499031866,2.9820764796726214e-19
1787278863.7016847,resting,fast,1787278739.9715214,-249.19862273371155,-187.98761880200675,1358.9430404501209,14.099071410149538,-18.689896705028232,2.981078457228756e-19
1787278863.7123005,resting,fast,1787278739.9715214,-249.93243474406108,-188.32411358460115,1355.682826078838,14.124308518844177,-18.744932605804237,2.98074046595154e-19
1787278863.7237523,resting,fast,1787278739.9715214,-248.30887951298928,-187.9008931287018,1354.6756865268462,14.092566984651516,-18.62316596347393,2.981157661701831e-19
1787278863.7379282,resting,fast,1787278739.9715214,-248.18842440023082,-187.40637785873298,1350.496173467206,14.055478339403752,-18.614131830016994,2.9789800893483504e-19
1787278863.7457147,resting,fast,1787278739.9715214,-247.29768258224294,-187.50477588754472,1351.8053662954962,14.062858191564803,-18.547326193667978,2.9799296965396987e-19
1787278863.7571292,resting,fast,1787278739.9715214,-247.16838224896173,-187.1758540024424,1348.9345522693866,14.038189050182243,-18.537628668671772,2.976651637953539e-19
1787278863.771219,resting,fast,1787278739.9715214,-246.48812757493715,-187.22410805195238,1349.4328885299046,14.04180810389504,-18.486609568120087,2.976066003674189e-19
1787278863.7789545,resting,fast,1787278739.9715214,-246.77035790854143,-187.38781380253988,1345.6692488130293,14.054086035189545,-18.50777684314039,2.9705137672500094e-19
1787278863.7903857,resting,fast,1787278739.9715214,-247.9400838180777,-187.78227313686295,1348.393858120623,14.083670485263642,-18.59550628635553,2.973081500372823e-19
1787278863.8047607,resting,fast,1787278739.9715214,-248.03593762948503,-188.19778052444315,1348.7675830668059,14.114833539332086,-18.60269532221129,2.972404460377332e-19
1787278863.8120184,resting,fast,1787278739.9715214,-247.9013115210223,-186.84679677623183,1351.6812528107284,14.013509758216262,-18.59259836407626,2.976179276207502e-19
1787278863.8236213,resting,fast,1787278739.9715214,-247.00237174986387,-187.18677488678998,1354.7254443549728,14.039008116508217,-18.525177881239713,2.974357810384801e-19
1787278863.8375735,resting,fast,1787278739.9715214,-247.19811748670008,-187.7279206150955,1354.9450233786765,14.079594046131081,-18.539858811502242,2.977636371660077e-19
1787278863.8455703,resting,fast,1787278739.9715214,-246.41197771348698,-188.37819490432287,1352.482585660303,14.12836461782307,-18.48089832851143,2.976626019622264e-19
1787278863.8570304,resting,fast,1787278739.9715214,-247.49018322207803,-189.28799871836225,1351.2587583568848,14.196599903876024,-18.561763741655717,2.981118846933396e-19
1787278863.86938,resting,fast,1787278739.9715214,-246.9908244116982,-187.0983570637701,1349.8261841954618,14.03237677978159,-18.52431183087723,2.9777038214310226e-19
1787278863.8787801,resting,fast,1787278739.9715214,-246.78061135643702,-187.1646012548773,1349.2020701367373,14.037345094114631,-18.508545851732748,2.9758142854401397e-19
1787278863.890274,resting,fast,1787278739.9715214,-246.01709835092015,-185.6964608880511,1342.3205474263914,13.927234566602724,-18.45128237631878,2.967450531884952e-19
1787278863.9049022,resting,fast,1787278739.9715214,-246.20522224037586,-186.77226506177942,1343.8069519057744,14.007919879632286,-18.465391668027685,2.9695853236769525e-19
1787278863.9122255,resting,fast,1787278739.9715214,-246.96105160601974,-186.17708985694537,1344.3108122944586,13.96328173926955,-18.522078870451395,2.9701170540346635e-19
1787278863.9235387,resting,fast,1787278739.9715214,-247.66538056147465,-185.43333940761988,1349.2518988934125,13.907500455570375,-18.574903542110192,2.975178906462076e-19
1787278863.9378135,resting,fast,1787278739.9715214,-247.84076097520256,-185.87563208217045,1346.8195640883905,13.940672406161642,-18.588057073139808,2.9742905989150066e-19
1787278863.945333,resting,fast,1787278739.9715214,-249.27795812054455,-187.68122334180828,1350.0229239442224,14.076091750634422,-18.6958468590407,2.977899794855737e-19
1787278863.956935,resting,fast,1787278739.9715214,-247.37058524906342,-188.48649450558116,1345.370516368227,14.136487087917377,-18.55279389367955,2.9741093977644477e-19
1787278863.9701612,resting,fast,1787278739.9715214,-247.59621195855425,-188.51418105351343,1346.1607675168316,14.138563579012345,-18.569715896891672,2.9759616456666688e-19
1787278863.978765,resting,fast,1787278739.9715214,-246.63747656862733,-187.27632358487324,1343.3265216463124,14.045724268864308,-18.49781074264704,2.974286803285776e-19
1787278863.9901567,resting,fast,1787278739.9715214,-247.7935577097901,-185.72335033791694,1351.1704620429964,13.92925127534264,-18.584516828233866,2.976772108516745e-19
1787278864.0035107,resting,fast,1787278739.9715214,-246.76077908577145,-184.75989352550494,1352.6488669304117,13.85699201441172,-18.507058431432355,2.9742966199935354e-19
1787278864.0120068,resting,fast,1787278739.9715214,-245.516933055967,-183.55147228226667,1348.4423786059333,13.766360421168745,-18.41376997919697,2.9710584770364e-19
1787278864.023132,resting,fast,1787278739.9715214,-243.9835646271381,-183.95891499359948,1339.358580776464,13.796918624518472,-18.29876734703491,2.9649999631095238e-19
1787278864.0341818,resting,fast,1787278739.9715214,-243.88473451157324,-184.3361523070513,1335.3362536623126,13.8252114230277,-18.29135508836775,2.964060932033245e-19
1787278864.0451517,resting,fast,1787278739.9715214,-242.46297561751499,-184.5769335776423,1329.573034580003,13.843270018321977,-18.18472317131331,2.9632495970819206e-19
1787278864.056333,resting,fast,1787278739.9715214,-244.7500920033267,-185.83636146386482,1337.4103968977424,13.937727109788487,-18.35625690024925,2.972040047171575e-19
1787278864.067988,resting,fast,1787278739.9715214,-245.56156040471296,-186.2594459882804,1343.618788297069,13.969458449119845,-18.417117030353502,2.976397656263965e-19
1787278864.0788536,resting,fast,1787278739.9715214,-246.86509376278673,-186.78063337697665,1350.3134984794333,14.008547503271917,-18.514882032208874,2.9770102398400085e-19
1787278864.0900242,resting,fast,1787278739.9715214,-244.2289545769804,-185.07753411743363,1342.0591821979406,13.88081505880621,-18.317171593273386,2.9668113053537775e-19
1787278864.1023028,resting,fast,1787278739.9715214,-242.80147824119422,-184.00298335474065,1333.6012011942794,13.800223751604339,-18.21011086808926,2.959877687835599e-19
1787278864.1120276,resting,fast,1787278739.9715214,-242.77828352472034,-182.29193765037382,1334.1718582202893,13.671895323776827,-18.208371264353943,2.9613149698591573e-19
1787278864.1234112,resting,fast,1787278739.9715214,-244.43386367310677,-183.5913317016267,1339.4544003055225,13.769349877620872,-18.332539775482793,2.968459193812683e-19
1787278864.1350946,resting,fast,1787278739.9715214,-246.37720496232987,-184.6924040594239,1343.4838544886943,13.851930304455951,-18.478290372174413,2.971749143372252e-19
1787278864.1455016,resting,fast,1787278739.9715214,-246.27320589027522,-185.66462464145832,1345.9645822507182,13.924846848108377,-18.47049044177045,2.971210553854809e-19
1787278864.156649,resting,fast,1787278739.9715214,-246.4484296784908,-185.94276074559104,1343.0232528124043,13.945707055918039,-18.483632225886822,2.969724440234484e-19
1787278864.167778,resting,fast,1787278739.9715214,-246.68380820052926,-186.60338033586856,1344.7139145656065,13.995253525188932,-18.501285615039514,2.9730621383463057e-19
1787278864.178845,resting,fast,1787278739.9715214,-247.15284262243358,-187.0113818853123,1338.5523958694366,14.025853641397337,-18.536463196682384,2.969775207629664e-19
1787278864.190015,resting,fast,1787278739.9715214,-246.3423493488085,-185.24370227253178,1335.681814142229,13.89327767043861,-18.475676201160418,2.963148768886932e-19
1787278864.2011278,resting,fast,1787278739.9715214,-246.62809650269128,-183.23920443135296,1336.9542436854745,13.742940332350305,-18.49710723770154,2.961982712700014e-19
1787278864.2119374,resting,fast,1787278739.9715214,-246.44203519018947,-184.02933697345486,1340.3045673883598,13.802200273008143,-18.483152639264162,2.964542009657305e-19
1787278864.2229779,resting,fast,1787278739.9715214,-247.03464419600778,-185.84519299142892,1344.2173513113185,13.938389474355962,-18.527598314700356,2.972898022628103e-19
1787278864.234129,resting,fast,1787278739.9715214,-247.86592044480994,-186.17078296887337,1345.7060964463444,13.962808722664466,-18.58994403336063,2.9713740502998157e-19
1787278864.2453601,resting,fast,1787278739.9715214,-248.17162914654682,-184.7283439339327,1346.6935551191991,13.854625795043763,-18.61287218599098,2.9718797219409015e-19
1787278864.2566047,resting,fast,1787278739.9715214,-247.01880922530245,-183.17046054856485,1344.2219366795389,13.737784541141085,-18.526410691897304,2.968685133303577e-19
1787278864.2674837,resting,fast,1787278739.9715214,-244.7321494392495,-183.35835906405066,1343.420648893366,13.751876929802794,-18.354911207943708,2.9720388655137563e-19
1787278864.2786698,resting,fast,1787278739.9715214,-243.53992604221594,-183.63376571805554,1341.4221481153936,13.772532428852887,-18.265494453165992,2.972368860189e-19
1787278864.289822,resting,fast,1787278739.9715214,-244.64182645693154,-183.01165513726266,1345.8456649809368,13.725874135293456,-18.348136984269686,2.9732146664216156e-19
1787278864.3008795,resting,fast,1787278739.9715214,-245.27205801019636,-183.72369832791503,1343.8030970659884,13.77927737459233,-18.395404350764558,2.9708342044940963e-19
1787278864.3120055,resting,fast,1787278739.9715214,-245.54454194823438,-184.06170142225653,1342.6766656216705,13.804627606667996,-18.41584064611738,2.9729622845868085e-19
1787278864.3231685,resting,fast,1787278739.9715214,-245.57976615295001,-187.0121537884187,1341.064836484641,14.025911534130078,-18.418482461471065,2.9747809847155844e-19
1787278864.3343809,resting,fast,1787278739.9715214,-245.48756574691424,-187.0330097508687,1341.8903162745037,14.027475731313931,-18.411567431018284,2.9774310602974923e-19
1787278864.3453445,resting,fast,1787278739.9715214,-245.87042684674952,-187.92329187036864,1341.2315914504552,14.094246890276356,-18.4402820135062,2.9737777848166634e-19
1787278864.3564363,resting,fast,1787278739.9715214,-245.12883957818167,-186.6666853262626,1341.213165339962,14.000001399468278,-18.38466296836367,2.973480714345393e-19
1787278864.3676066,resting,fast,1787278739.9715214,-245.07870957101068,-186.23348005571245,1342.2211856045515,13.96751100417723,-18.380903217825605,2.9724728033013207e-19
1787278864.3782046,resting,fast,1787278739.9715214,-244.89485608105724,-185.98240720247998,1344.9209425508207,13.948680540184899,-18.367114206079172,2.976744200409507e-19
1787278864.3893645,resting,fast,1787278739.9715214,-245.04492123616592,-186.12355526353792,1344.4884754378845,13.959266644764018,-18.37836909271237,2.977265244828634e-19
1787278864.4006817,resting,fast,1787278739.9715214,-243.94340758747921,-186.77406990289126,1339.6752090643668,14.008055242715589,-18.29575556906061,2.9744067021044957e-19
1787278864.411571,resting,fast,1787278739.9715214,-243.995038711279,-184.65570033790766,1336.91296028548,13.849177525342032,-18.299627903345886,2.9726464067857186e-19
1787278864.4229805,resting,fast,1787278739.9715214,-244.32326102185425,-184.7866308694696,1337.8327324243155,13.85899731520897,-18.32424457663899,2.973505202750366e-19
1787278864.4341726,resting,fast,1787278739.9715214,-244.74404659905076,-184.6848791490262,1341.3719024078355,13.851365936175885,-18.35580349492855,2.974134854146947e-19
1787278864.4451075,resting,fast,1787278739.9715214,-244.768697437024,-187.1124638004004,1343.8449719078098,14.033434785028906,-18.357652307776547,2.97272496899707e-19
1787278864.456457,resting,fast,1787278739.9715214,-243.7082037234136,-187.32250873363603,1339.4523194180374,14.049188155021344,-18.278115279255942,2.9694210803480126e-19
1787278864.4675875,resting,fast,1787278739.9715214,-243.97120315038728,-188.87371005569378,1333.9648528156804,14.165528254175872,-18.29784023627907,2.968402168006831e-19
1787278864.4783905,resting,fast,1787278739.9715214,-244.98721998022074,-187.2640340781071,1335.1167363515842,14.044802555856737,-18.37404149851629,2.9693168442970595e-19
1787278864.489588,resting,fast,1787278739.9715214,-245.43822747979584,-184.40648933161458,1338.3976283104212,13.830486699869798,-18.407867060984543,2.971042350039071e-19
1787278864.5007014,resting,fast,1787278739.9715214,-245.3605986274356,-182.75239463782225,1342.7903707930282,13.706429597835527,-18.402044897057507,2.971896638306842e-19
1787278864.5117352,resting,fast,1787278739.9715214,-244.80272296027988,-184.8204190289913,1342.348728734286,13.86153142717298,-18.36020422202089,2.973973466620769e-19
1787278864.5229776,resting,fast,1787278739.9715214,-245.48733897014927,-186.45639549968735,1343.352249555829,13.984229662475645,-18.411550422761024,2.9744770758830537e-19
1787278864.5340803,resting,fast,1787278739.9715214,-245.33030806557463,-185.17362925428858,1343.779961911573,13.88802219407049,-18.399773104917983,2.9772124281744263e-19
1787278864.5448215,resting,fast,1787278739.9715214,-244.8002835310749,-184.4165895895154,1341.3088108532347,13.831244219212369,-18.360021264830593,2.9730567516257517e-19
1787278864.5563262,resting,fast,1787278739.9715214,-244.50791909011195,-185.25995386099964,1340.6427842790317,13.894496539573826,-18.338093931758237,2.9747259934441164e-19
1787278864.5672178,resting,fast,1787278739.9715214,-244.74871380055492,-187.23335335706508,1335.6653328956027,14.04250150177879,-18.356153535041386,2.9677698067082174e-19
1787278864.578218,resting,fast,1787278739.9715214,-245.58188571676192,-187.3566068105116,1335.445243385796,14.051745510787232,-18.418641428756985,2.9700772119256207e-19
1787278864.5895681,resting,fast,1787278739.9715214,-245.060407610908,-186.92224390047352,1334.1577244877635,14.019168292534236,-18.379530570817977,2.9651093733111817e-19
1787278864.600673,resting,fast,1787278739.9715214,-244.98038117403348,-186.52883192290267,1337.9725760369902,13.98966239421637,-18.37352858805251,2.9721926286655314e-19
1787278864.611525,resting,fast,1787278739.9715214,-244.610654581546,-185.51682950101224,1338.8638783856231,13.913762212574643,-18.345799093615796,2.969286612432868e-19
1787278864.6229339,resting,fast,1787278739.9715214,-244.72499457278218,-184.65828720716706,1339.2887047848717,13.849371540536286,-18.354374592958557,2.970180448465912e-19
1787278864.6335557,resting,fast,1787278739.9715214,-245.19168911756105,-184.95631904516551,1341.6560850325432,13.87172392838649,-18.38937668381694,2.9661564345968636e-19
1787278864.6445308,resting,fast,1787278739.9715214,-245.2155494037438,-183.17622986290246,1342.0509305769692,13.738217239716594,-18.391166205280705,2.965086179821961e-19
1787278864.6559615,resting,fast,1787278739.9715214,-245.34583885142956,-185.60164063691116,1340.2128731625498,13.920123047767166,-18.400937913857135,2.9654691458559427e-19
1787278864.6669695,resting,fast,1787278739.9715214,-245.5894001752872,-185.54335771932836,1340.7343087703766,13.915751828948618,-18.419205013146225,2.973333420431833e-19
1787278864.6781988,resting,fast,1787278739.9715214,-244.708617417195,-187.856528176074,1339.103234125544,14.089239613204416,-18.353146306289304,2.971097488753715e-19
1787278864.689597,resting,fast,1787278739.9715214,-245.15614610036982,-186.2529055662459,1339.5451150934487,13.968967917467129,-18.38671095752757,2.969104955049812e-19
1787278864.700023,resting,fast,1787278739.9715214,-244.3968584305362,-186.30246438060897,1337.4315600254076,13.972684828544548,-18.32976438229008,2.9625421341848e-19
1787278864.711171,resting,fast,1787278739.9715214,-246.78579891976688,-186.39306062232174,1343.740164073165,13.979479546673193,-18.508934918982426,2.9702677275468653e-19
1787278864.7226934,resting,fast,1787278739.9715214,-245.0541388341221,-186.5764783762089,1338.8409950761516,13.993235878214552,-18.379060412558985,2.966441340986393e-19
1787278864.7335858,resting,fast,1787278739.9715214,-245.1018493901188,-185.38644530851377,1340.3963353302088,13.90398339813719,-18.382638704258802,2.967380587783196e-19
1787278864.7447429,resting,fast,1787278739.9715214,-243.800587871679,-185.8808821922063,1337.3920417792315,13.941066164414242,-18.285044090375713,2.968766114863759e-19
1787278864.7559273,resting,fast,1787278739.9715214,-247.1441668061857,-187.337319994013,1348.036248169411,14.050298999549913,-18.53581251046385,2.9780368965510183e-19
1787278864.7670684,resting,fast,1787278739.9715214,-247.24167453764812,-187.84053366896012,1347.0316019556149,14.088040025170972,-18.543125590323456,2.979987603690309e-19
1787278864.7779768,resting,fast,1787278739.9715214,-246.15844577989765,-187.2501355903904,1345.8103338108076,14.043760169278347,-18.46188343349226,2.977102411478526e-19
1787278864.7892847,resting,fast,1787278739.9715214,-243.02755397135797,-184.4476668393396,1342.4347540131976,13.833575012949272,-18.22706654785175,2.971081840335723e-19
1787278864.8004637,resting,fast,1787278739.9715214,-244.42321190212851,-184.97952183444625,1345.931754961185,13.873464137582065,-18.331740892659298,2.9744715021074033e-19
1787278864.8111649,resting,fast,1787278739.9715214,-245.00090517255967,-185.21538756101575,1343.8670166402344,13.89115406707494,-18.375067887941725,2.973050708463085e-19
1787278864.8225665,resting,fast,1787278739.9715214,-246.71383713606565,-186.87401160701108,1342.593057097788,14.015550870524525,-18.503537785204834,2.977631857265658e-19
1787278864.8333158,resting,fast,1787278739.9715214,-245.76510815616393,-185.7233743952719,1337.5524945296338,13.929253079643946,-18.432383111711893,2.968485810157446e-19
1787278864.8446045,resting,fast,1787278739.9715214,-245.8484988623245,-184.3366221874188,1339.6457004376834,13.825246664055346,-18.43863741467439,2.965644767090172e-19
1787278864.8561046,resting,fast,1787278739.9715214,-244.14519330002304,-182.54067334980675,1334.4391578167333,13.69055050123426,-18.3108894975016,2.960657534496817e-19
1787278864.8667645,resting,fast,1787278739.9715214,-244.5891340098019,-181.78189161753664,1337.6930599897378,13.633641871313973,-18.3441850507349,2.965549679150832e-19
1787278864.8781722,resting,fast,1787278739.9715214,-245.2280692049021,-183.03499930843725,1337.5451734414755,13.727624948131623,-18.39210519036739,2.966248899397317e-19
1787278864.8893178,resting,fast,1787278739.9715214,-247.11737297737318,-184.32821848326114,1346.2940715733193,13.824616386243353,-18.53380297330294,2.972612274519722e-19
1787278864.9002259,resting,fast,1787278739.9715214,-247.84791651635123,-187.40633843906073,1346.8744219121372,14.05547538292851,-18.588593738726196,2.9773410186544338e-19
1787278864.9114344,resting,fast,1787278739.9715214,-247.74922367651243,-186.97505872130102,1351.6014584162922,14.023129404096569,-18.581191775738233,2.981144089641614e-19
1787278864.9226646,resting,fast,1787278739.9715214,-246.83058458251753,-186.9058782053172,1348.874881045017,14.017940865397652,-18.51229384368856,2.9773095404449047e-19
1787278864.9333982,resting,fast,1787278739.9715214,-244.70800342683788,-184.68416919246,1346.5136702199206,13.851312689433517,-18.353100257012628,2.968543368444692e-19
1787278864.9446917,resting,fast,1787278739.9715214,-246.2368898183472,-186.10123869422398,1350.320755931466,13.957592902065773,-18.467766736375935,2.971729898972979e-19
1787278864.955941,resting,fast,1787278739.9715214,-247.05142348902564,-187.09925643162967,1353.6214269954662,14.032444232371095,-18.52885676167663,2.975620574300491e-19
1787278864.9665594,resting,fast,1787278739.9715214,-248.04110442024694,-187.430929692419,1352.9263564560106,14.057319726930078,-18.603082831518492,2.9764735913792527e-19
1787278864.977987,resting,fast,1787278739.9715214,-248.04912332701997,-187.25542783145295,1353.4358832403987,14.044157087357735,-18.603684249526225,2.978703873673568e-19
1787278864.9891317,resting,fast,1787278739.9715214,-249.22685418119136,-187.48441513931346,1352.4889047136758,14.061331135447421,-18.692014063589234,2.978842205940368e-19
1787278864.9998353,resting,fast,1787278739.9715214,-248.02871782538887,-186.51747334170147,1354.8971940455112,13.988810500626403,-18.602153836903923,2.981896016831725e-19
1787278865.0112245,resting,fast,1787278739.9715214,-246.9256474122335,-186.61195022797472,1349.4067277973854,13.995896267096928,-18.5194235559174,2.974886621099463e-19
1787278865.022557,resting,fast,1787278739.9715214,-245.1301001506322,-185.33989798624054,1346.5524020059229,13.900492348966896,-18.384757511297167,2.973266423213452e-19
1787278865.03317,resting,fast,1787278739.9715214,-246.05132425458987,-185.10656424828778,1346.1745788007202,13.882992318620499,-18.453849319094033,2.9747178150652165e-19
1787278865.0446908,resting,fast,1787278739.9715214,-246.95642997185632,-183.9735930101716,1350.138795255355,13.798019475761837,-18.521732247888913,2.9793753969295196e-19
1787278865.0558302,resting,fast,1787278739.9715214,-247.9016047873397,-184.21437933812342,1353.4413445809341,13.816078450358194,-18.59262035905011,2.9817532079464525e-19
1787278865.066488,resting,fast,1787278739.9715214,-249.08544963031773,-185.43196005578295,1353.8273343142382,13.907397004182574,-18.681408722273723,2.9814018980467823e-19
1787278865.077773,resting,fast,1787278739.9715214,-247.68618820561505,-185.52415803112115,1349.9392829088347,13.914311852332975,-18.576464115420762,2.9787682427402194e-19
1787278865.0890217,resting,fast,1787278739.9715214,-246.78152543116403,-185.89940789572813,1348.1945373877197,13.942455592178451,-18.50861440733715,2.976478892755058e-19
1787278865.099723,resting,fast,1787278739.9715214,-246.19263108823316,-186.20423343365144,1348.3234680336964,13.96531750752263,-18.464447331617244,2.977141129653809e-19
1787278865.1114364,resting,fast,1787278739.9715214,-246.62608937289724,-187.45864800346055,1350.997480616691,14.059398600258366,-18.496956702967196,2.979823500320073e-19
1787278865.1223009,resting,fast,1787278739.9715214,-246.3501428825598,-187.0218469407149,1349.0561443622091,14.0266385205524,-18.476260716191774,2.980697094957266e-19
1787278865.132884,resting,fast,1787278739.9715214,-245.7743533616508,-185.27478971316702,1349.769483933057,13.895609228486311,-18.433076502123313,2.98136106928177e-19
1787278865.1440003,resting,fast,1787278739.9715214,-245.526227033763,-184.35577192485732,1349.0397862243872,13.826682894363191,-18.414467027532254,2.9794757872023183e-19
1787278865.155201,resting,fast,1787278739.9715214,-245.03684097826272,-182.53398886391358,1346.1203942101774,13.69004916479226,-18.377763073369508,2.9767340235352353e-19
1787278865.166308,resting,fast,1787278739.9715214,-244.03268015535878,-181.93185191095824,1342.903977128496,13.644888893320473,-18.302451011651797,2.973181373898033e-19
1787278865.1777258,resting,fast,1787278739.9715214,-244.0504641320108,-180.48082889612226,1341.7915615510692,13.536062167207948,-18.303784809900584,2.97168233846854e-19
1787278865.1887553,resting,fast,1787278739.9715214,-244.98215157669756,-182.2563866731981,1350.2229583228846,13.669229000488645,-18.373661368252243,2.9790857967472403e-19
1787278865.1994555,resting,fast,1787278739.9715214,-244.77204789345296,-183.92096628030856,1349.4257467747457,13.794072471021938,-18.357903592008967,2.980891550318862e-19
1787278865.2108917,resting,fast,1787278739.9715214,-245.27701587076854,-184.26726538825312,1350.1321765592375,13.820044904117598,-18.395776190307437,2.985667775424822e-19
1787278865.2220945,resting,fast,1787278739.9715214,-243.76493728264586,-183.46807505266554,1340.99737058968,13.760105628948555,-18.282370296198323,2.977925736119942e-19
1787278865.2327724,resting,fast,1787278739.9715214,-245.3559175687019,-182.73649362386107,1343.6607248469145,13.705237021788395,-18.401693817652514,2.979654135301133e-19
1787278865.2441313,resting,fast,1787278739.9715214,-245.34464890136542,-182.59786079336243,1345.1484662420253,13.694839559500952,-18.40084866760222,2.976361903064603e-19
1787278865.255385,resting,fast,1787278739.9715214,-248.01823601637216,-183.3048936476872,1352.631019377669,13.747867023575214,-18.6013677012277,2.984556341083674e-19
1787278865.2660193,resting,fast,1787278739.9715214,-247.62871621878958,-183.71531315395907,1353.769805566616,13.77864848654588,-18.57215371640899,2.985769103265166e-19
1787278865.2776058,resting,fast,1787278739.9715214,-245.42623323692123,-183.61505506559672,1347.8607403149663,13.771129129918695,-18.40696749276902,2.9878023936081007e-19
1787278865.2887132,resting,fast,1787278739.9715214,-244.08265767365492,-182.70335337569725,1345.7727592291276,13.702751503176035,-18.30619932552414,2.9812307903824623e-19
1787278865.2996027,resting,fast,1787278739.9715214,-243.39853945104687,-181.868544822309,1341.9767781678356,13.640140861671856,-18.2548904588284,2.976433285358102e-19
1787278865.3108492,resting,fast,1787278739.9715214,-244.48897435355093,-181.11663860374426,1344.0878812697947,13.583747895279703,-18.336673076516192,2.9754710841194446e-19
1787278865.3220649,resting,fast,1787278739.9715214,-244.35610612393293,-181.00750648371547,1345.301867662588,13.57556298627728,-18.326707959294637,2.9809422350920945e-19
1787278865.33263,resting,fast,1787278739.9715214,-244.98133692475722,-181.94784030842777,1348.5002853727265,13.646088023130833,-18.373600269356643,2.9851896193300564e-19
1787278865.344116,resting,fast,1787278739.9715214,-244.67309634486583,-182.7333871519985,1348.1600792724157,13.705004036398652,-18.35048222586491,2.9872486330684517e-19
1787278865.3555098,resting,fast,1787278739.9715214,-244.1807863348954,-182.62700048309387,1342.7696891174664,13.697025036230844,-18.31355897511709,2.979681915521879e-19
1787278865.3659878,resting,fast,1787278739.9715214,-245.11006585014138,-183.56821203456923,1346.1096080631205,13.767615902591476,-18.383254938760516,2.983106670953154e-19
1787278865.3774748,resting,fast,1787278739.9715214,-245.0775874589649,-182.99557643203832,1345.821251498669,13.724668232401601,-18.38081905942248,2.981110163993106e-19
1787278865.3885548,resting,fast,1787278739.9715214,-244.15745447560903,-183.5166094456414,1348.0537595489213,13.763745708422125,-18.311809085670568,2.984878224061251e-19
1787278865.3992648,resting,fast,1787278739.9715214,-242.38000846992009,-182.9156463247856,1344.5368116861382,13.718673474357647,-18.17850063524397,2.9812405581145165e-19
1787278865.410753,resting,fast,1787278739.9715214,-242.14183189677487,-184.21534790576504,1341.5312015635982,13.816151092931282,-18.16063739225806,2.9815367941121794e-19
1787278865.4219074,resting,fast,1787278739.9715214,-242.37736922033173,-184.127177646831,1338.79320782583,13.809538323511237,-18.17830269152467,2.9804886862250803e-19
1787278865.4324718,resting,fast,1787278739.9715214,-241.81899801438567,-183.24328541228454,1334.19316892169,13.743246405920335,-18.136424851078708,2.9781761612483596e-19
1787278865.4440477,resting,fast,1787278739.9715214,-243.06527051631974,-182.29474432939162,1338.8425772105156,13.672105824703369,-18.22989528872379,2.9800113365309164e-19
1787278865.4552655,resting,fast,1787278739.9715214,-243.26813784749493,-182.6142161417671,1344.6874095637277,13.696066210631233,-18.245110338562,2.9892661736550114e-19
1787278865.4658988,resting,fast,1787278739.9715214,-244.7317227925828,-182.33831104423928,1349.7913070144086,13.675373328317011,-18.354879209443652,2.9920383589160023e-19
1787278865.477348,resting,fast,1787278739.9715214,-244.16671955016454,-183.32708043667014,1350.554479407575,13.749531032749022,-18.31250396626215,2.994942569530999e-19
1787278865.4885356,resting,fast,1787278739.9715214,-244.18927832824784,-181.79115563733797,1347.4051290804937,13.634336672799368,-18.3141958746183,2.9870838142467865e-19
1787278865.499215,resting,fast,1787278739.9715214,-243.81442605742677,-181.4377811832386,1348.531097572185,13.60783358874173,-18.28608195430695,2.9878262389431217e-19
1787278865.5107005,resting,fast,1787278739.9715214,-243.13431263552548,-179.85439362169666,1345.4860964682275,13.489079521625943,-18.235073447664234,2.983303626513948e-19
1787278865.5218296,resting,fast,1787278739.9715214,-243.28231145242398,-181.51171515949125,1343.8307393474179,13.613378636960807,-18.24617335893187,2.981196781591453e-19
1787278865.532548,resting,fast,1787278739.9715214,-243.29393996823774,-181.45253090937138,1343.034181345317,13.60893981820178,-18.247045497617762,2.98336089500056e-19
1787278865.5439756,resting,fast,1787278739.9715214,-241.9145503881914,-181.91885838112842,1339.867286319185,13.643914378583421,-18.143591279114155,2.9839596209029437e-19
1787278865.5549924,resting,fast,1787278739.9715214,-241.29493709153894,-180.3683409113272,1344.2352870527056,13.527625568348288,-18.097120281865273,2.9902988536422575e-19
1787278865.5658026,resting,fast,1787278739.9715214,-240.80605843170042,-180.20779447761163,1345.0086811915053,13.515584585819557,-18.06045438237721,2.9931516565595025e-19
1787278865.577189,resting,fast,1787278739.9715214,-241.2781212771356,-178.35489368825677,1350.0255390673128,13.376617026618096,-18.095859095784974,2.9933072422491423e-19
1787278865.5920055,resting,fast,1787278739.9715214,-242.15489833893525,-178.04692119092863,1348.7205767739224,13.353519089318358,-18.16161737541976,2.9918324619652025e-19
1787278865.5991037,resting,fast,1787278739.9715214,-241.68862234164726,-178.71507350772492,1343.8959140348024,13.403630513078017,-18.126646675623228,2.9868094749566593e-19
1787278865.6105473,resting,fast,1787278739.9715214,-242.700180775832,-180.72316346914374,1338.4095487528239,13.554237260184667,-18.202513558187178,2.986693162077041e-19
1787278865.6217542,resting,fast,1787278739.9715214,-242.91353051813212,-180.49344125527398,1340.1060791701411,13.537008094144372,-18.218514788859558,2.986092016380348e-19
1787278865.6325054,resting,fast,1787278739.9715214,-243.27911248480405,-180.266699543272,1339.2416795531235,13.52000246574406,-18.24593343636016,2.9833428225221682e-19
1787278865.6437087,resting,fast,1787278739.9715214,-242.6577589779149,-179.82732023670962,1338.2333006881627,13.48704901775216,-18.199331923343216,2.980298856980537e-19
1787278865.6549804,resting,fast,1787278739.9715214,-241.46376262324657,-180.257986086306,1336.0602112953557,13.519348956471692,-18.10978219674314,2.982609205339684e-19
1787278865.6657012,resting,fast,1787278739.9715214,-241.43690126827232,-178.9663152642887,1341.293883401372,13.422473644820261,-18.107767595120215,2.9872329538744576e-19
1787278865.6771696,resting,fast,1787278739.9715214,-241.2407216144088,-178.56536551125362,1344.823121626595,13.39240241334274,-18.09305412108064,2.9906630303836955e-19
1787278865.688307,resting,fast,1787278739.9715214,-241.29266170707388,-179.03595298093126,1342.1501833255707,13.42769647356862,-18.096949628030366,2.98354452543275e-19
1787278865.699096,resting,fast,1787278739.9715214,-241.14392832174826,-179.88424148376214,1341.061081900988,13.491318111280979,-18.085794624130862,2.982120085585646e-19
1787278865.71045,resting,fast,1787278739.9715214,-241.00748066820643,-179.6557927448158,1339.5944975933608,13.474184455860016,-18.075561050115454,2.9810000235115503e-19
1787278865.7244716,resting,fast,1787278739.9715214,-240.85221826059706,-180.26930655386752,1340.686066507059,13.52019799153894,-18.063916369544785,2.9840613845928956e-19
1787278865.732306,resting,fast,1787278739.9715214,-240.01778126312047,-180.8808288984295,1336.9925397780908,13.566062167380753,-18.001333594733765,2.97817223891183e-19
1787278865.743872,resting,fast,1787278739.9715214,-239.6816781556886,-180.47082242206955,1335.9929190467274,13.53531168165404,-17.97612586167653,2.9763182066472465e-19
1787278865.7578013,resting,fast,1787278739.9715214,-241.55271753012903,-181.50328305042115,1338.0494162045024,13.612746228780342,-18.116453814759453,2.980723188832455e-19
1787278865.7656722,resting,fast,1787278739.9715214,-242.1265238421388,-181.97377396861896,1338.575627864163,13.648033047645189,-18.15948928816045,2.9899687403573974e-19
1787278865.7770035,resting,fast,1787278739.9715214,-242.50718672781431,-182.6925318821228,1341.9249889527828,13.70193989115791,-18.188039004585917,2.990586936503882e-19
1787278865.7909913,resting,fast,1787278739.9715214,-240.76023721567935,-180.62916098515427,1337.4570580104946,13.547187073885414,-18.057017791175788,2.984660350663743e-19
1787278865.7988718,resting,fast,1787278739.9715214,-240.25839363223758,-179.48060650936316,1337.7073466646443,13.461045488200998,-18.01937952241773,2.9789184293697007e-19
1787278865.8103282,resting,fast,1787278739.9715214,-240.11828699720036,-179.29738488039936,1334.416856485127,13.44730386602885,-18.00887152478972,2.9826699901852965e-19
1787278865.8238897,resting,fast,1787278739.9715214,-240.96691951039747,-180.09266318370385,1337.813081327794,13.506949738776303,-18.07251896327969,2.9833813126485064e-19
1787278865.8322494,resting,fast,1787278739.9715214,-242.15234407668368,-181.05165115507054,1336.4605394363634,13.578873836628876,-18.16142580575123,2.9840218734931416e-19
1787278865.8435776,resting,fast,1787278739.9715214,-242.1342649022149,-180.04289266421517,1337.431012738124,13.503216949814803,-18.16006986766599,2.981703785708429e-19
1787278865.85477,resting,fast,1787278739.9715214,-241.86702177805773,-179.69100581099644,1338.6313054123993,13.47682543582366,-18.140026633354076,2.9872779346700503e-19
1787278865.8654659,resting,fast,1787278739.9715214,-240.98286149433852,-179.6307921922338,1335.2014076238438,13.472309414416205,-18.07371461207517,2.986690741632453e-19
1787278865.876941,resting,fast,1787278739.9715214,-241.68200395729627,-180.4344152513628,1337.7298656283283,13.53258114385105,-18.1261502967968,2.990381618575756e-19
1787278865.8897107,resting,fast,1787278739.9715214,-240.29728955257406,-180.3288972454369,1332.770662245418,13.524667293406583,-18.02229671644296,2.986565104195765e-19
1787278865.8988514,resting,fast,1787278739.9715214,-240.03846254064547,-180.5556494712747,1335.9804357743642,13.541673710344387,-18.002884690548285,2.9897003529649413e-19
1787278865.9099975,resting,fast,1787278739.9715214,-239.14969672978032,-180.46719634689236,1333.1167394142694,13.5350397260157,-17.936227254733126,2.985083360333381e-19
1787278865.9236696,resting,fast,1787278739.9715214,-240.41617206408637,-180.86218092653633,1336.476017837268,13.564663569489031,-18.03121290480636,2.9851466067878454e-19
1787278865.9321792,resting,fast,1787278739.9715214,-240.9039294610916,-180.3789347094056,1336.4437366919274,13.528420103204216,-18.067794709581698,2.9838485819562833e-19
1787278865.9435236,resting,fast,1787278739.9715214,-241.9493494675803,-181.02109279675176,1340.7277571650184,13.576581959755064,-18.14620121006817,2.988285900648035e-19
1787278865.9576213,resting,fast,1787278739.9715214,-243.5519248756541,-181.78678602197704,1341.107281031028,13.634008951647122,-18.266394365673904,2.9922686336825162e-19
1787278865.965409,resting,fast,1787278739.9715214,-243.9710816077809,-182.43996811897694,1342.8848836201278,13.682997608922125,-18.297831120583346,2.995589586895938e-19
1787278865.9767587,resting,fast,1787278739.9715214,-243.31666935921157,-183.1093538395761,1339.9130265708,13.733201537966853,-18.24875020194049,2.993584438556606e-19
1787278865.991654,resting,fast,1787278739.9715214,-242.86206280681245,-182.45171494355043,1340.8721740055435,13.683878620764947,-18.214654710510793,2.991334537156204e-19
1787278865.998656,resting,fast,1787278739.9715214,-241.515920898923,-180.4508078398609,1339.0294594662837,13.533810587988345,-18.113694067419125,2.983654543256943e-19
1787278866.0101194,resting,fast,1787278739.9715214,-241.99800568324326,-180.4163683577725,1335.2426709027777,13.53122762683174,-18.1498504262431,2.980923966949863e-19
1787278866.0236757,resting,fast,1787278739.9715214,-240.7009202644217,-179.83242922280203,1331.960820837673,13.48743219170888,-18.052569019831594,2.9759048240340487e-19
1787278866.0321293,resting,fast,1787278739.9715214,-241.3477162268614,-180.55055208963188,1332.7144803866804,13.54129140672126,-18.101078717014303,2.9778776233960964e-19
1787278866.043522,resting,fast,1787278739.9715214,-240.24598989840933,-179.94897766407018,1334.0011611176824,13.496173324803724,-18.018449242380484,2.9769477075163325e-19
1787278866.0568793,resting,fast,1787278739.9715214,-241.9450730312151,-179.80173742769796,1337.3843182932605,13.485130307076123,-18.145880477340683,2.981568853115974e-19
1787278866.0653706,resting,fast,1787278739.9715214,-243.71520630518762,-180.09216747369453,1343.5808517456817,13.506912560525908,-18.278640472888753,2.9906975633766243e-19
1787278866.0767543,resting,fast,1787278739.9715214,-244.9707689906495,-179.54052565577274,1346.3205766444144,13.465539424181745,-18.37280767429855,2.9921946374891633e-19
1787278866.0907598,resting,fast,1787278739.9715214,-243.17318364660377,-179.25072182711972,1345.5834077392437,13.443804137032888,-18.237988773495232,2.9935535051532015e-19
1787278866.0986452,resting,fast,1787278739.9715214,-241.66495923924185,-178.72556035996456,1341.6497135032523,13.404417026996047,-18.124871942942775,2.9860670932066494e-19
1787278866.1101658,resting,fast,1787278739.9715214,-241.0184161532393,-180.00239911541473,1343.0392203627734,13.500179933654895,-18.076381211492844,2.9928372548169987e-19
1787278866.1241117,resting,fast,1787278739.9715214,-241.31798977416065,-180.22780916039994,1345.6905275055642,13.517085687028999,-18.098849233061877,2.995318616419988e-19
1787278866.1319747,resting,fast,1787278739.9715214,-240.5641860594692,-179.64398074236476,1343.8426981753828,13.47329855567607,-18.042313954460177,2.9931001248774127e-19
1787278866.1434867,resting,fast,1787278739.9715214,-239.8882089362428,-178.10140611748886,1342.2953375943644,13.357605458810415,-17.991615670218145,2.986734292749762e-19
1787278866.1545591,resting,fast,1787278739.9715214,-239.4598953931677,-178.3130635276035,1340.415349532078,13.373479764569016,-17.959492154487606,2.9818915124387197e-19
1787278866.1652534,resting,fast,1787278739.9715214,-241.26147219931,-179.11918851886787,1344.8993767005913,13.433939138913889,-18.09461041494825,2.98585084593647e-19
1787278866.1766648,resting,fast,1787278739.9715214,-242.18295027096838,-179.76173800846948,1344.7608542167136,13.482130350633842,-18.163721270322554,2.985032250838891e-19
1787278866.1907735,resting,fast,1787278739.9715214,-242.70713197323175,-179.7518665564627,1342.9345481752416,13.481389991733398,-18.203034897992296,2.9834494493426437e-19
1787278866.1986156,resting,fast,1787278739.9715214,-241.19894699127826,-179.3461087439547,1339.214678944586,13.450958155795409,-18.08992102434575,2.98507634609073e-19
1787278866.210059,resting,fast,1787278739.9715214,-241.48550268405643,-179.02853996532247,1342.54797017705,13.42714049739796,-18.11141270130431,2.990053062379951e-19
1787278866.2238905,resting,fast,1787278739.9715214,-241.8521093123868,-178.92852171480388,1346.229147015586,13.419639128609152,-18.138908198428844,2.9936005724120155e-19
1787278866.2318861,resting,fast,1787278739.9715214,-241.7698834214193,-179.93727714435033,1348.5183445858884,13.495295785824968,-18.132741256606216,2.9924302993731615e-19
1787278866.243281,resting,fast,1787278739.9715214,-241.11334018200023,-179.8396663316795,1344.9353910837772,13.487974974874735,-18.083500513649916,2.987965573862405e-19
1787278866.2562594,resting,fast,1787278739.9715214,-240.41425778370876,-180.2949747845331,1341.4221324683867,13.522123108838773,-18.031069333777943,2.985426105905207e-19
1787278866.2654088,resting,fast,1787278739.9715214,-241.3469021048627,-179.36754251557988,1338.1784066262107,13.452565688667224,-18.101017657864354,2.9846338787387867e-19
1787278866.2765794,resting,fast,1787278739.9715214,-241.90855142854207,-179.58063300446463,1337.1778161686407,13.468547475333484,-18.143141357140472,2.9816181141254324e-19
1787278866.2900538,resting,fast,1787278739.9715214,-241.869426830483,-179.04148263255058,1337.6000837626825,13.428111197440021,-18.14020701228626,2.9831613029520958e-19
1787278866.298474,resting,fast,1787278739.9715214,-241.59892081198404,-180.2036446737908,1339.0702621380324,13.515273350533096,-18.11991906089876,2.9828657312928237e-19
1787278866.3098524,resting,fast,1787278739.9715214,-242.33671094933152,-180.15851352526067,1340.482026619903,13.511888514393167,-18.175253321199428,2.9891269453378473e-19
1787278866.3231914,resting,fast,1787278739.9715214,-242.50886851998484,-180.30223116683294,1341.1814026464554,13.522667337511283,-18.18816513899865,2.9888499983578925e-19
1787278866.3316808,resting,fast,1787278739.9715214,-243.00830122986872,-179.72702524593194,1340.0702580532952,13.479526893443737,-18.22562259223983,2.989628028202677e-19
1787278866.3430464,resting,fast,1787278739.9715214,-242.88268906719213,-181.31227045423782,1342.4433907059274,13.59842028406661,-18.216201680039177,2.991807966216886e-19
1787278866.35629,resting,fast,1787278739.9715214,-242.68116045463603,-182.2853317845903,1341.6499473942558,13.671399883842941,-18.201087034097498,2.9947157582344425e-19
1787278866.3649943,resting,fast,1787278739.9715214,-242.3850847506642,-181.0807588440881,1340.8022040531823,13.581056913305321,-18.17888135629957,2.992191301924077e-19
1787278866.3765662,resting,fast,1787278739.9715214,-241.72960770972668,-180.1610474630121,1336.843274233638,13.51207855972466,-18.12972057822929,2.990266809379525e-19
1787278866.3890443,resting,fast,1787278739.9715214,-242.74658958414102,-178.10204101438956,1341.0989427077357,13.357653076077913,-18.20599421881041,2.9917012931230646e-19
1787278866.3986962,resting,fast,1787278739.9715214,-241.70570691577132,-179.30210824896892,1341.7176871163674,13.44765811867143,-18.127928018682724,2.995847889454823e-19
1787278866.4098015,resting,fast,1787278739.9715214,-241.73099460197636,-178.31333135313696,1342.4959423370192,13.373499851484045,-18.12982459514793,2.990826556324489e-19
1787278866.4217732,resting,fast,1787278739.9715214,-242.57270723001648,-179.7580372823985,1341.5208981994756,13.481852796178561,-18.192953042250956,2.991218199545328e-19
1787278866.4317424,resting,fast,1787278739.9715214,-243.25280310258813,-179.6541117426135,1341.760563387089,13.474058380694633,-18.243960232694043,2.98775969803486e-19
1787278866.4431274,resting,fast,1787278739.9715214,-242.65219403482433,-180.52088321624217,1341.4688067582456,13.53906624121689,-18.198914552611456,2.989722972190754e-19
1787278866.455664,resting,fast,1787278739.9715214,-241.47989283332254,-179.83344903529644,1338.528586928839,13.487508677646066,-18.110991962498808,2.983949884327055e-19
1787278866.465058,resting,fast,1787278739.9715214,-241.4920853446115,-179.94131775074663,1338.9964566724839,13.495598831304651,-18.111906400845584,2.9897096404399594e-19
1787278866.475828,resting,fast,1787278739.9715214,-241.20056907401022,-179.5933540898401,1339.104536749056,13.469501556736919,-18.090042680550475,2.989080751501629e-19
1787278866.4879475,resting,fast,1787278739.9715214,-239.74161375978065,-179.41004424853793,1339.368046373601,13.4557533186392,-17.98062103198331,2.9918316259928364e-19
1787278866.4984012,resting,fast,1787278739.9715214,-237.88734568794507,-178.6721448937211,1333.3098099003064,13.40041086702772,-17.841550926595566,2.983978131920335e-19
1787278866.5097442,resting,fast,1787278739.9715214,-238.47751520553493,-179.35806157712125,1333.7495398397905,13.451854618282912,-17.885813640414852,2.987537101039856e-19
1787278866.5222378,resting,fast,1787278739.9715214,-240.58535056092614,-179.7567387405619,1336.181895289711,13.481755405541069,-18.043901292069187,2.9874139695353255e-19
1787278866.531664,resting,fast,1787278739.9715214,-242.28645356377683,-180.95631587600462,1340.1585858545177,13.57172369069929,-18.171484017282935,2.9920465658377714e-19
1787278866.5429914,resting,fast,1787278739.9715214,-241.81078328694957,-180.31148864320278,1342.1429935589576,13.523361648239078,-18.13580874652093,2.9934720124088653e-19
1787278866.555709,resting,fast,1787278739.9715214,-240.3573734535953,-180.57733678635384,1339.466051133696,13.543300258975027,-18.026803009019318,2.993435664204812e-19
1787278866.5648665,resting,fast,1787278739.9715214,-241.16465637622014,-180.0415540073667,1344.173167434822,13.503116550551244,-18.087349228216375,2.9980359645146713e-19
1787278866.576332,resting,fast,1787278739.9715214,-241.54374941467586,-179.07513097824665,1343.4723389653345,13.430634823367289,-18.115781206100536,2.996577803458012e-19
1787278866.5883598,resting,fast,1787278739.9715214,-242.2692951861095,-178.8394086329273,1343.4284474471415,13.412955647468468,-18.170197138958088,2.996084917238255e-19
1787278866.598325,resting,fast,1787278739.9715214,-240.8201736374872,-178.3623907228249,1339.1642150068683,13.377179304210646,-18.061513022811532,2.9930621105586135e-19
1787278866.6095238,resting,fast,1787278739.9715214,-241.24791547083487,-179.57735708903886,1338.6830854021455,13.46830178167669,-18.093593660312322,2.993131548690932e-19
1787278866.6213906,resting,fast,1787278739.9715214,-240.19115547012962,-179.42230771435732,1336.246412450545,13.456673078575722,-18.01433666025951,2.990322065064881e-19
1787278866.6316674,resting,fast,1787278739.9715214,-239.92735451422004,-180.0710456474086,1333.4795280812932,13.505328423554591,-17.994551588566615,2.9850722311613777e-19
1787278866.6428995,resting,fast,1787278739.9715214,-239.08555373740137,-179.21123344757564,1331.4134888319486,13.440842508567048,-17.931416530304837,2.98351635042738e-19
1787278866.6540332,resting,fast,1787278739.9715214,-240.51628405033762,-180.14580260875994,1333.317578426212,13.510935195655652,-18.03872130377522,2.9896234107224974e-19
1787278866.665093,resting,fast,1787278739.9715214,-241.30797560055316,-179.75559310435722,1334.2274145122583,13.481669482825655,-18.09809817004122,2.994767396450861e-19
1787278866.6757169,resting,fast,1787278739.9715214,-240.75925821591,-178.79799471991225,1335.7844890324259,13.409849603992118,-18.05694436619327,2.99818929146541e-19
1787278866.6868777,resting,fast,1787278739.9715214,-240.18735583507942,-178.39971584543912,1333.0734225789738,13.379978688406627,-18.01405168763067,2.996884137409998e-19
1787278866.6979556,resting,fast,1787278739.9715214,-239.15121426228097,-178.2850978360808,1333.2983406422018,13.37138233770472,-17.936341069670952,2.9936759631976053e-19
1787278866.7096026,resting,fast,1787278739.9715214,-240.37808364242255,-179.24430691486566,1332.4212714914347,13.443323018613828,-18.02835627318165,2.9926683331650273e-19
1787278866.7208254,resting,fast,1787278739.9715214,-240.18863492504943,-178.56082342292177,1335.4109408012928,13.392061756717798,-18.014147619378768,2.990402553662499e-19
1787278866.7312946,resting,fast,1787278739.9715214,-239.95044163350713,-178.17975676947924,1332.0272282148553,13.363481757709625,-17.996283122512814,2.98999261551293e-19
1787278866.7428029,resting,fast,1787278739.9715214,-237.84618956154054,-175.83537352968676,1330.7260392238268,13.18765301472536,-17.838464217115614,2.9880087649257304e-19
1787278866.7539144,resting,fast,1787278739.9715214,-237.45549129399524,-174.8775396942641,1330.9286240437732,13.115815477068711,-17.809161847049396,2.988795456395891e-19
1787278866.7647834,resting,fast,1787278739.9715214,-237.16407296923762,-174.18818959397947,1329.640776080626,13.064114219547267,-17.787305472692573,2.9912460748536884e-19
1787278866.775985,resting,fast,1787278739.9715214,-237.71365653185103,-176.81704319406037,1329.9496715665473,13.261278239553096,-17.828524239888615,2.995364647273672e-19
1787278866.7872953,resting,fast,1787278739.9715214,-237.15315504328964,-177.77160541851947,1327.5456415021827,13.332870406387617,-17.786486628246628,2.9948558230121746e-19
1787278866.798248,resting,fast,1787278739.9715214,-236.79569416248933,-178.86799245201303,1333.3284180229139,13.415099433899432,-17.75967706218656,3.002115885913847e-19
1787278866.809318,resting,fast,1787278739.9715214,-236.6333393569298,-179.0058621078573,1332.4600468605195,13.425439658088198,-17.747500451769575,3.000302601533041e-19
1787278866.8204756,resting,fast,1787278739.9715214,-236.26518117236765,-179.44587908678784,1333.001842549008,13.458440931507827,-17.71988858792743,3.0016739079024557e-19
1787278866.8314102,resting,fast,1787278739.9715214,-236.72801379373368,-179.90970427689092,1332.5785375207079,13.493227820765686,-17.75460103452984,2.9984048866803814e-19
1787278866.8426254,resting,fast,1787278739.9715214,-236.62299443760412,-179.15198618705392,1334.8021809810552,13.436398964027621,-17.746724582820242,2.999563135910468e-19
1787278866.8538132,resting,fast,1787278739.9715214,-236.18566471475287,-178.8678870931236,1335.4769653959802,13.415091531982998,-17.713924853606173,3.000729271498503e-19
1787278866.8643057,resting,fast,1787278739.9715214,-236.12776500796417,-178.77719248477285,1335.9260323181143,13.408289436356615,-17.709582375596952,3.0006648401863008e-19
1787278866.8754282,resting,fast,1787278739.9715214,-236.8622065505465,-180.31655942005875,1336.0185657801621,13.523741956503219,-17.764665491290778,3.002239050102965e-19
1787278866.8865995,resting,fast,1787278739.9715214,-237.2552783913684,-181.1860133408412,1337.008972200273,13.588951000561583,-17.794145879352335,3.005865887107318e-19
1787278866.8978248,resting,fast,1787278739.9715214,-237.8413786210117,-181.0345997592059,1338.185633547665,13.577594981939473,-17.838103396575733,3.0049307803083878e-19
1787278866.9092054,resting,fast,1787278739.9715214,-237.41748427682387,-179.83200313184727,1335.2438646181317,13.487400234887478,-17.806311320761615,3.003127177210738e-19
1787278866.920427,resting,fast,1787278739.9715214,-236.722682062677,-179.3733467319031,1335.0531578573346,13.453001004891494,-17.754201154700603,2.998617735628864e-19
1787278866.9313717,resting,fast,1787278739.9715214,-236.01886294958467,-178.21700833240595,1332.8182460520156,13.366275624929106,-17.70141472121866,2.995301128162534e-19
1787278866.9425647,resting,fast,1787278739.9715214,-235.18583210162024,-179.67745523905057,1334.9174796939105,13.475809142927805,-17.638937407621377,2.99823474498102e-19
1787278866.9537716,resting,fast,1787278739.9715214,-235.12792109148677,-179.05096082967555,1332.4940233456646,13.428822062224572,-17.634594081861238,2.998010295295439e-19
1787278866.9646156,resting,fast,1787278739.9715214,-235.47743224651958,-178.98791324696015,1336.5998829495702,13.424093493520804,-17.66080741848866,3.0034194290559683e-19
1787278866.9758482,resting,fast,1787278739.9715214,-236.90580704201466,-177.86634474246728,1339.1094197941302,13.339975855683736,-17.767935528150915,3.003438493543005e-19
1787278866.986934,resting,fast,1787278739.9715214,-237.14218554280842,-177.6375481302565,1339.84733945901,13.322816109768073,-17.78566391571031,3.003179872632923e-19
1787278866.9981537,resting,fast,1787278739.9715214,-237.2083412917441,-179.27304554920318,1338.0534666646845,13.445478416189264,-17.790625596880638,3.002025579257669e-19
1787278867.009144,resting,fast,1787278739.9715214,-236.9892029835978,-178.8467826306163,1337.0667410202286,13.413508697295118,-17.774190223769708,3.001112544869445e-19
1787278867.0202367,resting,fast,1787278739.9715214,-238.2358605541499,-180.64070082047704,1337.2131469831902,13.548052561534309,-17.86768954156097,3.0069205419934343e-19
1787278867.0309296,resting,fast,1787278739.9715214,-238.09123535912977,-179.4420563963439,1334.3782915974725,13.458154229724418,-17.85684265193443,3.0032548161880147e-19
1787278867.0420837,resting,fast,1787278739.9715214,-238.1298789541329,-179.90432563594788,1334.051270330171,13.492824422695083,-17.859740921559776,3.005005366029116e-19
1787278867.0534332,resting,fast,1787278739.9715214,-236.4542527349372,-177.73783651020346,1334.2946952695756,13.330337738264081,-17.734068955119866,3.001314457670435e-19
1787278867.0644186,resting,fast,1787278739.9715214,-236.02710774179513,-177.0700313313256,1337.8562418984102,13.280252349848073,-17.70203308063448,3.00335895068197e-19
1787278867.075817,resting,fast,1787278739.9715214,-235.39144813043777,-178.65941097812185,1335.0834894571772,13.39945582335783,-17.654358609782754,2.9994408134505387e-19
1787278867.0871227,resting,fast,1787278739.9715214,-236.09179530709253,-179.8043574104296,1333.4632455719484,13.485326805780876,-17.70688464803191,2.9970200689756308e-19
1787278867.0979865,resting,fast,1787278739.9715214,-237.27042507010856,-181.36783244811488,1334.2536938520943,13.602587433607386,-17.795281880257818,3.0014614495006124e-19
1787278867.1092494,resting,fast,1787278739.9715214,-236.09810437822716,-178.80457560842876,1331.1103043426765,13.410343170630913,-17.70735782836693,3.0000639058382827e-19
1787278867.1199148,resting,fast,1787278739.9715214,-237.33045841386638,-179.83140503300422,1333.1583563425784,13.487355377474007,-17.79978438103968,3.0043715158415946e-19
1787278867.1312447,resting,fast,1787278739.9715214,-236.28656226514204,-179.16663735219993,1328.9264202299682,13.437497801413759,-17.721492169885515,3.0010207604245903e-19
1787278867.1423814,resting,fast,1787278739.9715214,-236.61371680913862,-179.18597353994608,1331.9901486828885,13.438948015494706,-17.746028760685007,3.0052371270096314e-19
1787278867.1534142,resting,fast,1787278739.9715214,-236.00595389676027,-177.9395834976409,1331.2051015036895,13.345468762321591,-17.70044654225689,3.004278379607707e-19
1787278867.164587,resting,fast,1787278739.9715214,-235.6881929479855,-177.771256517913,1332.7999756283962,13.332844238842117,-17.67661447109888,3.0055741966594827e-19
1787278867.1757343,resting,fast,1787278739.9715214,-236.24832761090192,-178.27056624403724,1333.1037831010826,13.370292468301873,-17.718624570817504,2.999381292946078e-19
1787278867.1866388,resting,fast,1787278739.9715214,-235.14880552881687,-178.1344110757533,1331.095069636137,13.36008083068025,-17.636160414661063,2.998562435367332e-19
1787278867.1977694,resting,fast,1787278739.9715214,-235.75258245754458,-177.86963187016966,1330.7614331152008,13.34022239026152,-17.681443684315582,3.0002094356693203e-19
1787278867.2089322,resting,fast,1787278739.9715214,-236.2798213749179,-178.2778259030821,1331.8526952078855,13.370836942729998,-17.720986603118597,3.007300086357773e-19
1787278867.2201772,resting,fast,1787278739.9715214,-237.04293914617347,-177.77090787761324,1335.7998511876676,13.332818090819845,-17.77822043596278,3.007907375481342e-19
1787278867.2310727,resting,fast,1787278739.9715214,-237.39891929527357,-177.89830327344282,1338.3062666658252,13.342372745507038,-17.80491894714534,3.0064297147391507e-19
1787278867.2422898,resting,fast,1787278739.9715214,-237.26904430509376,-177.29421637891767,1340.2325535826267,13.297066228417624,-17.795178322881654,3.0073949308379013e-19
1787278867.2531095,resting,fast,1787278739.9715214,-235.95243939287548,-176.36439470177572,1334.8979907924431,13.227329602631958,-17.69643295446552,3.005375908278082e-19
1787278867.2645242,resting,fast,1787278739.9715214,-235.24612418845618,-176.33112932035158,1333.2159659339186,13.224834699025326,-17.64345931413414,3.0025914008580557e-19
1787278867.2756293,resting,fast,1787278739.9715214,-235.07111870404378,-175.8863305097126,1332.4114991840806,13.191474788227413,-17.630333902803024,3.002890513483484e-19
1787278867.2866688,resting,fast,1787278739.9715214,-236.56937256321316,-176.90886011768555,1337.394776783297,13.26816450882524,-17.742702942240868,3.0085106337700916e-19
1787278867.297659,resting,fast,1787278739.9715214,-237.97145509682878,-176.8160526610144,1339.2507064402844,13.26120394957471,-17.84785913226211,3.015995133109707e-19
1787278867.3089259,resting,fast,1787278739.9715214,-237.00927288165212,-176.62112954400834,1336.4561885808207,13.246584715799418,-17.775695466123622,3.012625256850743e-19
1787278867.3199778,resting,fast,1787278739.9715214,-235.50274659321212,-175.18429367400483,1333.088165897535,13.138822025548993,-17.66270599449075,3.009677609418248e-19
1787278867.3311362,resting,fast,1787278739.9715214,-233.62956166381036,-174.6959186995083,1329.619383875136,13.10219390246198,-17.52221712478554,3.0031610446824334e-19
1787278867.3422318,resting,fast,1787278739.9715214,-234.51073987466634,-175.84764591248893,1331.75382790413,13.18857344343552,-17.588305490599573,3.0102386566504305e-19
1787278867.3531437,resting,fast,1787278739.9715214,-235.3969428653104,-176.48108215550258,1334.0912835530116,13.236081161661293,-17.6547707148981,3.0157061083214836e-19
1787278867.364483,resting,fast,1787278739.9715214,-235.61196748663724,-176.1191081952021,1334.6397165670578,13.208933114638999,-17.670897561497647,3.022627744505213e-19
1787278867.3755245,resting,fast,1787278739.9715214,-236.81177086434354,-174.86245199517964,1334.426405795558,13.11468389963716,-17.760882814825607,3.019260953667591e-19
1787278867.386657,resting,fast,1787278739.9715214,-237.06608219387135,-174.37198890125103,1332.5844999918818,13.077899167592609,-17.779956164540266,3.018903038437624e-19
1787278867.3976681,resting,fast,1787278739.9715214,-237.0031727298151,-173.66876765920358,1333.6755850061918,13.025157574438996,-17.775237954736134,3.0147194743837053e-19
1787278867.408812,resting,fast,1787278739.9715214,-235.46472520355883,-172.9249094317039,1333.5935427670438,12.969368207376466,-17.659854390266965,3.0150339164261564e-19
1787278867.4199176,resting,fast,1787278739.9715214,-234.7976869943309,-173.07378331860252,1333.9661858797672,12.980533748894036,-17.609826524574636,3.01315617809643e-19
1787278867.4309134,resting,fast,1787278739.9715214,-234.69376888531087,-174.55058544396263,1332.0417537861076,13.091293908295913,-17.602032666398202,3.013788351153543e-19
1787278867.4420795,resting,fast,1787278739.9715214,-234.3623246895827,-174.9742367817338,1328.8656908229214,13.123067758628853,-17.577174351718476,3.009060046220008e-19
1787278867.4529843,resting,fast,1787278739.9715214,-233.78693391230217,-174.93990805896772,1327.7398907667384,13.120493104421389,-17.534020043422608,3.0090478228216816e-19
1787278867.46416,resting,fast,1787278739.9715214,-233.9977865945225,-174.90270220818059,1326.9358819919662,13.117702665612232,-17.549833994588973,3.0087291191463457e-19
1787278867.4750867,resting,fast,1787278739.9715214,-234.93326505949562,-175.24290937720377,1329.9911806132468,13.143218203289113,-17.61999487946222,3.013804560704673e-19
1787278867.4864676,resting,fast,1787278739.9715214,-234.62283920296568,-175.34622808411007,1325.2358976707847,13.15096710630704,-17.596712940222325,3.0096302104645587e-19
1787278867.4975436,resting,fast,1787278739.9715214,-235.36565954815296,-174.82314149973843,1327.628067801269,13.111735612479027,-17.652424466111306,3.012779770290465e-19
1787278867.5086536,resting,fast,1787278739.9715214,-234.6888761306741,-176.34887597254203,1325.1820455955121,13.226165697939198,-17.601665709800336,3.0132504803185716e-19
1787278867.5197253,resting,fast,1787278739.9715214,-235.72081797935653,-177.30201573387615,1330.7407996275788,13.297651180039427,-17.67906134845179,3.015950879621114e-19
1787278867.53075,resting,fast,1787278739.9715214,-235.74680974681132,-178.87010615663314,1325.5353797433045,13.415257961746523,-17.681010731010687,3.011335716101432e-19
1787278867.5418198,resting,fast,1787278739.9715214,-235.6543324146901,-177.0144118126069,1328.6542066246975,13.276080885944541,-17.674074931101657,3.010159875791979e-19
1787278867.552613,resting,fast,1787278739.9715214,-236.49375147771798,-177.05913963842306,1330.8291148716007,13.279435472880383,-17.737031360828745,3.013285074634464e-19
1787278867.5638747,resting,fast,1787278739.9715214,-234.67121079805793,-175.14437343342308,1332.5390266802724,13.135828007505669,-17.600340809854202,3.0162083785864e-19
1787278867.575156,resting,fast,1787278739.9715214,-235.2264204059552,-175.863081028804,1334.8548264007159,13.189731077159113,-17.64198153044643,3.019533658018786e-19
1787278867.5862753,resting,fast,1787278739.9715214,-233.7441671407446,-176.054337405492,1332.0849860142926,13.20407530541073,-17.530812535555725,3.0175626710031116e-19
1787278867.5973995,resting,fast,1787278739.9715214,-234.22723786364486,-175.0586543177527,1328.9778046830443,13.129399073830403,-17.567042839773293,3.013791676799089e-19
1787278867.6085668,resting,fast,1787278739.9715214,-233.67831842310125,-175.30068527038668,1322.1857363412155,13.147551395277848,-17.52587388173241,3.0103267554055273e-19
1787278867.6197424,resting,fast,1787278739.9715214,-234.49856667863196,-174.34957576344812,1320.9277125295002,13.076218182257339,-17.587392500897337,3.0089151774279157e-19
1787278867.6307116,resting,fast,1787278739.9715214,-234.96719577051454,-175.7217986461386,1325.8283464961123,13.179134898458972,-17.62253968278847,3.0121817627867035e-19
1787278867.641737,resting,fast,1787278739.9715214,-234.3675942718769,-174.83059603537674,1326.1743796010805,13.112294702651997,-17.577569570390622,3.0097983516621146e-19
1787278867.6530023,resting,fast,1787278739.9715214,-234.55753407482143,-174.7955165045097,1328.1516580123925,13.109663737837057,-17.591815055611605,3.0103961278430793e-19
1787278867.663986,resting,fast,1787278739.9715214,-233.9641259019986,-173.63571328078262,1326.4521916070562,13.022678496057356,-17.54730944264982,3.0083189307035973e-19
1787278867.6748564,resting,fast,1787278739.9715214,-234.97212740851364,-171.98260375167126,1331.8249097970174,12.898695281374206,-17.622909555638273,3.0118915001692373e-19
1787278867.6861498,resting,fast,1787278739.9715214,-233.81049113337986,-171.3698490478149,1326.3813372662908,12.852738678584874,-17.535786835003222,3.0085615951507444e-19
1787278867.6971982,resting,fast,1787278739.9715214,-234.80914109936066,-172.3881168528652,1328.8648125829395,12.929108763963729,-17.610685582451744,3.0118997236623066e-19
1787278867.7083938,resting,fast,1787278739.9715214,-234.4507800442475,-174.5092895198303,1327.9028189686478,13.088196713986111,-17.583808503318437,3.013690444003532e-19
1787278867.7197022,resting,fast,1787278739.9715214,-236.34418963647067,-175.23075675262442,1335.5638625949005,13.14230675644571,-17.72581422273504,3.01902131959241e-19
1787278867.7306862,resting,fast,1787278739.9715214,-235.88933918079465,-175.95829801361026,1332.383575431596,13.196872351019639,-17.691700438559344,3.0202145671265847e-19
1787278867.7412124,resting,fast,1787278739.9715214,-236.33697908719796,-175.8654752367912,1334.326735052001,13.189910642758083,-17.725273431539684,3.0199203901968336e-19
1787278867.7524047,resting,fast,1787278739.9715214,-234.27347534928822,-175.64634262283687,1328.5278080807775,13.173475696711765,-17.570510651196386,3.0149915559985475e-19
1787278867.7636003,resting,fast,1787278739.9715214,-233.82790051187885,-174.18108167774596,1331.9308630816276,13.06358112582959,-17.53709253839071,3.012082044403946e-19
1787278867.7749612,resting,fast,1787278739.9715214,-233.08307167565408,-175.01010550964054,1326.0183194981919,13.125757913221694,-17.48123037567408,3.008203597391228e-19
1787278867.7859871,resting,fast,1787278739.9715214,-234.32943223371194,-175.11761312646274,1331.0613667098814,13.133820984483652,-17.574707417528145,3.0172471209200984e-19
1787278867.7970889,resting,fast,1787278739.9715214,-235.2363930072247,-176.16053047225512,1329.995794187932,13.212039785418131,-17.642729475541664,3.020530845899897e-19
1787278867.808304,resting,fast,1787278739.9715214,-235.71997748880813,-176.06111114135535,1331.9693030260032,13.20458333560045,-17.678998311660514,3.0249152210395444e-19
1787278867.819533,resting,fast,1787278739.9715214,-235.4864672601575,-176.187450467061,1333.4211785249727,13.214058785028332,-17.6614850445118,3.021425571028169e-19
1787278867.8304923,resting,fast,1787278739.9715214,-234.945418834845,-174.6518861367407,1339.0838978962101,13.098891460254467,-17.620906412613145,3.0223442185254033e-19
1787278867.8416169,resting,fast,1787278739.9715214,-235.76777574285416,-172.98725422035375,1341.6729703864976,12.97404406652527,-17.68258318071382,3.02261691008722e-19
1787278867.852694,resting,fast,1787278739.9715214,-236.38581154556368,-174.31529461866796,1340.4585120541824,13.073647096398833,-17.728935865916974,3.024199621015019e-19
1787278867.8637497,resting,fast,1787278739.9715214,-236.4902896096687,-176.56968682119475,1333.3166953846567,13.242726511588632,-17.736771720724988,3.019783573341127e-19
1787278867.8749702,resting,fast,1787278739.9715214,-235.08967684888512,-176.08525693452464,1329.7006838324278,13.206394270088385,-17.63172576366604,3.0148075175717867e-19
1787278867.8855693,resting,fast,1787278739.9715214,-235.8713183577779,-176.03750876354854,1332.0642868211262,13.202813157264803,-17.6903488768332,3.01610824335945e-19
1787278867.896728,resting,fast,1787278739.9715214,-236.22764732585847,-173.888228515346,1336.129503018824,13.041617138649716,-17.717073549439228,3.0162788979864026e-19
1787278867.9081874,resting,fast,1787278739.9715214,-235.7934541669124,-173.65387353274298,1334.9203568218427,13.024040514954653,-17.684509062518323,3.013796271107419e-19
1787278867.9190571,resting,fast,1787278739.9715214,-234.10626588032892,-172.35941194246345,1328.122010722237,12.926955895683694,-17.557969941024325,3.005987952695488e-19
1787278867.9305196,resting,fast,1787278739.9715214,-234.40982207866136,-174.02511503099174,1328.6366961931553,13.051883627323296,-17.580736655899408,3.0108499552176576e-19
1787278867.9415448,resting,fast,1787278739.9715214,-235.56468438388902,-174.7942866684142,1330.6066554594117,13.109571500129906,-17.667351328791597,3.017108420075655e-19
1787278867.9522853,resting,fast,1787278739.9715214,-236.48041154868997,-175.58896515955337,1335.4427155964268,13.16917238696539,-17.73603086615158,3.021076188037977e-19
1787278867.9636881,resting,fast,1787278739.9715214,-235.79805031403475,-175.748334253292,1334.9086690080812,13.181125068995744,-17.684853773552568,3.0200741881650117e-19
1787278867.9748056,resting,fast,1787278739.9715214,-236.01274093092024,-176.31570663481318,1337.176188019247,13.223677997609759,-17.700955569818916,3.0172395808442135e-19
1787278867.9854755,resting,fast,1787278739.9715214,-235.18194291347254,-175.3998138003459,1334.324237915881,13.154986035024724,-17.638645718510418,3.0167558085156493e-19
1787278867.9970458,resting,fast,1787278739.9715214,-235.01420411553272,-172.99886768174053,1332.7613449903592,12.974915076129466,-17.6260653086647,3.0135970194561466e-19
1787278868.0081403,resting,fast,1787278739.9715214,-233.6114764519648,-173.0279914340855,1326.8348949553629,12.97709935755525,-17.52086073389706,3.0103201559278176e-19
1787278868.0189197,resting,fast,1787278739.9715214,-233.4448039473623,-172.2013378539442,1328.9709291080462,12.915100339044844,-17.508360296051997,3.0105916444728135e-19
1787278868.029793,resting,fast,1787278739.9715214,-235.3132123291566,-174.93353065633676,1329.3797019245185,13.12001479922397,-17.648490924686563,3.012574558079769e-19
1787278868.0412014,resting,fast,1787278739.9715214,-236.9125657713189,-174.54892934030443,1335.7772137173151,13.09116970052138,-17.768442432848957,3.0147828841511397e-19
1787278868.0521295,resting,fast,1787278739.9715214,-236.76307015170778,-175.2343821112073,1333.1502518522384,13.142578658339009,-17.757230261378176,3.0118119864892228e-19
1787278868.0635912,resting,fast,1787278739.9715214,-236.0028871617419,-175.26282707681492,1331.1600728054864,13.14471203075971,-17.700216537130395,3.010655905769602e-19
1787278868.0747538,resting,fast,1787278739.9715214,-234.7046367885555,-174.63728374598566,1330.0829518259243,13.097796280947865,-17.60284775914141,3.0118448728979533e-19
1787278868.0854654,resting,fast,1787278739.9715214,-235.29998449285404,-174.1464807347853,1330.3217690331521,13.060986055107723,-17.647498836963933,3.01030109339633e-19
1787278868.0967638,resting,fast,1787278739.9715214,-236.7334213026811,-174.2313544246532,1338.193322243479,13.067351581847692,-17.755006597701055,3.0120045308226783e-19
1787278868.107983,resting,fast,1787278739.9715214,-238.69141827740214,-175.09259842293488,1338.8108701273022,13.13194488171894,-17.901856370805078,3.014132577548371e-19
1787278868.118854,resting,fast,1787278739.9715214,-239.41786219486175,-176.65136742817856,1340.062144879873,13.248852557112262,-17.956339664614248,3.017606110935052e-19
1787278868.1296618,resting,fast,1787278739.9715214,-237.57590447940447,-176.53813341191483,1335.3837799801304,13.24036000589243,-17.818192835955045,3.017246279550726e-19
1787278868.1410692,resting,fast,1787278739.9715214,-237.0977075684582,-177.34181897665223,1334.461938458141,13.300636423247742,-17.782328067634253,3.0152115414973586e-19
1787278868.1518867,resting,fast,1787278739.9715214,-236.19499635634065,-178.38991508025185,1335.01667195362,13.379243631017818,-17.714624726725205,3.0199430357085933e-19
1787278868.1633956,resting,fast,1787278739.9715214,-238.00392896716176,-178.37911059488022,1336.9960950559534,13.378433294614656,-17.85029467253726,3.0208806209197235e-19
1787278868.17465,resting,fast,1787278739.9715214,-237.22755180119702,-177.3633033454156,1338.191927968467,13.302247750904886,-17.79206638508971,3.02175326308386e-19
1787278868.1855545,resting,fast,1787278739.9715214,-238.01482581825667,-176.2519729503682,1340.2687620494626,13.218897971276423,-17.851111936368767,3.0210384516212777e-19
1787278868.1967735,resting,fast,1787278739.9715214,-237.0122681249154,-175.04850303296155,1339.0710712590126,13.12863772747092,-17.77592010936852,3.0195126501984396e-19
1787278868.2079573,resting,fast,1787278739.9715214,-236.22889098007772,-173.65500643765984,1337.0411981008228,13.024125482823184,-17.717166823505707,3.018787145510007e-19
1787278868.21863,resting,fast,1787278739.9715214,-235.59711798987746,-172.28626647028648,1334.6353761244072,12.92146998527041,-17.669783849240787,3.015704769386232e-19
1787278868.2300704,resting,fast,1787278739.9715214,-235.49680550566927,-173.06482397291313,1336.221362510193,12.979861797967263,-17.6622604129251,3.0186386532642927e-19
1787278868.241238,resting,fast,1787278739.9715214,-236.85114452169682,-176.23935583928085,1334.232948210888,13.217951687945092,-17.76383583912697,3.0188394189191236e-19
1787278868.25188,resting,fast,1787278739.9715214,-236.7076050767787,-175.5278025040626,1335.8015247906596,13.164585187803272,-17.753070380758246,3.0172044459395287e-19
1787278868.2633696,resting,fast,1787278739.9715214,-235.38364878749553,-175.1184753099011,1330.2281047715524,13.133885648241407,-17.65377365906199,3.0115198582514686e-19
1787278868.2746465,resting,fast,1787278739.9715214,-235.16774929516532,-172.97258747871626,1334.7166332383085,12.97294406090258,-17.63758119713728,3.011942525507882e-19
1787278868.2851503,resting,fast,1787278739.9715214,-237.05332426648556,-174.2496366588074,1335.3519307886972,13.068722749409464,-17.778999319986212,3.0146405753900342e-19
1787278868.296683,resting,fast,1787278739.9715214,-237.30001934481197,-173.4426795570456,1338.2685939674311,13.008200966777327,-17.797501450860764,3.0161574822479623e-19
1787278868.307955,resting,fast,1787278739.9715214,-237.68976913909728,-175.01293055103372,1336.6186679861976,13.125969791326131,-17.82673268543229,3.0171466632813575e-19
1787278868.3184824,resting,fast,1787278739.9715214,-236.98783916165166,-175.21766883261114,1336.5584481407977,13.141325162444506,-17.774087937123596,3.0185050454593866e-19
1787278868.329993,resting,fast,1787278739.9715214,-236.9082328363479,-176.9403902626117,1332.692713989186,13.270529269694467,-17.768117462725854,3.015662607337735e-19
1787278868.3411365,resting,fast,1787278739.9715214,-236.57866964058985,-176.45276984835402,1334.3999054545393,13.233957738625438,-17.743400223043892,3.0142832910175006e-19
1787278868.351853,resting,fast,1787278739.9715214,-236.2140750260819,-176.56523345892617,1337.1802400060906,13.242392509418114,-17.716055626956155,3.0142361408733544e-19
1787278868.3632402,resting,fast,1787278739.9715214,-235.98085580621546,-174.87699431996168,1339.465602316287,13.115774573995811,-17.698564185466132,3.0146313187083634e-19
1787278868.3745534,resting,fast,1787278739.9715214,-235.72569996821903,-174.62995636797098,1340.7908157420288,13.097246727596644,-17.679427497616565,3.0178878864901796e-19
1787278868.3851235,resting,fast,1787278739.9715214,-235.3896918499163,-174.2158397195027,1338.9479206720962,13.066187978961455,-17.65422688874377,3.018013091356689e-19
1787278868.396619,resting,fast,1787278739.9715214,-235.8208047960875,-175.0179822251372,1341.0421903137913,13.126348666884017,-17.68656035970625,3.021303426350018e-19
1787278868.407761,resting,fast,1787278739.9715214,-235.83917016506393,-174.48550553890811,1339.567318067283,13.08641291541689,-17.68793776237945,3.0204782964325775e-19
1787278868.4183125,resting,fast,1787278739.9715214,-236.52116465627796,-175.65842498179825,1339.345247866716,13.17438187363354,-17.73908734922078,3.018714480679053e-19
1787278868.4298534,resting,fast,1787278739.9715214,-236.53756868372102,-176.99703928659721,1335.8574367455467,13.274777946493547,-17.740317651279057,3.017467671686314e-19
1787278868.4410946,resting,fast,1787278739.9715214,-236.84481469316097,-178.83780292880112,1334.3631570162588,13.41283521965875,-17.76336110198691,3.01779241248295e-19
1787278868.4516895,resting,fast,1787278739.9715214,-237.2427968384559,-179.8816351027432,1334.616315244607,13.491122632704606,-17.793209762883983,3.0206898087077655e-19
1787278868.463226,resting,fast,1787278739.9715214,-237.1026441874169,-178.21275404407436,1333.4072579846152,13.365956553304446,-17.782698314056034,3.016990959605357e-19
1787278868.4743822,resting,fast,1787278739.9715214,-236.2637749256305,-176.59791019698844,1332.6187175314835,13.2448432647729,-17.719783119422402,3.0152400287201465e-19
1787278868.4849746,resting,fast,1787278739.9715214,-235.8820353380538,-175.61362365639604,1332.4651211281207,13.171021774228354,-17.69115265035387,3.0150075548430537e-19
1787278868.4965045,resting,fast,1787278739.9715214,-235.0835761325966,-176.57834244671187,1330.284052710943,13.243375683502041,-17.631268209944615,3.0128586925449843e-19
1787278868.5076036,resting,fast,1787278739.9715214,-236.1325118373593,-177.654127842511,1336.8371754988102,13.324059588186888,-17.709938387801714,3.0144161576611683e-19
1787278868.518452,resting,fast,1787278739.9715214,-236.16726182389766,-177.65811095863717,1335.2051537067282,13.324358321896444,-17.71254463679218,3.0101395372605147e-19
1787278868.5297873,resting,fast,1787278739.9715214,-237.4024246036265,-177.86839579435457,1341.8262133490234,13.340129684575434,-17.805181845271818,3.0168646301343057e-19
1787278868.5409994,resting,fast,1787278739.9715214,-236.48814315751451,-176.85211236570228,1335.1615195250824,13.26390842742666,-17.736610736813375,3.013672764233095e-19
1787278868.5516996,resting,fast,1787278739.9715214,-236.29184204240346,-175.99687213492177,1338.756482193673,13.199765410118008,-17.721888153180032,3.0175856523528227e-19
1787278868.5631826,resting,fast,1787278739.9715214,-236.18287108199593,-176.64347766180697,1337.6357892175774,13.248260824634446,-17.713715331149572,3.019603366063623e-19
1787278868.5739894,resting,fast,1787278739.9715214,-238.07411422169707,-177.07042221230938,1341.1080685990482,13.28028166592188,-17.85555856662723,3.0254467980104456e-19
1787278868.5849214,resting,fast,1787278739.9715214,-238.0039349230051,-177.70402769967052,1337.0480625053142,13.327802077474235,-17.850295119225116,3.0211605792938563e-19
1787278868.5963993,resting,fast,1787278739.9715214,-237.93818486022747,-176.52615127392426,1338.1667067567605,13.239461345543095,-17.84536386451689,3.0208621140120624e-19
1787278868.6076243,resting,fast,1787278739.9715214,-237.38214062002635,-176.80870905467611,1336.3331525808562,13.260653179099283,-17.803660546501824,3.018877048611709e-19
1787278868.6181982,resting,fast,1787278739.9715214,-237.68991709501142,-176.11440638307306,1339.5234025416585,13.208580478729377,-17.82674378212574,3.0248407572900817e-19
1787278868.6296299,resting,fast,1787278739.9715214,-237.19640025894796,-175.68802320253565,1335.9206467615359,13.176601740189017,-17.789730019420695,3.0243369493432267e-19
1787278868.6439362,resting,fast,1787278739.9715214,-236.25920255413394,-174.99354104920405,1337.0243973629795,13.124515578689145,-17.719440191559585,3.0245918841287184e-19
1787278868.6516876,resting,fast,1787278739.9715214,-235.12173982983086,-174.23651613915888,1335.0638602632416,13.067738710435624,-17.63413048723705,3.0201864585501673e-19
1787278868.6630485,resting,fast,1787278739.9715214,-235.56876791400782,-174.8133550769361,1335.9882333167488,13.111001630768857,-17.667657593550473,3.0168377445064914e-19
1787278868.677101,resting,fast,1787278739.9715214,-235.62321792469493,-175.3389191544751,1335.9087619083084,13.150418936584419,-17.671741344351837,3.0143374712927997e-19
1787278868.6848843,resting,fast,1787278739.9715214,-235.0658186262558,-175.77288092807214,1334.643457768795,13.182966069604166,-17.62993639696905,3.0153088285676654e-19
1787278868.6962585,resting,fast,1787278739.9715214,-235.34633072879978,-175.65440998194492,1335.377463288928,13.174080748644545,-17.650974804659718,3.0154747535958027e-19
1787278868.7099166,resting,fast,1787278739.9715214,-236.13735826841594,-176.0990819285288,1334.582270250311,13.207431144638452,-17.71030187013099,3.015069664810967e-19
1787278868.7183828,resting,fast,1787278739.9715214,-236.73912786431492,-176.09339992839807,1333.8987647368094,13.207004994628395,-17.75543458982355,3.0134861922836836e-19
1787278868.7297049,resting,fast,1787278739.9715214,-236.79066761522927,-175.94408878775232,1336.0643923114158,13.195806659079967,-17.759300071141972,3.012452240910754e-19
1787278868.742311,resting,fast,1787278739.9715214,-236.91335457985997,-175.34728832113922,1339.5927409505284,13.151046624084206,-17.768501593489347,3.015014706811393e-19
1787278868.7516932,resting,fast,1787278739.9715214,-236.76571875958552,-175.51105831209009,1337.0742385433286,13.163329373405336,-17.757428906968876,3.014618456191e-19
1787278868.762851,resting,fast,1787278739.9715214,-236.6613541882175,-176.53208187906864,1336.3931179718284,13.239906140928898,-17.749601564115842,3.021472047295144e-19
1787278868.7766154,resting,fast,1787278739.9715214,-236.04926146115986,-176.66551891781216,1330.0049094050455,13.249913918834512,-17.703694609586904,3.0165889100938583e-19
1787278868.7850602,resting,fast,1787278739.9715214,-236.00551885183768,-176.61690791491253,1332.1579849800464,13.24626809361735,-17.70041391388751,3.0171689280814796e-19
1787278868.7962134,resting,fast,1787278739.9715214,-236.15260035823803,-176.20119060427112,1333.778067602344,13.215089295319036,-17.711445026867786,3.0147121898321513e-19
1787278868.8082333,resting,fast,1787278739.9715214,-236.21350128528184,-177.4297006865496,1338.4877133673845,13.307227551489976,-17.716012596395963,3.022198276995715e-19
1787278868.817967,resting,fast,1787278739.9715214,-236.2732214257262,-177.77875853593844,1337.953389354604,13.333406890194045,-17.720491606929393,3.0255569140221833e-19
1787278868.8291392,resting,fast,1787278739.9715214,-235.30204633868334,-175.7244397525734,1335.3749557483834,13.179332981441664,-17.647653475401263,3.0249175359218975e-19
1787278868.8408678,resting,fast,1787278739.9715214,-235.3120205398195,-174.53615879693268,1331.7311421871082,13.090211909768772,-17.648401540486603,3.0205474992395818e-19
1787278868.8512983,resting,fast,1787278739.9715214,-235.63700568962804,-174.05705720442813,1330.9832580478478,13.054279290330815,-17.672775426722076,3.018870799505057e-19
1787278868.8627849,resting,fast,1787278739.9715214,-235.6472357405214,-175.62399548567703,1328.3614467125017,13.171799661424547,-17.673542680538816,3.0206056970173847e-19
1787278868.875201,resting,fast,1787278739.9715214,-236.58621322075533,-176.124565429261,1332.4609639894015,13.209342407193237,-17.743965991556585,3.0218908625450127e-19
1787278868.884793,resting,fast,1787278739.9715214,-235.7058889045934,-177.1242270951044,1331.861121398736,13.284317032131572,-17.677941667844472,3.021196808248474e-19
1787278868.896105,resting,fast,1787278739.9715214,-234.9348290619523,-177.49004370530326,1330.7799460456436,13.311753277896575,-17.62011217964615,3.0156763405769707e-19
1787278868.9077535,resting,fast,1787278739.9715214,-234.29055655918592,-176.86600744021905,1331.96045749719,13.264950558015261,-17.571791741938682,3.0189806504540164e-19
1787278868.91808,resting,fast,1787278739.9715214,-234.54697755023835,-175.64571136086636,1329.1628951645644,13.173428352063599,-17.59102331626781,3.0153399386074206e-19
1787278868.929544,resting,fast,1787278739.9715214,-235.40834269280595,-174.6728442277789,1331.4807220934226,13.100463317082063,-17.655625701960098,3.0197416572451333e-19
1787278868.9415517,resting,fast,1787278739.9715214,-235.75017248166796,-176.55378384683388,1328.317455060086,13.241533788511322,-17.681262936124845,3.0187502480563196e-19
1787278868.95145,resting,fast,1787278739.9715214,-235.68970419622883,-176.80860913483878,1333.7295879434796,13.26064568511173,-17.676727814717026,3.025047517656197e-19
1787278868.9626975,resting,fast,1787278739.9715214,-235.75192199306957,-176.7726998869108,1334.8976686770939,13.257952491517162,-17.68139414947997,3.0195191255167306e-19
1787278868.9753106,resting,fast,1787278739.9715214,-234.75611802899994,-174.59504776157257,1333.477305495112,13.09462858211673,-17.606708852174833,3.0145266231159655e-19
1787278868.9847968,resting,fast,1787278739.9715214,-236.2676418166534,-174.57524088161028,1337.5389587286109,13.093143066119797,-17.720073136248942,3.01733474842514e-19
1787278868.996069,resting,fast,1787278739.9715214,-235.37324131805735,-175.23495783329793,1336.0006408584022,13.142621837496126,-17.652993098853848,3.02337497231466e-19
1787278869.0080357,resting,fast,1787278739.9715214,-234.49958174486937,-173.83891460408483,1334.4811873391964,13.037918595304976,-17.587468630864983,3.019423986852417e-19
1787278869.0179777,resting,fast,1787278739.9715214,-232.58315667340003,-174.3941369713458,1328.6229304258295,13.079560272849495,-17.443736750504833,3.0122089544790483e-19
1787278869.0292535,resting,fast,1787278739.9715214,-233.36190500606654,-174.08741585313794,1325.7495338696635,13.056556188984022,-17.50214287545507,3.007333786769596e-19
1787278869.041366,resting,fast,1787278739.9715214,-234.5573252195377,-176.6485339210143,1327.73840768621,13.248640044074836,-17.59179939146538,3.0132354478786156e-19
1787278869.0511644,resting,fast,1787278739.9715214,-235.62895915951003,-177.30416659223044,1329.2670662681894,13.297812494415869,-17.672171936962854,3.014366774880003e-19
1787278869.0626757,resting,fast,1787278739.9715214,-235.76114741973333,-177.32680633017355,1329.7869827547756,13.299510474761693,-17.682086056479953,3.0145780511375955e-19
1787278869.0739267,resting,fast,1787278739.9715214,-235.20270234263035,-176.40440756554165,1328.2289332034952,13.230330567414217,-17.640202675697182,3.0099372785692394e-19
1787278869.0848684,resting,fast,1787278739.9715214,-235.50760260069956,-176.05601207083384,1325.1145841265034,13.204200905311229,-17.66307019505215,3.007923340721452e-19
1787278869.0959713,resting,fast,1787278739.9715214,-236.90132698140997,-177.89436956644124,1331.3941347301597,13.342077717481875,-17.76759952360557,3.0124863683965504e-19
1787278869.1069884,resting,fast,1787278739.9715214,-237.25629693727979,-177.35258265555956,1331.5792321859963,13.30144369916555,-17.794222270295798,3.0127975734691906e-19
1787278869.1178248,resting,fast,1787278739.9715214,-234.48393641552275,-176.9294853725081,1326.879841401983,13.26971140293674,-17.58629523116401,3.01188870161117e-19
1787278869.1291776,resting,fast,1787278739.9715214,-233.42968531106408,-175.11467011025786,1325.218758229009,13.133600258267894,-17.507226398329692,3.0082339311201943e-19
1787278869.1405175,resting,fast,1787278739.9715214,-233.06621768087234,-175.8630919943147,1326.8472563466103,13.189731899571985,-17.479966326065238,3.010707164744245e-19
1787278869.1513875,resting,fast,1787278739.9715214,-234.78382103440663,-175.95992269751366,1331.7599937114965,13.196994202312315,-17.608786577580318,3.013513333487486e-19
1787278869.1623564,resting,fast,1787278739.9715214,-234.49586769692678,-175.48598673084518,1330.9553010733462,13.161449004812102,-17.587190077269447,3.013412874063152e-19
1787278869.1736712,resting,fast,1787278739.9715214,-234.41401533046655,-174.54805635390278,1327.1794909727914,13.091104226541606,-17.58105114978474,3.010782216936619e-19
1787278869.1847124,resting,fast,1787278739.9715214,-234.58153904036908,-175.03845286196372,1330.5889275146737,13.127883964645907,-17.593615428027277,3.0112717918614234e-19
1787278869.1959226,resting,fast,1787278739.9715214,-234.89492275254315,-175.79084626891733,1330.1050438389566,13.184313470167698,-17.617119206440357,3.0124924653773572e-19
1787278869.2069328,resting,fast,1787278739.9715214,-236.4120490056962,-176.1707537904648,1337.4820002610404,13.212806534283718,-17.7309036754271,3.0172497819324916e-19
1787278869.2178247,resting,fast,1787278739.9715214,-235.99200244658596,-174.68322823632968,1332.7667349617377,13.101242117723533,-17.699400183493793,3.013765344408905e-19
1787278869.2290893,resting,fast,1787278739.9715214,-236.41415437329988,-174.5254324786523,1331.376442480222,13.089407435897503,-17.731061577997224,3.012291026020871e-19
1787278869.240381,resting,fast,1787278739.9715214,-234.6590005310013,-175.39821915826144,1327.2904446470466,13.15486643686842,-17.599425039825007,3.010137777216176e-19
1787278869.251305,resting,fast,1787278739.9715214,-233.3330522729625,-174.73201447388612,1326.2014216230446,13.104901085540181,-17.499978920472024,3.0069250508637604e-19
1787278869.2624564,resting,fast,1787278739.9715214,-232.4183744586012,-173.74887430478805,1326.6125284806485,13.031165572857748,-17.431378084394886,3.0093324578033026e-19
1787278869.2731993,resting,fast,1787278739.9715214,-233.9544843693252,-172.56547606918832,1331.4648192992436,12.942410705187928,-17.54658632769921,3.011553676902995e-19
1787278869.284286,resting,fast,1787278739.9715214,-236.53160202113986,-174.73581163473602,1335.3799790524745,13.105185872604,-17.739870151585123,3.014502735530005e-19
1787278869.2956898,resting,fast,1787278739.9715214,-237.61567096279623,-177.52151132953247,1336.8517333776445,13.314113349713569,-17.821175322209626,3.0126729895027314e-19
1787278869.3067553,resting,fast,1787278739.9715214,-237.01491001152544,-179.53881475474589,1333.5265489075746,13.465411106604808,-17.776118250864272,3.010583885431457e-19
1787278869.317339,resting,fast,1787278739.9715214,-237.13358908050532,-179.37951876372733,1331.7880097055922,13.453463907278294,-17.78501918103766,3.013475245467953e-19
1787278869.3285913,resting,fast,1787278739.9715214,-236.0313269314688,-177.76023206240723,1333.3751531282678,13.332017404679267,-17.702349519860043,3.0158463763693636e-19
1787278869.3399162,resting,fast,1787278739.9715214,-235.5745684026465,-176.96356302753418,1331.7996604100017,13.272267227063939,-17.668092630198238,3.013114418152621e-19
1787278869.3510082,resting,fast,1787278739.9715214,-236.6397219216683,-177.94288127149514,1337.9380515428738,13.345716095360732,-17.747979144125004,3.015113928062045e-19
1787278869.3624103,resting,fast,1787278739.9715214,-239.25015678473892,-179.12352127900738,1341.7302993409185,13.434264095924252,-17.94376175885536,3.0135057591928913e-19
1787278869.3735135,resting,fast,1787278739.9715214,-240.89128411214142,-178.3733310226852,1345.74658549809,13.377999826700307,-18.066846308410604,3.017270753194934e-19
1787278869.3845377,resting,fast,1787278739.9715214,-239.94442359059258,-176.28565455858995,1344.0055512873323,13.221424091893116,-17.995831769294213,3.010852725205172e-19
1787278869.3956964,resting,fast,1787278739.9715214,-237.9995094828687,-175.8483103769305,1339.0750573690666,13.188623278268427,-17.849963211214757,3.0120732614592815e-19
1787278869.406671,resting,fast,1787278739.9715214,-237.2669688194096,-176.56912837650123,1336.8983262222691,13.242684628236507,-17.79502266145549,3.011496186169325e-19
1787278869.4179192,resting,fast,1787278739.9715214,-236.27540764552168,-177.85765944852176,1334.3022842214841,13.339324458637922,-17.720655573413914,3.0122713125260247e-19
1787278869.4289227,resting,fast,1787278739.9715214,-237.84403293907917,-178.71457383860627,1336.2498873820323,13.403593037894371,-17.838302470430484,3.011411747403918e-19
1787278869.440043,resting,fast,1787278739.9715214,-238.28577758485108,-179.18645483466787,1336.4231485977407,13.438984112599105,-17.871433318863758,3.010584617227526e-19
1787278869.4509578,resting,fast,1787278739.9715214,-238.36698113609918,-178.61894435036527,1334.549766866442,13.396420826276287,-17.877523585207193,3.0058543690008307e-19
1787278869.462132,resting,fast,1787278739.9715214,-237.11459819639322,-177.87834275485773,1329.8077567267928,13.340875706613051,-17.783594864729274,3.003699340722444e-19
1787278869.4733994,resting,fast,1787278739.9715214,-236.7834840694145,-175.5419566876957,1330.7681948856198,13.165646751575995,-17.758761305205994,3.003274327013557e-19
1787278869.4845078,resting,fast,1787278739.9715214,-236.0295501771884,-174.7393449489267,1333.4069503418004,13.105450871168319,-17.70221626328903,3.00634313661004e-19
1787278869.495642,resting,fast,1787278739.9715214,-236.4889094289024,-173.86976804989956,1337.3856073512043,13.040232603741249,-17.73666820716757,3.0061732619603653e-19
1787278869.5065105,resting,fast,1787278739.9715214,-235.95321691292565,-175.6212427714089,1334.5471845985785,13.171593207854517,-17.696491268469067,3.0059529550572305e-19
1787278869.5175824,resting,fast,1787278739.9715214,-236.83621012689628,-177.40260539799976,1332.0829188786383,13.305195404848678,-17.76271575951715,3.0036979101383786e-19
1787278869.5283973,resting,fast,1787278739.9715214,-238.29315104543593,-179.17507216811362,1334.7265728966058,13.438130412606984,-17.87198632840751,3.0073490885335425e-19
1787278869.539578,resting,fast,1787278739.9715214,-239.21042545555656,-180.07892356202512,1337.9267743407427,13.505919267150734,-17.940781909166574,3.009485143679301e-19
1787278869.5509663,resting,fast,1787278739.9715214,-240.39968858063958,-178.74252032439347,1343.2252377601553,13.405689024328385,-18.02997664354767,3.0155456289406215e-19
1787278869.5621812,resting,fast,1787278739.9715214,-238.25274429067258,-176.5435854686408,1338.877759589087,13.240768910146901,-17.868955821800093,3.0087364583488833e-19
1787278869.5731518,resting,fast,1787278739.9715214,-237.9556674316923,-175.9718229109991,1338.2038183132963,13.19788671832372,-17.846675057376622,3.009354075157943e-19
1787278869.5841773,resting,fast,1787278739.9715214,-237.6499548541301,-176.7160714368971,1335.283164638663,13.25370535776614,-17.823746614059516,3.0060143938981735e-19
1787278869.5954733,resting,fast,1787278739.9715214,-237.4183919220318,-176.6520633351828,1335.1217242433659,13.248904750137346,-17.806379394152124,3.00718785055424e-19
1787278869.6067863,resting,fast,1787278739.9715214,-238.56874059613847,-177.16126210336836,1338.3138386142045,13.287094657751215,-17.89265554471016,3.0070063344865364e-19
1787278869.6175497,resting,fast,1787278739.9715214,-237.7385794268207,-177.26824316054683,1336.3584491150405,13.295118237039663,-17.830393457011283,3.0071806711690495e-19
1787278869.628749,resting,fast,1787278739.9715214,-238.7880702924299,-178.84249458668717,1337.4937684653169,13.413187094000182,-17.909105271932056,3.0061405089955053e-19
1787278869.6397686,resting,fast,1787278739.9715214,-237.69125266787205,-177.9883101601598,1335.1238757321507,13.349123262010895,-17.8268439500902,3.005661168558381e-19
1787278869.6509862,resting,fast,1787278739.9715214,-238.3893529926795,-178.34163445242018,1334.7288893625928,13.375622583930241,-17.879201474450994,3.0066945709244224e-19
1787278869.662123,resting,fast,1787278739.9715214,-238.2234848243993,-178.9557234459786,1333.8788000362065,13.421679258446975,-17.866761361829795,3.0102272661629293e-19
1787278869.6732273,resting,fast,1787278739.9715214,-237.93731218742005,-180.82381310171775,1332.8145904044004,13.561785982627729,-17.845298414056266,3.0072691847927446e-19
1787278869.6841023,resting,fast,1787278739.9715214,-237.85290523586582,-179.88006968468665,1335.4972096524225,13.491005226350286,-17.838967892689723,3.0064394239596254e-19
1787278869.6954098,resting,fast,1787278739.9715214,-238.3351026383266,-179.84977787079276,1337.6769940146214,13.488733340308105,-17.87513269787437,3.0043378484029884e-19
1787278869.7063873,resting,fast,1787278739.9715214,-238.88347217228284,-179.50218370841992,1336.4170292432455,13.462663778130253,-17.916260412920998,3.003368312962867e-19
1787278869.71717,resting,fast,1787278739.9715214,-238.31801737703017,-180.10407809734932,1335.8100364225947,13.507805857299832,-17.87385130327722,3.002422342933036e-19
1787278869.7285821,resting,fast,1787278739.9715214,-237.3036495997817,-178.31108880236195,1331.257392369621,13.373331660175882,-17.79777371998332,2.999933904050727e-19
1787278869.7398536,resting,fast,1787278739.9715214,-237.71569455688086,-178.41118930428036,1330.7013360782958,13.380839197819856,-17.828677091765705,3.0032330091266977e-19
1787278869.7507565,resting,fast,1787278739.9715214,-239.2690164849978,-179.49829468542782,1333.6658491350527,13.46237210140588,-17.945176236374465,3.00157368633431e-19
1787278869.7620435,resting,fast,1787278739.9715214,-241.17490250194396,-182.82931106160902,1340.1184527950563,13.712198329619557,-18.088117687645408,3.009200897434121e-19
1787278869.7727897,resting,fast,1787278739.9715214,-241.34870262311188,-182.84313521255228,1340.7483977281508,13.71323514094033,-18.10115269673308,3.003507859161382e-19
1787278869.7839582,resting,fast,1787278739.9715214,-241.91193711767437,-182.46890300269968,1341.6209035213242,13.685167725201442,-18.143395283825285,3.007786823591615e-19
1787278869.794853,resting,fast,1787278739.9715214,-242.00100396962307,-182.27728094336965,1344.0494507049289,13.670796070751724,-18.150075297721642,3.009680528937117e-19
1787278869.8062878,resting,fast,1787278739.9715214,-242.31828837756484,-182.08816387383592,1348.0587435860953,13.656612290536888,-18.173871628316995,3.013517704954738e-19
1787278869.8174407,resting,fast,1787278739.9715214,-242.02311575205158,-182.53299586257697,1344.5022913640887,13.689974689692338,-18.151733681403677,3.010656396430606e-19
1787278869.8286352,resting,fast,1787278739.9715214,-241.56200486027637,-181.2282206927929,1338.995651255721,13.592116551958132,-18.11715036452064,3.0026077613107753e-19
1787278869.839599,resting,fast,1787278739.9715214,-241.2115272191345,-182.8333817482943,1336.5688229013113,13.712503631121098,-18.09086454143486,3.002779272720747e-19
1787278869.8506138,resting,fast,1787278739.9715214,-240.72444531303472,-183.12388984989263,1339.1680877208682,13.734291738740598,-18.054333398477418,3.0057367196844043e-19
1787278869.8619077,resting,fast,1787278739.9715214,-239.48365941905422,-182.45305550196224,1337.602422075678,13.683979162645986,-17.961274456428796,3.0047659471535146e-19
1787278869.8728478,resting,fast,1787278739.9715214,-239.6620869929261,-181.99853977123792,1338.7616009309158,13.6498904828419,-17.974656524469346,3.0030429299482803e-19
1787278869.8841145,resting,fast,1787278739.9715214,-242.18531453469268,-182.37716646338083,1341.1006616312998,13.678287484752364,-18.16389859010156,3.003959794008126e-19
1787278869.895126,resting,fast,1787278739.9715214,-242.32959832449114,-182.37958842489286,1342.6040943646467,13.678469131865999,-18.174719874336716,3.0086827803702577e-19
1787278869.9057887,resting,fast,1787278739.9715214,-241.82410137963188,-181.3205077637905,1343.7781431203139,13.599038082282977,-18.13680760347208,3.0117056979831307e-19
1787278869.9168236,resting,fast,1787278739.9715214,-240.36611806215524,-181.64796355827218,1345.3803865727377,13.62359726686923,-18.02745885466146,3.0121558246742266e-19
1787278869.9285822,resting,fast,1787278739.9715214,-241.35479633611658,-181.81824041284847,1344.638282306677,13.63636803096259,-18.10160972520878,3.009216404933504e-19
1787278869.9393005,resting,fast,1787278739.9715214,-241.29230478512864,-181.31188815201506,1342.5959173427682,13.598391611400263,-18.09692285888439,3.006751343967388e-19
1787278869.9506896,resting,fast,1787278739.9715214,-240.38509326789472,-178.40922251497625,1342.8085153462225,13.380691688621898,-18.028881995092142,3.0040606761589796e-19
1787278869.961715,resting,fast,1787278739.9715214,-240.01299169278946,-178.57143162993054,1342.8242315377238,13.392857372243657,-18.000974376959036,3.00090006973331e-19
1787278869.9724388,resting,fast,1787278739.9715214,-239.4628328325939,-177.6513655531627,1341.7418115132796,13.323852416486137,-17.959712462444408,2.9984688182517445e-19
1787278869.983624,resting,fast,1787278739.9715214,-239.77420816280437,-178.66896640903803,1342.3011399324487,13.40017248067662,-17.983065612209906,3.003991577290501e-19
1787278869.9946828,resting,fast,1787278739.9715214,-239.044066256291,-178.52796319113043,1344.7066203829518,13.389597239333515,-17.92830496922155,3.007101804781172e-19
1787278870.0055883,resting,fast,1787278739.9715214,-239.840255341604,-180.14296808844676,1348.704434092163,13.510722606632246,-17.98801915062024,3.015899660885482e-19
1787278870.0171397,resting,fast,1787278739.9715214,-239.15228126891407,-181.35980549817884,1344.2850077532048,13.601985412362144,-17.936421095168505,3.012490389131173e-19
1787278870.0284176,resting,fast,1787278739.9715214,-240.02024862898497,-181.63187977655127,1343.8633463303786,13.622390983240212,-18.00151864717361,3.0134739068053514e-19
1787278870.0394242,resting,fast,1787278739.9715214,-239.54753620778365,-180.44198204148222,1341.7454572841261,13.533148653109908,-17.966065215583555,3.0083847528289344e-19
1787278870.0505788,resting,fast,1787278739.9715214,-240.29830695799637,-179.62856218124614,1341.3315960327427,13.472142163592242,-18.022373021849447,3.009462868413982e-19
1787278870.0617094,resting,fast,1787278739.9715214,-240.4906913104719,-180.74485885407728,1340.0937850457112,13.555864414054529,-18.03680184828532,3.0092424096905235e-19
1787278870.0724895,resting,fast,1787278739.9715214,-242.03126988255144,-181.17921600060765,1336.6339614441486,13.588441200044148,-18.152345241191178,3.003285921396253e-19
1787278870.083775,resting,fast,1787278739.9715214,-242.79546339236595,-182.81385537604376,1338.1526984608636,13.711039153201941,-18.209659754427385,3.0016115295323866e-19
1787278870.0949538,resting,fast,1787278739.9715214,-241.99072471991303,-180.09083340341238,1343.5571498816962,13.50681250525469,-18.149304353993465,3.003581695263486e-19
1787278870.105735,resting,fast,1787278739.9715214,-240.11426001401696,-179.8303869044645,1344.9269443257135,13.487279017833703,-18.008569501051205,3.0040966548858763e-19
1787278870.117102,resting,fast,1787278739.9715214,-240.22317090793194,-178.95349049558752,1348.3349031920106,13.421511787167876,-18.016737818094775,3.0064128268306433e-19
1787278870.128191,resting,fast,1787278739.9715214,-240.78843067097068,-179.30832918398153,1344.3784005926018,13.448124688797652,-18.05913230032253,3.0001129109727275e-19
1787278870.139383,resting,fast,1787278739.9715214,-242.43705741084386,-180.2704640704477,1349.7442601827306,13.520284805282163,-18.18277930581302,3.0057271914878704e-19
1787278870.150561,resting,fast,1787278739.9715214,-242.31806966964405,-180.6186612436892,1346.9979235974379,13.546399593275542,-18.173855225223093,3.0019540115248765e-19
1787278870.1616979,resting,fast,1787278739.9715214,-241.46070892182115,-180.22914877704454,1340.61876645742,13.517186158277287,-18.10955316913654,3.002550496952862e-19
1787278870.17247,resting,fast,1787278739.9715214,-241.55296600338943,-179.72930669473442,1337.3156003109589,13.479698002103735,-18.11647245025388,3.0030154340395043e-19
1787278870.1837962,resting,fast,1787278739.9715214,-241.06672048631435,-179.12081582692474,1340.9912211097244,13.434061187017978,-18.080004036473625,3.005216267285906e-19
1787278870.1949568,resting,fast,1787278739.9715214,-242.4606537314371,-180.82955338030922,1346.5110868926631,13.562216503522183,-18.18454902985748,3.0057056751805186e-19
1787278870.205657,resting,fast,1787278739.9715214,-241.21035520916712,-181.22380046749856,1343.814576452448,13.591785035061026,-18.09077664068751,3.00077487021895e-19
1787278870.216898,resting,fast,1787278739.9715214,-241.4762670340474,-180.13126093903873,1339.9409963200533,13.50984457042664,-18.110720027553427,3.0007679407870994e-19
1787278870.2281058,resting,fast,1787278739.9715214,-241.25437673549595,-178.90191705704467,1341.7147053966246,13.417643779277274,-18.094078255162124,3.009100389541516e-19
1787278870.2387547,resting,fast,1787278739.9715214,-241.37354430556798,-178.81843694150518,1347.115776305759,13.411382770611713,-18.103015822917577,3.0145209825298804e-19
1787278870.2503088,resting,fast,1787278739.9715214,-241.49660731158792,-180.69280264689394,1348.9327389848213,13.551960198515918,-18.112245548368783,3.0155826821982706e-19
1787278870.261315,resting,fast,1787278739.9715214,-241.21578475318938,-181.32580316680048,1349.475068335446,13.599435237508903,-18.09118385648921,3.0124920964863284e-19
1787278870.272187,resting,fast,1787278739.9715214,-241.12671993855065,-180.79309370403655,1344.074766599063,13.559482027801753,-18.08450399539113,3.007283694288327e-19
1787278870.283549,resting,fast,1787278739.9715214,-239.56354692305968,-178.84017396162733,1337.7393441481045,13.413013047120845,-17.967266019229257,3.0022549132686995e-19
1787278870.2947676,resting,fast,1787278739.9715214,-239.38846893881555,-178.35566311703144,1335.6668391647754,13.376674733776301,-17.954135170410908,3.0022790709631125e-19
1787278870.3055549,resting,fast,1787278739.9715214,-239.63962797614067,-177.58003979463194,1336.907357993593,13.318502984596282,-17.972972098210356,3.0047157020327332e-19
1787278870.3169448,resting,fast,1787278739.9715214,-239.87553935776805,-177.1730464334879,1341.555908734058,13.287978482510415,-17.990665451832278,3.008651101843879e-19
1787278870.3281264,resting,fast,1787278739.9715214,-240.48258929170925,-177.9009550420293,1341.541646745548,13.34257162815108,-18.036194196878064,3.006068997440468e-19
1787278870.3387828,resting,fast,1787278739.9715214,-239.8399737938621,-177.70371570334703,1342.7511046747977,13.32777867774978,-17.98799803453941,3.005243578368289e-19
1787278870.3502083,resting,fast,1787278739.9715214,-240.05875280157989,-178.43248651323518,1338.9735686754748,13.382436488491482,-18.004406460118524,3.0042080677200076e-19
1787278870.3612998,resting,fast,1787278739.9715214,-238.48354718740165,-178.37317112766584,1337.3203743386284,13.377987834573648,-17.886266039054973,3.004661944216964e-19
1787278870.3720644,resting,fast,1787278739.9715214,-239.0687260742484,-179.29325426757362,1338.9079023561217,13.446994070066783,-17.93015445556857,3.0072879279200525e-19
1787278870.3835094,resting,fast,1787278739.9715214,-240.04960651796273,-180.10790613374286,1344.6509553387268,13.508092960029604,-18.00372048884701,3.0117952757096133e-19
1787278870.3947728,resting,fast,1787278739.9715214,-240.90807638613887,-180.52063079921993,1346.516906283624,13.539047309939992,-18.068105728960532,3.0113913435082865e-19
1787278870.4054787,resting,fast,1787278739.9715214,-239.28368484719022,-179.84243664813414,1342.6736088507978,13.488182748608939,-17.9462763635389,3.007678361149959e-19
1787278870.4170566,resting,fast,1787278739.9715214,-238.52562986659677,-179.71369397367846,1338.8936905486598,13.478527048024834,-17.88942223999463,3.0026786994724146e-19
1787278870.4280384,resting,fast,1787278739.9715214,-238.23309263896726,-178.93231375208995,1336.9767671648415,13.419923531405761,-17.867481947922364,3.0017232957402617e-19
1787278870.4387455,resting,fast,1787278739.9715214,-239.76573229992619,-179.7721844195902,1337.7550104102165,13.48291383146817,-17.982429922494333,3.002453937221061e-19
1787278870.4500813,resting,fast,1787278739.9715214,-240.75593731459185,-178.82033590733374,1342.7362511628462,13.411525193048806,-18.0566952985943,3.00587154374544e-19
1787278870.4611819,resting,fast,1787278739.9715214,-240.73144507450297,-178.21470000550391,1343.6901255287075,13.36610250041166,-18.05485838058746,3.007024385873644e-19
1787278870.4722197,resting,fast,1787278739.9715214,-239.89562996539053,-176.25146927436606,1342.0876440155453,13.218860195576344,-17.992172247404042,3.005545400023178e-19
1787278870.4833887,resting,fast,1787278739.9715214,-239.23101354635537,-177.20563154780245,1339.2130442487623,13.29042236608402,-17.942326015976427,3.0065522146422667e-19
1787278870.4946003,resting,fast,1787278739.9715214,-239.18586435616953,-177.3796000589415,1341.9506918033721,13.303470004419413,-17.938939826712655,3.008040932404427e-19
1787278870.5052774,resting,fast,1787278739.9715214,-239.42141372087508,-176.94126504116332,1342.454119284207,13.270594878086005,-17.956606029065462,3.0073431645436016e-19
1787278870.5167594,resting,fast,1787278739.9715214,-239.85467958018626,-177.19050663132464,1346.6466146066005,13.289287997348158,-17.989100968513654,3.008269347969111e-19
1787278870.5278516,resting,fast,1787278739.9715214,-241.20989526913718,-177.87520071096617,1348.8950339394423,13.340640053321113,-18.090742145185153,3.0104085265746723e-19
1787278870.53865,resting,fast,1787278739.9715214,-242.59101988248813,-179.28619646157597,1355.1579611711923,13.44646473461707,-18.19432649118651,3.0146058272834534e-19
1787278870.5500178,resting,fast,1787278739.9715214,-243.15324401227508,-177.75625501444244,1355.6730962044194,13.331719126081953,-18.236493300920458,3.0111987795898336e-19
1787278870.5611627,resting,fast,1787278739.9715214,-241.89448299583773,-176.1325086865778,1348.9392874224495,13.2099381514921,-18.142086224687652,3.004926866559443e-19
1787278870.571725,resting,fast,1787278739.9715214,-240.5632035538788,-176.30394399043746,1345.9051703424348,13.222795799281517,-18.042240266540738,3.0028055106895213e-19
1787278870.583443,resting,fast,1787278739.9715214,-240.01235686874725,-177.27579747276457,1341.4628206827865,13.295684810456056,-18.00092676515596,3.003454874816312e-19
1787278870.5945761,resting,fast,1787278739.9715214,-240.23694234043114,-178.02612045805301,1345.5507314628258,13.35195903435265,-18.01777067553207,3.0061629676343037e-19
1787278870.6053185,resting,fast,1787278739.9715214,-241.7150412087235,-177.65716386469455,1348.514612241529,13.324287289850776,-18.128628090654118,3.0110893934818867e-19
1787278870.6165795,resting,fast,1787278739.9715214,-241.53983754235242,-176.8408538688351,1345.997151397024,13.263064040161385,-18.115487815676403,3.008404468901707e-19
1787278870.6274915,resting,fast,1787278739.9715214,-240.51045306220976,-176.526225905454,1341.9534386511468,13.239466942907956,-18.038283979665458,3.006285882721709e-19
1787278870.6384318,resting,fast,1787278739.9715214,-239.92780857574826,-176.65810545811303,1341.9241374397743,13.249357909357403,-17.99458564318075,3.0059417555853736e-19
1787278870.6501439,resting,fast,1787278739.9715214,-239.00265766483017,-177.34081352605529,1344.9717010694358,13.300561014453027,-17.925199324861914,3.008465579195553e-19
1787278870.66129,resting,fast,1787278739.9715214,-240.24700768504908,-178.32425618273612,1347.3230020696456,13.374319213704002,-18.018525576378458,3.010914176947103e-19
1787278870.671751,resting,fast,1787278739.9715214,-240.28325453346088,-178.6529389108365,1346.9137593087116,13.398970418311496,-18.021244090009397,3.0085685946843535e-19
1787278870.6831763,resting,fast,1787278739.9715214,-240.94111038887195,-178.77724827068948,1348.486711866747,13.408293620300459,-18.07058327916514,3.0101027449783157e-19
1787278870.694289,resting,fast,1787278739.9715214,-241.0609707162971,-178.4043827411598,1351.0959763684323,13.380328705585843,-18.079572803722193,3.009846840446321e-19
1787278870.7051718,resting,fast,1787278739.9715214,-240.31964556976845,-179.3048803331368,1346.505604851517,13.447866024984112,-18.0239734177324,3.009173840475808e-19
1787278870.7165945,resting,fast,1787278739.9715214,-241.06185017176404,-179.55079319698723,1346.127565367823,13.466309489772843,-18.079638762882134,3.0070586816772663e-19
1787278870.7277458,resting,fast,1787278739.9715214,-241.76583463932502,-179.58827949192357,1344.9315785823555,13.469120961893172,-18.132437597949327,3.0065231030520806e-19
1787278870.7383897,resting,fast,1787278739.9715214,-242.51339224193862,-180.24855141397154,1347.3778534539097,13.518641356046604,-18.188504418144994,3.007877627104129e-19
1787278870.749862,resting,fast,1787278739.9715214,-241.6525849462637,-180.77247142458043,1345.813096815883,13.557935356842382,-18.123943870969683,3.007948903664307e-19
1787278870.7610815,resting,fast,1787278739.9715214,-239.68758990505694,-180.83537580119867,1341.23120053806,13.562653185088767,-17.97656924287928,3.0070935266413794e-19
1787278870.771761,resting,fast,1787278739.9715214,-240.2119999695028,-180.05805309816708,1340.5563463326007,13.504353982361398,-18.015899997712445,3.0076260802986543e-19
1787278870.7827673,resting,fast,1787278739.9715214,-240.96544911638694,-180.56542790802212,1340.6690641904233,13.542407093100383,-18.072408683728824,3.0096549433247916e-19
1787278870.793954,resting,fast,1787278739.9715214,-243.41751026935208,-182.47927116885796,1349.2033958250186,13.685945337663288,-18.256313270201154,3.016574591138422e-19
1787278870.8048449,resting,fast,1787278739.9715214,-243.09759050394177,-182.35636795204357,1350.8210376535017,13.67672759640229,-18.23231928779527,3.0163456057127647e-19
1787278870.8162854,resting,fast,1787278739.9715214,-242.94835286869738,-182.80129074033323,1352.374771895772,13.71009680552368,-18.22112646515246,3.0156108662174643e-19
1787278870.8276525,resting,fast,1787278739.9715214,-241.82595209877718,-180.3783535499566,1348.7221446103986,13.528376516245405,-18.13694640740816,3.012286886940097e-19
1787278870.8384912,resting,fast,1787278739.9715214,-241.04263261025744,-178.80317459711762,1346.2202664397691,13.41023809478266,-18.078197445769035,3.0090387387811895e-19
1787278870.8498814,resting,fast,1787278739.9715214,-240.85584605230497,-176.84982196661565,1345.194271109326,13.263736647494955,-18.06418845392276,3.0084155970827614e-19
1787278870.8609178,resting,fast,1787278739.9715214,-240.06107556605684,-177.63625701219382,1343.9608753796174,13.32271927591319,-18.004580667454135,3.004313197011707e-19
1787278870.8717399,resting,fast,1787278739.9715214,-239.85992019983178,-177.85848148442608,1345.0344842715667,13.339386111330672,-17.989494014987365,3.0056152228950127e-19
1787278870.8830605,resting,fast,1787278739.9715214,-239.59111806608462,-177.33539283854122,1343.0307063068567,13.3001544628892,-17.969333854956155,3.0049090224186083e-19
1787278870.8941944,resting,fast,1787278739.9715214,-239.76944913029502,-176.61692171172888,1342.6852805400258,13.246269128378277,-17.982708684771872,3.004599667048158e-19
1787278870.9049582,resting,fast,1787278739.9715214,-240.40341056738953,-176.98109624965707,1344.944921661193,13.273582218723053,-18.030255792554073,3.0071392985849017e-19
1787278870.91634,resting,fast,1787278739.9715214,-240.61892639212465,-177.2565516848971,1346.3532082700558,13.294241376366177,-18.046419479409273,3.0064415793951726e-19
1787278870.9275603,resting,fast,1787278739.9715214,-242.75281106172815,-178.8227163167727,1348.9497479536649,13.41170372375672,-18.2064608296295,3.0078929652568115e-19
1787278870.9382904,resting,fast,1787278739.9715214,-243.17592868936163,-178.70402697332122,1347.2435101092096,13.40280202299785,-18.238194651702017,3.0054151240424206e-19
1787278870.9492817,resting,fast,1787278739.9715214,-242.48937970364614,-179.463191801089,1347.5284035043578,13.459739385080457,-18.186703477773406,3.006916136219205e-19
1787278870.9607496,resting,fast,1787278739.9715214,-241.7373441477289,-178.08464215146307,1346.1950169290112,13.356348161358671,-18.13030081107933,3.0053112957664865e-19
1787278870.971467,resting,fast,1787278739.9715214,-241.36152784492106,-179.05201269999736,1346.9178071872457,13.428900952498413,-18.102114588368792,3.0058959813505243e-19
1787278870.9829648,resting,fast,1787278739.9715214,-240.9763652642282,-177.3760066053029,1345.3980925905298,13.30320049539647,-18.073227394816932,3.0024671159439547e-19
1787278870.994132,resting,fast,1787278739.9715214,-240.02171642838903,-178.86298462521734,1345.8651315922934,13.414723846890102,-18.001628732128935,3.0074016852797534e-19
1787278871.004716,resting,fast,1787278739.9715214,-239.30393000867707,-178.1718649946191,1345.5361661889392,13.3628898745954,-17.94779475065065,3.0058055625409336e-19
1787278871.015832,resting,fast,1787278739.9715214,-238.50035544770935,-180.2208660416469,1342.755121698995,13.516564953122344,-17.887526658577947,3.007454369143986e-19
1787278871.0273921,resting,fast,1787278739.9715214,-238.38117565201674,-179.668235240105,1338.7293192867573,13.475117643006502,-17.878588173901257,3.002867116172579e-19
1787278871.0379922,resting,fast,1787278739.9715214,-239.12851532143804,-179.91668826863577,1337.4714114661574,13.493751620146458,-17.93463864910801,3.001921391658487e-19
1787278871.049613,resting,fast,1787278739.9715214,-239.15420522014438,-178.79312210227397,1336.574110088436,13.409484157669187,-17.936565391510705,2.996505237434956e-19
1787278871.060757,resting,fast,1787278739.9715214,-240.5339588745096,-178.8088436144161,1341.360382911439,13.410663271079816,-18.0400469155878,3.0005960918072104e-19
1787278871.0712843,resting,fast,1787278739.9715214,-240.58746757384824,-178.95166604359895,1341.3447542406311,13.421374953268757,-18.04406006803851,3.0023663028642115e-19
1787278871.082877,resting,fast,1787278739.9715214,-241.51009527241376,-178.66470028710648,1344.9523274644043,13.399852521531702,-18.113257145430744,3.007611589381908e-19
1787278871.0939388,resting,fast,1787278739.9715214,-238.8356826283266,-176.99461344887243,1342.8376575247885,13.274596008664137,-17.912676197124455,3.003050295919688e-19
1787278871.1046927,resting,fast,1787278739.9715214,-237.83353798081453,-177.57794665835274,1342.1461589763685,13.318345999375328,-17.837515348560785,3.00662708190897e-19
1787278871.1160653,resting,fast,1787278739.9715214,-236.8424441528582,-177.08625686795688,1338.099163654645,13.281469265095556,-17.763183311464303,3.002929555066986e-19
1787278871.127238,resting,fast,1787278739.9715214,-239.29965403018787,-179.10203748925198,1338.1779121519276,13.432652811692666,-17.947474052263935,3.005809434725317e-19
1787278871.1379194,resting,fast,1787278739.9715214,-240.6255461386677,-179.02645652089825,1338.875652409176,13.426984239066119,-18.046915960399716,3.0048327651234117e-19
1787278871.1494002,resting,fast,1787278739.9715214,-241.95743672187427,-180.79968839092942,1343.7863241654804,13.55997662931863,-18.146807754140177,3.0085334800990173e-19
1787278871.1603036,resting,fast,1787278739.9715214,-241.9864805608181,-179.39240327453842,1343.969317089558,13.454430245588942,-18.148986042061118,3.00570929181159e-19
1787278871.1714246,resting,fast,1787278739.9715214,-240.32417956808922,-178.78404739525547,1339.5899389524648,13.408803554642805,-18.02431346760646,3.0005682179701123e-19
1787278871.1826777,resting,fast,1787278739.9715214,-240.0372483239239,-177.98127472312956,1339.9793525252926,13.34859560423347,-18.002793624294,3.00278286049712e-19
1787278871.1939783,resting,fast,1787278739.9715214,-238.4825075927497,-177.9446319879463,1340.6075692071145,13.345847399094655,-17.88618806945592,3.003710156052536e-19
1787278871.2048225,resting,fast,1787278739.9715214,-240.1065892426136,-178.78256723664106,1348.5006783091621,13.408692542746824,-18.00799419319563,3.011336686993605e-19
1787278871.216464,resting,fast,1787278739.9715214,-239.7185967106775,-179.27213748927272,1344.4084669766517,13.44541031169432,-17.978894753300388,3.0066227058709814e-19
1787278871.2267315,resting,fast,1787278739.9715214,-239.97621512145133,-179.26014131496765,1342.2317398948553,13.444510598621466,-17.99821613410851,3.0042577850946345e-19
1787278871.2379584,resting,fast,1787278739.9715214,-239.13839031705947,-179.9279458781324,1337.9752225094135,13.49459594085862,-17.93537927377934,3.0003295337113256e-19
1787278871.2494626,resting,fast,1787278739.9715214,-239.8914333919215,-178.663388820794,1339.4671337166646,13.39975416155821,-17.991857504393813,3.00166297223773e-19
1787278871.2605157,resting,fast,1787278739.9715214,-239.9427484193434,-179.09422044913788,1340.3518564172527,13.432066533684296,-17.99570613145054,3.002737138690575e-19
1787278871.2712553,resting,fast,1787278739.9715214,-240.88095845969792,-177.66731856835906,1343.0257646225136,13.32504889262589,-18.066071884477005,3.0013525172057803e-19
1787278871.282589,resting,fast,1787278739.9715214,-240.49939960492384,-178.2878361999766,1343.3084069023507,13.371587714996796,-18.037454970369126,3.002779168189243e-19
1787278871.2937274,resting,fast,1787278739.9715214,-240.45103431051803,-178.13519433968497,1345.0433242037843,13.360139575475333,-18.03382757328852,3.0084834497092154e-19
1787278871.3043842,resting,fast,1787278739.9715214,-240.5897698902195,-179.11940820733128,1343.702108599703,13.43395561554863,-18.0442327417664,3.0088174949379755e-19
1787278871.3158507,resting,fast,1787278739.9715214,-241.01334688604447,-179.5892281897053,1345.5252972701956,13.469192114226647,-18.076001016453176,3.010099771446663e-19
1787278871.3270347,resting,fast,1787278739.9715214,-240.64504303461263,-180.6857969565275,1343.3265614971888,13.551434771738432,-18.048378227596004,3.009394266682339e-19
1787278871.337769,resting,fast,1787278739.9715214,-240.29247032070225,-180.27207822803155,1344.0781803937125,13.520405867101335,-18.02193527405249,3.0102493644789513e-19
1787278871.349234,resting,fast,1787278739.9715214,-239.72659259127204,-178.6127776637187,1341.5390057326176,13.395958324777684,-17.979494444345264,3.0062759941985468e-19
1787278871.360378,resting,fast,1787278739.9715214,-239.1991827392717,-178.0678400604387,1338.627989142732,13.355088004531925,-17.939938705445137,3.001726328523885e-19
1787278871.3712971,resting,fast,1787278739.9715214,-238.70767421839037,-178.53219750342134,1336.1721748363243,13.38991481275534,-17.903075566379144,3.001944489708887e-19
1787278871.3826053,resting,fast,1787278739.9715214,-239.26337296363226,-179.64242183110798,1338.4311590817333,13.47318163733171,-17.94475297227215,3.003905277975304e-19
1787278871.393773,resting,fast,1787278739.9715214,-240.0749937027108,-178.49119683959327,1339.836173352861,13.386839762968368,-18.005624527703226,3.00722840857635e-19
1787278871.4044542,resting,fast,1787278739.9715214,-240.0897764379465,-177.4343004130759,1343.7015851115784,13.307572530979474,-18.00673323284581,3.008391869256101e-19
1787278871.4158611,resting,fast,1787278739.9715214,-239.1392919187806,-176.72177073597038,1340.127288505314,13.254132805196608,-17.935446893908477,3.0059452127615943e-19
1787278871.427004,resting,fast,1787278739.9715214,-240.0092905664519,-178.9692255036049,1344.0827235702827,13.422691912768958,-18.000696792483716,3.0075354148154e-19
1787278871.4379256,resting,fast,1787278739.9715214,-241.12655210663843,-180.85891683884768,1344.5517114948716,13.564418762912343,-18.084491407997838,3.009893010590639e-19
1787278871.449149,resting,fast,1787278739.9715214,-241.44403355248096,-181.07817789864055,1347.6999039751017,13.5808633423968,-18.108302516435977,3.01423903117518e-19
1787278871.4603395,resting,fast,1787278739.9715214,-241.00095751966228,-181.09126390492145,1345.7401314887056,13.581844792868072,-18.075071813974468,3.012702903795666e-19
1787278871.4713624,resting,fast,1787278739.9715214,-240.90114999813568,-179.11502741431138,1344.8383814254548,13.433627056072101,-18.06758624985992,3.008577897999579e-19
1787278871.482478,resting,fast,1787278739.9715214,-239.8565692263369,-178.86268447369423,1342.2250773233673,13.414701335525994,-17.989242691974972,3.00491543586499e-19
1787278871.4967947,resting,fast,1787278739.9715214,-240.0666723000836,-177.88119804670066,1343.906781958999,13.341089853501177,-18.005000422505994,3.007239886483589e-19
1787278871.5044162,resting,fast,1787278739.9715214,-239.0206179864158,-177.88524478212878,1342.604947802317,13.34139335865844,-17.92654634898099,3.008972429316679e-19
1787278871.5157413,resting,fast,1787278739.9715214,-240.92480694263986,-178.50053973235833,1344.531329892162,13.387540479925736,-18.069360520697728,3.012343497794019e-19
1787278871.5301352,resting,fast,1787278739.9715214,-241.18370018424002,-178.08208216511196,1345.4295364876625,13.356156162382295,-18.088777513817725,3.0120228157072153e-19
1787278871.5376241,resting,fast,1787278739.9715214,-241.45162542818298,-178.37082914203995,1343.4456585554717,13.377812185651823,-18.108871907113475,3.01014184125683e-19
1787278871.5490694,resting,fast,1787278739.9715214,-241.4127011710748,-179.34498420008492,1343.3849170082149,13.450873815004915,-18.105952587830593,3.008684147957721e-19
1787278871.5601935,resting,fast,1787278739.9715214,-240.57311938040357,-178.71259456504015,1342.5246617150015,13.403444592376847,-18.042983953530104,3.005485972701943e-19
1787278871.571054,resting,fast,1787278739.9715214,-239.33658987077933,-180.22425386074258,1338.585552538253,13.516819039554537,-17.950244240308287,3.0010432990621025e-19
1787278871.5823343,resting,fast,1787278739.9715214,-238.95340933414764,-179.8833973419495,1340.7753243319885,13.491254800644885,-17.92150570006119,3.0005821917290646e-19
1787278871.5935297,resting,fast,1787278739.9715214,-239.47176560551043,-181.40456369143828,1341.161435041372,13.605342276856721,-17.960382420413154,3.0029623582758956e-19
1787278871.604396,resting,fast,1787278739.9715214,-241.1947810798115,-180.19341617773978,1346.8251437699791,13.514506213329202,-18.08960858098594,3.008702159442559e-19
1787278871.615672,resting,fast,1787278739.9715214,-239.7107145471623,-179.33523301455932,1343.8109664237481,13.45014247609075,-17.97830359103689,3.0075190583219203e-19
1787278871.6296587,resting,fast,1787278739.9715214,-238.9610402000303,-179.19095268582498,1341.4583638429713,13.439321451435749,-17.9220780150021,3.006399436245778e-19
1787278871.6376932,resting,fast,1787278739.9715214,-239.1036594840948,-179.9411975610143,1343.7005767359706,13.49558981707482,-17.93277446130695,3.008934577924589e-19
1787278871.649047,resting,fast,1787278739.9715214,-240.23367346682562,-180.42831548961624,1342.8213423464776,13.53212366172011,-18.01752551001144,3.008927578987188e-19
1787278871.6601477,resting,fast,1787278739.9715214,-241.03377232331286,-179.92644412298125,1345.2740417797459,13.494483309222293,-18.077532924248395,3.009849450611381e-19
1787278871.6709137,resting,fast,1787278739.9715214,-240.06006859764284,-179.46726860595174,1342.731685670141,13.460045145445225,-18.004505144823135,3.0031675486737633e-19
1787278871.682231,resting,fast,1787278739.9715214,-240.13836706404572,-178.81934660663399,1346.6821041827707,13.411450995496427,-18.010377529803336,3.0057059483772385e-19
1787278871.6934385,resting,fast,1787278739.9715214,-239.11423240975137,-178.85617093854842,1344.118043449188,13.414212820390066,-17.93356743073125,3.000753237241547e-19
1787278871.7040427,resting,fast,1787278739.9715214,-239.83823531003281,-179.0575466488241,1344.9068200194606,13.429315998660687,-17.98786764825229,3.0043298051946535e-19
1787278871.7156167,resting,fast,1787278739.9715214,-240.38386405912797,-178.9715152063253,1344.0130876064968,13.422863640473256,-18.02878980443451,3.001736267528812e-19
1787278871.726517,resting,fast,1787278739.9715214,-240.92546906705365,-179.374195482117,1343.7812308366529,13.453064661157615,-18.069410180028612,3.0029360237701006e-19
1787278871.7373707,resting,fast,1787278739.9715214,-240.34902129249213,-177.66535351415666,1344.3974760690971,13.324901513560764,-18.026176596936715,3.005751703339642e-19
1787278871.7484276,resting,fast,1787278739.9715214,-239.6766616632217,-177.4230667345347,1344.3317868836139,13.30673000508887,-17.975749624741603,3.007456992175758e-19
1787278871.7596855,resting,fast,1787278739.9715214,-239.74067069786042,-177.51380545567247,1344.523557412701,13.313535409174339,-17.980550302339132,3.007427543610715e-19
1787278871.7707481,resting,fast,1787278739.9715214,-240.66842859280632,-178.55754529030662,1347.7580445055128,13.391815896772005,-18.050132144460193,3.007109245672882e-19
1787278871.7821772,resting,fast,1787278739.9715214,-240.15898550856082,-180.0235199137245,1343.9085478253573,13.501763993528147,-18.011923913141928,3.004198465246336e-19
1787278871.7933545,resting,fast,1787278739.9715214,-240.4489345952784,-178.88561266691534,1345.4669155003312,13.416420950017372,-18.033670094646,3.006123591056323e-19
1787278871.8042078,resting,fast,1787278739.9715214,-240.65946683971242,-179.49256698197098,1343.2998520288465,13.461942523646446,-18.049460012978443,3.005801666011854e-19
1787278871.815293,resting,fast,1787278739.9715214,-242.0003702847357,-180.97253748797073,1348.6854147412114,13.572940311596387,-18.150027771354985,3.0094293617727613e-19
1787278871.8296332,resting,fast,1787278739.9715214,-242.6366939994964,-180.7963309119924,1349.7649719897663,13.55972481839861,-18.197752049962027,3.0102921557334487e-19
1787278871.8375306,resting,fast,1787278739.9715214,-242.03455139307925,-181.55506560076049,1347.4999182763668,13.616629920055846,-18.15259135448082,3.0090714375949064e-19
1787278871.848884,resting,fast,1787278739.9715214,-241.69690882095665,-179.32421336846562,1342.280764594575,13.44931600263391,-18.12726816157145,3.0040788948166907e-19
1787278871.8598902,resting,fast,1787278739.9715214,-240.9878857798235,-179.80144319743988,1340.5447879173544,13.48510823980661,-18.074091433486586,3.001988710469509e-19
1787278871.870565,resting,fast,1787278739.9715214,-241.56001445241736,-179.41106205199083,1342.6567154141458,13.455829653898181,-18.117001083930987,3.0006452416774014e-19
1787278871.882095,resting,fast,1787278739.9715214,-240.1026621932274,-180.091203545854,1343.2408045839848,13.506840265937686,-18.007699664491803,3.000695211673848e-19
1787278871.8931189,resting,fast,1787278739.9715214,-240.55440402566774,-180.3473516944208,1344.1631325732624,13.52605137708034,-18.041580301924817,3.0010703223603004e-19
1787278871.9038553,resting,fast,1787278739.9715214,-241.0549219582531,-181.9842013581989,1342.621047746833,13.648815101864006,-18.079119146868706,3.000924013222193e-19
1787278871.9153507,resting,fast,1787278739.9715214,-242.28509383936444,-182.52108500964493,1345.5267073881378,13.689081375722058,-18.1713820379522,3.004148757282906e-19
1787278871.9296803,resting,fast,1787278739.9715214,-242.38727692431303,-184.28691020045233,1345.0644484468985,13.821518265032982,-18.179045769323544,3.0044884639552126e-19
1787278871.9373658,resting,fast,1787278739.9715214,-240.58173306107847,-181.65980095371708,1344.3940394943884,13.624485071527719,-18.043629979580814,3.0055123745505806e-19
1787278871.9486551,resting,fast,1787278739.9715214,-241.86611572079482,-181.2773123362657,1346.9547027759063,13.595798425218764,-18.139958679059625,3.0068480125573773e-19
1787278871.96328,resting,fast,1787278739.9715214,-241.52605266071396,-179.8092910664028,1344.3061853702156,13.485696829979194,-18.114453949553486,3.003521933812686e-19
1787278871.9704635,resting,fast,1787278739.9715214,-242.64538298517027,-180.10005875641275,1345.825795756743,13.507504406729911,-18.198403723887516,3.0020720391739337e-19
1787278871.9819574,resting,fast,1787278739.9715214,-242.344813625205,-180.5352262417381,1347.6041976013394,13.540141968129195,-18.17586102189025,3.0041978837856736e-19
1787278871.9957232,resting,fast,1787278739.9715214,-242.54881624964992,-180.3765042101776,1348.7768806707963,13.528237815762186,-18.191161218723316,3.007606995232259e-19
1787278872.0039256,resting,fast,1787278739.9715214,-241.4640904119401,-180.07213458266608,1345.106250061207,13.505410093699101,-18.10980678089536,3.0041757778102648e-19
1787278872.0152183,resting,fast,1787278739.9715214,-239.1689678269454,-180.5339624418474,1339.6173023917372,13.54004718313725,-17.937672587020657,3.003602075340722e-19
1787278872.028634,resting,fast,1787278739.9715214,-238.70348652767325,-181.40256864009086,1338.9601649954739,13.605192648005346,-17.90276148957532,3.0022178662954658e-19
1787278872.0372431,resting,fast,1787278739.9715214,-238.04179642408099,-182.1487008317846,1336.6336093280197,13.661152562382473,-17.853134731806037,3.005516653454373e-19
1787278872.0486984,resting,fast,1787278739.9715214,-240.19469686004823,-182.09238752313252,1336.8534764320511,13.656929064233598,-18.014602264503395,3.002844981941771e-19
1787278872.0616477,resting,fast,1787278739.9715214,-240.7670302097963,-181.55112793363503,1339.9927681514737,13.616334595021318,-18.05752726573447,3.00597448183585e-19
1787278872.070442,resting,fast,1787278739.9715214,-241.56404614030498,-179.83054303737265,1343.7984581243463,13.487290727801724,-18.11730346052265,3.0033165013831926e-19
1787278872.0818257,resting,fast,1787278739.9715214,-242.93236124050554,-181.12964424240852,1347.348745793287,13.584723318179517,-18.21992709303779,3.00916072458432e-19
1787278872.094962,resting,fast,1787278739.9715214,-242.67700681088945,-181.19293236956685,1347.1746721161498,13.589469927716213,-18.200775510816733,3.0045300609736313e-19
1787278872.1037858,resting,fast,1787278739.9715214,-243.81205525300766,-182.47614879930973,1348.123689446401,13.685711159947179,-18.28590414397555,3.0102520012323463e-19
1787278872.1152012,resting,fast,1787278739.9715214,-241.2983796912181,-179.7788616271954,1343.0835767412855,13.483414622038499,-18.09737847684132,3.002524190412991e-19
1787278872.1270928,resting,fast,1787278739.9715214,-240.49403430923076,-179.78353233510313,1339.6051872052876,13.483764925131627,-18.03705257319222,3.001771982365283e-19
1787278872.137222,resting,fast,1787278739.9715214,-238.84932413471097,-181.22517327714888,1336.9726179673771,13.591887995784962,-17.913699310103098,2.998735543671905e-19
1787278872.1484325,resting,fast,1787278739.9715214,-239.22512111928654,-183.21624616640418,1335.4612121636792,13.7412184624792,-17.94188408394659,2.998563656619524e-19
1787278872.1595755,resting,fast,1787278739.9715214,-240.06824579508748,-183.7145203239926,1337.822763740317,13.77858902429816,-18.005118434631477,3.000947068908199e-19
1787278872.170231,resting,fast,1787278739.9715214,-240.3491130998932,-182.8600447892328,1336.6647850853851,13.714503359191301,-18.026183482491803,2.99909989250104e-19
1787278872.1812642,resting,fast,1787278739.9715214,-240.55915251704346,-182.2119826686088,1337.5765067828897,13.66589870014447,-18.041936438778528,3.0011618207089164e-19
1787278872.1928587,resting,fast,1787278739.9715214,-240.28864241960082,-182.15973811064953,1337.43010317654,13.661980358297487,-18.021648181469793,3.0017410969803695e-19
1787278872.203757,resting,fast,1787278739.9715214,-240.99192317746792,-182.3156294394854,1338.189974400867,13.673672207960255,-18.074394238309985,3.001532919583048e-19
1787278872.2148516,resting,fast,1787278739.9715214,-240.92266401790357,-181.12504287641798,1339.6548416848445,13.584378215730045,-18.069199801342656,3.0016814091337125e-19
1787278872.225807,resting,fast,1787278739.9715214,-241.88100680792513,-181.3709725761247,1342.1752319620691,13.60282294320827,-18.141075510594234,3.0043048343378184e-19
1787278872.2369044,resting,fast,1787278739.9715214,-240.12614982876994,-180.11456535736158,1337.5282853805793,13.508592401800815,-18.009461237157673,3.0044002910360453e-19
1787278872.2484221,resting,fast,1787278739.9715214,-239.9442757768843,-181.78757617211215,1337.1309740003626,13.634068212907156,-17.99582068326609,3.005005893895778e-19
1787278872.260783,resting,fast,1787278739.9715214,-239.64506019357987,-181.84178452111576,1334.783897839895,13.638133839082489,-17.973379514518378,3.003140338735087e-19
1787278872.2704,resting,fast,1787278739.9715214,-241.38038586913308,-182.00403307697468,1339.147650982427,13.65030248077193,-18.103528940185022,3.005180505348432e-19
1787278872.2816215,resting,fast,1787278739.9715214,-242.27803370364427,-180.10427975608252,1338.4648603468659,13.507820981705141,-18.17085252777308,3.0012111362783043e-19
1787278872.2945623,resting,fast,1787278739.9715214,-241.44918642356924,-178.59052556924019,1337.0015123591975,13.394289417691812,-18.108688981767344,2.9975725464697064e-19
1787278872.3035536,resting,fast,1787278739.9715214,-241.51855262164236,-179.85112711394834,1337.7066234785989,13.48883453354495,-18.113891446622944,2.997172332036769e-19
1787278872.3149962,resting,fast,1787278739.9715214,-240.47830178198865,-179.77949367613894,1335.8338916322273,13.483462025709162,-18.035872633648964,2.9976501842115773e-19
1787278872.3274324,resting,fast,1787278739.9715214,-240.72764099416554,-179.89332516969182,1335.8654550600104,13.491999387725816,-18.054573074562413,2.9998756691440664e-19
1787278872.3370109,resting,fast,1787278739.9715214,-239.6381759785777,-177.94133622246056,1337.0367896257767,13.345600216683412,-17.972863198393057,3.0020264557495806e-19
1787278872.3481486,resting,fast,1787278739.9715214,-241.31976563905164,-180.10115813097434,1344.5987066687112,13.507586859821874,-18.098982422928728,3.0100892802951755e-19
1787278872.362174,resting,fast,1787278739.9715214,-241.81367594778794,-180.44106321425818,1346.6054922970352,13.533079741068324,-18.136025696084076,3.011750462032006e-19
1787278872.370411,resting,fast,1787278739.9715214,-242.6325760932873,-183.0693406410811,1348.2543389716693,13.730200548079853,-18.197443206996546,3.0114797117424883e-19
1787278872.3815532,resting,fast,1787278739.9715214,-240.47020842955817,-180.58783850843986,1341.2339267579182,13.54408788813183,-18.035265632216642,3.0035136116056806e-19
1787278872.394724,resting,fast,1787278739.9715214,-239.92187816237902,-181.66789454728644,1339.430186041961,13.625092091045051,-17.994140862178135,3.004547531615284e-19
1787278872.4034214,resting,fast,1787278739.9715214,-239.7873163513009,-181.85150698184964,1337.038410969405,13.638863023637445,-17.98404872634744,3.0060860387459634e-19
1787278872.4148154,resting,fast,1787278739.9715214,-240.33987633136758,-182.64478679656565,1340.1648290148942,13.6983590097412,-18.025490724852133,3.006336828034455e-19
1787278872.4279356,resting,fast,1787278739.9715214,-240.7962463040726,-181.34880074714204,1341.9250519603984,13.60116005603432,-18.059718472805116,3.004431913472434e-19
1787278872.4367468,resting,fast,1787278739.9715214,-240.9841680013883,-178.51737172066044,1343.980693202605,13.388802879048317,-18.073812600103892,3.004123889081627e-19
1787278872.4482324,resting,fast,1787278739.9715214,-241.2680687369152,-179.0522102054423,1341.4800519683622,13.428915765406803,-18.09510515526845,3.006723822628042e-19
1787278872.4588656,resting,fast,1787278739.9715214,-240.36532474425212,-179.24581194898894,1341.027495848014,13.443435896172932,-18.027399355818922,3.007645853444612e-19
1787278872.4700215,resting,fast,1787278739.9715214,-238.98161952006785,-179.44670709178706,1335.1860997988288,13.458503031883044,-17.923621464005194,3.003911941503747e-19
1787278872.4814193,resting,fast,1787278739.9715214,-237.4671507120779,-179.14830997076285,1335.8658938163835,13.436123247806098,-17.810036303405674,3.00412481176214e-19
1787278872.4938114,resting,fast,1787278739.9715214,-238.32220342481787,-178.73188761965514,1337.22741476988,13.404891571473005,-17.87416525686121,3.0026713574726544e-19
1787278872.5033417,resting,fast,1787278739.9715214,-239.94165703274257,-179.96667881878545,1342.4077623522817,13.497500911407531,-17.995624277455427,3.010114876135296e-19
1787278872.5146234,resting,fast,1787278739.9715214,-240.89710777497157,-179.84653292984024,1341.6158420357124,13.488489969736865,-18.06728308312252,3.008921626869666e-19
1787278872.5262377,resting,fast,1787278739.9715214,-240.70539292530384,-181.2678399691871,1339.7414908495057,13.595087997687859,-18.052904469397532,3.008340988257464e-19
1787278872.536771,resting,fast,1787278739.9715214,-239.41710110709073,-180.30403972353008,1340.0091989083094,13.52280297926352,-17.9562825830317,3.0026387145629137e-19
1787278872.5481536,resting,fast,1787278739.9715214,-238.15248372485667,-179.6324508583192,1336.6722792691444,13.47243381437261,-17.861436279364185,2.9982588535000647e-19
1787278872.5595374,resting,fast,1787278739.9715214,-238.23369694616622,-178.69760343144742,1335.8888445080947,13.402320257357534,-17.867527270962235,2.9994652763566823e-19
1787278872.570178,resting,fast,1787278739.9715214,-238.99831736415535,-180.71609889060153,1336.8614111774941,13.55370741679403,-17.924873802311545,3.002441738678097e-19
1787278872.5814528,resting,fast,1787278739.9715214,-241.52961231574727,-181.56334754885427,1343.471581790428,13.61725106616301,-18.11472092368102,3.008705891256642e-19
1787278872.5920799,resting,fast,1787278739.9715214,-240.11621510934992,-179.9480643234814,1339.177228894444,13.496104824259934,-18.008716133201105,3.0062790873128154e-19
1787278872.6034086,resting,fast,1787278739.9715214,-241.09560990815817,-178.23294638667642,1334.8746844165971,13.36747097899961,-18.082170743111575,3.002852943846003e-19
1787278872.6144211,resting,fast,1787278739.9715214,-239.7663442371545,-178.65409415871147,1328.4752416162546,13.399057061902187,-17.982475817786536,3.00037029932022e-19
1787278872.6272843,resting,fast,1787278739.9715214,-241.55666015044108,-180.63803763643853,1336.5307288142876,13.54785282273173,-18.116749511282876,3.0054940310206776e-19
1787278872.6365175,resting,fast,1787278739.9715214,-240.12943171384495,-180.83225509850047,1335.9221060485133,13.562419132386456,-18.00970737853821,3.005199285962518e-19
1787278872.6479108,resting,fast,1787278739.9715214,-240.63709938079,-181.58980786406744,1342.51256311188,13.619235589803981,-18.04778245355918,3.0070291013139907e-19
1787278872.6606076,resting,fast,1787278739.9715214,-239.99222012138353,-181.41733925352003,1338.8854900196666,13.606300444012735,-17.999416509103554,3.0056694839719726e-19
1787278872.6697931,resting,fast,1787278739.9715214,-241.43054476906173,-181.52314590527442,1342.6357843923497,13.614235942894584,-18.10729085767943,3.0096453971846304e-19
1787278872.681129,resting,fast,1787278739.9715214,-241.6837820132846,-179.8150065727367,1341.320656602803,13.486125492953935,-18.126283650996378,3.0102318126604915e-19
1787278872.6932008,resting,fast,1787278739.9715214,-240.99237399137337,-178.7914026772122,1343.2914294453067,13.409355200789793,-18.074428049353216,3.0098657239972046e-19
1787278872.7033262,resting,fast,1787278739.9715214,-239.97640935639947,-178.77625537915935,1342.4303500548986,13.408219153435457,-17.99823070173005,3.005930796443753e-19
1787278872.714519,resting,fast,1787278739.9715214,-240.60455785341537,-179.08509498869546,1346.2926926707196,13.431382124151046,-18.04534183900587,3.0104511286311545e-19
1787278872.7257104,resting,fast,1787278739.9715214,-241.08493823544404,-180.1731933675195,1342.2713877589586,13.512989502562707,-18.081370367658167,3.0083563158817735e-19
1787278872.7363882,resting,fast,1787278739.9715214,-239.84149772672254,-179.24380356740528,1337.0709782681215,13.443285267554405,-17.988112329503934,3.004261910626062e-19
1787278872.7480204,resting,fast,1787278739.9715214,-238.4914767115065,-179.54132849338873,1329.974523778982,13.465599637002885,-17.886860753362903,2.998124093716918e-19
1787278872.7599742,resting,fast,1787278739.9715214,-238.3202454072839,-180.0190395015453,1330.8294207723147,13.501427962614773,-17.874018405546067,2.997611770503699e-19
1787278872.7697644,resting,fast,1787278739.9715214,-239.09041690102413,-180.2990006312574,1335.3847512965212,13.52242504734301,-17.931781267576596,3.001939609555658e-19
1787278872.78112,resting,fast,1787278739.9715214,-238.6798523580569,-178.56691569323777,1334.8253910478625,13.39251867699166,-17.90098892685411,3.0002456550943424e-19
1787278872.7924025,resting,fast,1787278739.9715214,-237.5010553511197,-176.51005256033625,1329.8927662886827,13.23825394202402,-17.812579151333757,2.999518350669326e-19
1787278872.8032768,resting,fast,1787278739.9715214,-237.66647992662593,-176.54549516640293,1330.9031426449737,13.240912137479032,-17.824985994496707,3.001618002182367e-19
1787278872.814352,resting,fast,1787278739.9715214,-237.94000501253913,-176.94301848040652,1332.3481624368296,13.2707263860292,-17.845500375940176,3.001953479788615e-19
1787278872.8256483,resting,fast,1787278739.9715214,-239.85747748391486,-177.89443026399874,1341.0574331661546,13.342082269798912,-17.9893108112934,3.0069348412935596e-19
1787278872.8364775,resting,fast,1787278739.9715214,-240.33433033595384,-179.3882115024213,1338.7714750807509,13.454115862680542,-18.025074775196103,3.0065188706943267e-19
1787278872.84732,resting,fast,1787278739.9715214,-241.58921545874318,-181.27618045488623,1343.9937838517371,13.59571353411511,-18.119191159405716,3.0125852770644775e-19
1787278872.85885,resting,fast,1787278739.9715214,-240.8770693877027,-181.61883510141968,1339.5176622982208,13.621412632605331,-18.06578020407745,3.0074797735806897e-19
1787278872.8699005,resting,fast,1787278739.9715214,-240.83016112572614,-180.39609209954654,1339.9581760696192,13.529706907464632,-18.062262084429385,3.001578203218157e-19
1787278872.88115,resting,fast,1787278739.9715214,-239.0931311139243,-179.21880806437377,1331.5800442147365,13.44141060482703,-17.931984833544142,2.9957901877139896e-19
1787278872.8922598,resting,fast,1787278739.9715214,-240.12061004202178,-179.58272865469837,1336.8585739733016,13.46870464910089,-18.00904575315139,3.001071632194662e-19
1787278872.9032397,resting,fast,1787278739.9715214,-239.79348380797774,-180.09706872697768,1334.7903778537175,13.507280154521826,-17.98451128559823,3.004358162248977e-19
1787278872.9143567,resting,fast,1787278739.9715214,-240.4987944312329,-180.4103621056605,1339.515371078939,13.530777157923271,-18.03740958234242,3.006515946705573e-19
1787278872.9254367,resting,fast,1787278739.9715214,-239.59498903533176,-180.76712598202914,1336.385154657889,13.557534448651271,-17.969624177649777,3.0009965712444314e-19
1787278872.936654,resting,fast,1787278739.9715214,-238.28222385786694,-180.35003180420915,1334.9231207548391,13.526252385314596,-17.871166789339895,3.001592685067302e-19
1787278872.9478738,resting,fast,1787278739.9715214,-239.2737397598653,-181.02173855848434,1336.6370431175555,13.576630391885093,-17.945530481989636,3.0023120532711307e-19
1787278872.9588327,resting,fast,1787278739.9715214,-238.89866087788187,-179.75737705379595,1336.5933563103417,13.48180327903356,-17.917399565840867,3.004288609444047e-19
1787278872.9697132,resting,fast,1787278739.9715214,-239.46494253127776,-180.9628530842666,1341.45030409429,13.572213981319027,-17.95987068984556,3.003849568053797e-19
1787278872.9810162,resting,fast,1787278739.9715214,-238.87074296607943,-179.63430074165592,1341.1278194640536,13.472572555623163,-17.9153057224556,3.0022531414072246e-19
1787278872.9921913,resting,fast,1787278739.9715214,-236.99010618227703,-179.37230176372657,1334.9738856816484,13.452922632278149,-17.77425796367058,3.000294405507912e-19
1787278873.0031352,resting,fast,1787278739.9715214,-236.9642838179484,-177.00417909896385,1333.4621001428995,13.275313432421147,-17.77232128634588,2.99943177235002e-19
1787278873.0142498,resting,fast,1787278739.9715214,-236.74103714189596,-177.39250890329288,1332.3102641042306,13.30443816774579,-17.75557778564189,3.0002413912600773e-19
1787278873.0253315,resting,fast,1787278739.9715214,-238.91599579761032,-178.27973472533256,1338.4948100290667,13.370980104398686,-17.918699684820695,3.0039127937498377e-19
1787278873.0364697,resting,fast,1787278739.9715214,-239.09132635087872,-179.05465996541955,1338.7517704315405,13.429099497405435,-17.931849476315705,3.0048002272180197e-19
1787278873.0477252,resting,fast,1787278739.9715214,-239.53016893621452,-178.81937857939863,1341.643118251698,13.411453393454,-17.964762670216025,3.0050809486911196e-19
1787278873.0587316,resting,fast,1787278739.9715214,-240.50587553635933,-178.8673634038904,1343.4694292990962,13.415052255290863,-18.03794066522679,3.0055758235224087e-19
1787278873.0698764,resting,fast,1787278739.9715214,-239.57200436763787,-177.58140735461404,1341.5391902079546,13.318605551594931,-17.967900327572615,3.004451777151944e-19
1787278873.0809846,resting,fast,1787278739.9715214,-238.71719453879768,-177.86821835213152,1336.5024648949357,13.340116376408591,-17.90378959040968,3.000297946564724e-19
1787278873.09187,resting,fast,1787278739.9715214,-239.08672362885454,-179.2129760633867,1336.3386680956928,13.440973204752655,-17.931504272163856,2.997291864959772e-19
1787278873.102959,resting,fast,1787278739.9715214,-239.87216627719636,-180.32271524155874,1336.2166781300393,13.524203643115701,-17.990412470789337,2.9983383936814974e-19
1787278873.1141899,resting,fast,1787278739.9715214,-240.31244599626052,-180.81358805935804,1341.1347034014552,13.561019104450896,-18.023433449719462,3.0026330519486967e-19
1787278873.1253858,resting,fast,1787278739.9715214,-239.93398332047263,-180.67692803120337,1340.6233964104895,13.550769602339049,-17.99504874903502,3.0065949824645773e-19
1787278873.1364012,resting,fast,1787278739.9715214,-241.27925173250833,-180.20904327756568,1343.270893150392,13.515678245816378,-18.095943879937693,3.010706332620534e-19
1787278873.1475706,resting,fast,1787278739.9715214,-241.720499306874,-180.51722102537326,1339.0278439969634,13.538791576901819,-18.12903744801524,3.0095435396275956e-19
1787278873.15885,resting,fast,1787278739.9715214,-241.9187285948742,-180.30171063545674,1340.2880465239896,13.522628297657793,-18.14390464461539,3.009891730891059e-19
1787278873.1698568,resting,fast,1787278739.9715214,-240.99639085192257,-181.85860089396704,1336.835529201614,13.639395067046497,-18.074729313894075,3.004856818170416e-19
1787278873.180988,resting,fast,1787278739.9715214,-241.02325384684218,-180.8153375544922,1339.9656072042771,13.561150316585813,-18.07674403851295,3.005291239963225e-19
1787278873.191705,resting,fast,1787278739.9715214,-241.27963090272215,-179.43452145477966,1342.8209457301682,13.457589109107321,-18.095972317703946,3.004569926121944e-19
1787278873.2030632,resting,fast,1787278739.9715214,-240.96076015515837,-177.7463906872673,1343.174356076829,13.330979301543682,-18.072057011636524,3.0035867777321157e-19
1787278873.2141306,resting,fast,1787278739.9715214,-240.11994025588456,-178.97859724106218,1339.0695736691114,13.423394793078277,-18.008995519191096,3.0006254936767297e-19
1787278873.225286,resting,fast,1787278739.9715214,-238.91967781198173,-180.0472701572411,1332.881537305314,13.503545261791945,-17.918975835898515,2.997197629722795e-19
1787278873.2362134,resting,fast,1787278739.9715214,-237.49281262206523,-179.63700305609825,1328.2177552972344,13.472775229206295,-17.811960946654594,2.99463844899865e-19
1787278873.2473037,resting,fast,1787278739.9715214,-237.10550435152936,-177.50776793481702,1330.5963514863734,13.313082595110263,-17.782912826364466,2.9991313592204596e-19
1787278873.2583582,resting,fast,1787278739.9715214,-237.76967965634276,-178.0049017221594,1331.885638990946,13.350367629160747,-17.832725974225554,3.003360926719639e-19
1787278873.2694573,resting,fast,1787278739.9715214,-239.71144716946264,-179.1177181830841,1337.2520199408127,13.43382886372989,-17.97835853770964,3.008166014573861e-19
1787278873.2807817,resting,fast,1787278739.9715214,-240.47247235342593,-179.6949237297771,1338.0068392801977,13.47711927973197,-18.035435426506844,3.007889419947554e-19
1787278873.2919965,resting,fast,1787278739.9715214,-240.06491634015174,-179.27685900816016,1340.2914966034723,13.44576442561085,-18.004868725511137,3.007761971205452e-19
1787278873.3029184,resting,fast,1787278739.9715214,-240.1780296440479,-180.00896493836615,1340.0132177155674,13.500672370376524,-18.01335222330355,3.0091836061483843e-19
1787278873.3141,resting,fast,1787278739.9715214,-239.60200119872616,-179.84347161846824,1338.5498029504188,13.488260371384246,-17.97015008990421,3.0061166428070657e-19
1787278873.3249462,resting,fast,1787278739.9715214,-240.39388944050052,-179.33958133591784,1338.2590297949237,13.450468600192682,-18.02954170803742,3.003157330871716e-19
1787278873.336218,resting,fast,1787278739.9715214,-239.81360573266784,-179.65495146548744,1337.3318460615692,13.474121359910459,-17.98602042994979,2.9999748653704307e-19
1787278873.347393,resting,fast,1787278739.9715214,-239.79577279268733,-179.41070755887165,1337.7755305697983,13.455803066914203,-17.984682959451284,3.003538474325172e-19
1787278873.3583565,resting,fast,1787278739.9715214,-239.06317735454968,-178.54156150967867,1336.5544320356303,13.390617113224781,-17.929738301590994,3.0051571090360487e-19
1787278873.369489,resting,fast,1787278739.9715214,-239.8462120760164,-177.60091910279436,1338.149797729343,13.320068932708526,-17.98846590570089,3.00942139948401e-19
1787278873.3806837,resting,fast,1787278739.9715214,-241.3865722790174,-178.6223578640653,1339.485049154423,13.39667683980365,-18.103992920926082,3.0097116107176558e-19
1787278873.3916428,resting,fast,1787278739.9715214,-241.40936140701024,-179.1978121345902,1342.9856436787331,13.439835910092942,-18.105702105525594,3.0105299662297073e-19
1787278873.402883,resting,fast,1787278739.9715214,-241.03904879626816,-179.78564680553438,1345.4276898357466,13.48392351041392,-18.07792865972005,3.012195944279366e-19
1787278873.4139435,resting,fast,1787278739.9715214,-240.29275026281584,-179.68934065051837,1345.7057256244652,13.476700548787722,-18.021956269710927,3.0135139270991677e-19
1787278873.425028,resting,fast,1787278739.9715214,-240.1397552701469,-180.51153284479176,1339.1529551984504,13.538364963358237,-18.01048164526066,3.0101011189933133e-19
1787278873.436134,resting,fast,1787278739.9715214,-240.70723996538845,-179.54126550572062,1338.7746526250621,13.465594912927916,-18.05304299740368,3.0057206922503635e-19
1787278873.447328,resting,fast,1787278739.9715214,-241.2703225128921,-180.62253207942615,1340.4093455783177,13.546689905955933,-18.095274188466753,3.009616729805165e-19
1787278873.4582927,resting,fast,1787278739.9715214,-241.06857183787588,-179.26530722201653,1342.8351578259453,13.444898041649939,-18.080142887840367,3.0125941043536963e-19
1787278873.4694858,resting,fast,1787278739.9715214,-240.4721960140455,-180.7523906278924,1341.3132162289776,13.556429297090876,-18.035414701053128,3.0120438467158373e-19
1787278873.4805908,resting,fast,1787278739.9715214,-239.2832997837054,-179.21958145239307,1337.1965247044254,13.441468608928265,-17.946247483777675,3.0058245786129457e-19
1787278873.491519,resting,fast,1787278739.9715214,-238.5672110446535,-179.33563381508986,1335.2136529790887,13.450172536130655,-17.89254082834885,3.0016781912822924e-19
1787278873.502726,resting,fast,1787278739.9715214,-239.30905030628355,-178.6324712983552,1338.3369232764317,13.39743534737531,-17.948178772971055,3.0063143603809777e-19
1787278873.5138733,resting,fast,1787278739.9715214,-238.7213912906268,-178.43689574843359,1338.8194582835395,13.382767181131317,-17.904104346796935,3.0045923386185735e-19
1787278873.5249808,resting,fast,1787278739.9715214,-238.60727720622117,-177.7129462610045,1339.348060574238,13.328470969573818,-17.895545790466514,3.007749445143786e-19
1787278873.5355916,resting,fast,1787278739.9715214,-238.0122400329351,-177.48643892622738,1338.4406781701173,13.311482919465735,-17.85091800246998,3.005820525135883e-19
1787278873.5469007,resting,fast,1787278739.9715214,-238.2617647811635,-178.23277794704347,1337.8267898382828,13.36745834602701,-17.869632358586998,3.005855385273768e-19
1787278873.5579538,resting,fast,1787278739.9715214,-238.62717487041982,-178.57142072296494,1338.8891460988152,13.39285655422113,-17.89703811528134,3.0068549701573555e-19
1787278873.5693398,resting,fast,1787278739.9715214,-239.27949323646635,-179.0487429016806,1338.6531168860593,13.428655717624753,-17.945961992734865,3.0060200358588545e-19
1787278873.5801697,resting,fast,1787278739.9715214,-239.5534407580367,-178.47693345536265,1341.1791703446024,13.385770009150793,-17.96650805685256,3.008403623800778e-19
1787278873.5912213,resting,fast,1787278739.9715214,-239.91434343756418,-176.92466951993367,1342.08486230154,13.269350213993878,-17.99357575781699,3.0047311456574247e-19
1787278873.6026895,resting,fast,1787278739.9715214,-238.44821647644085,-174.0110108658572,1341.1901513886796,13.050825814938126,-17.883616235732973,3.003584833833923e-19
1787278873.6138291,resting,fast,1787278739.9715214,-238.64439204809378,-175.0038203552673,1339.9024916210774,13.125286526643837,-17.898329403606937,3.0029336821293564e-19
1787278873.6244044,resting,fast,1787278739.9715214,-238.7422523279779,-177.64882777057494,1338.596961537979,13.32366208279183,-17.905668924598174,3.0043889090321307e-19
1787278873.635928,resting,fast,1787278739.9715214,-238.85689997242798,-178.35994564953342,1341.7306417027166,13.376995923713725,-17.914267497931824,3.004112569105957e-19
1787278873.647169,resting,fast,1787278739.9715214,-238.78072240901338,-176.91139320264426,1342.544564811692,13.268354490197115,-17.908554180675793,3.006240716194719e-19
1787278873.657794,resting,fast,1787278739.9715214,-237.9392415904772,-175.73559243405896,1340.1094452213647,13.180169432553104,-17.84544311928569,3.0053105730476027e-19
1787278873.6690905,resting,fast,1787278739.9715214,-240.01248577645265,-177.1192109753482,1341.259075387733,13.283940823149724,-18.00093643323372,3.0121405929503066e-19
1787278873.6803098,resting,fast,1787278739.9715214,-239.72131312716147,-178.35170964461747,1336.4299058198876,13.376378223344805,-17.979098484536948,3.0090069404055037e-19
1787278873.6912766,resting,fast,1787278739.9715214,-240.13640416666794,-178.4322895095155,1340.8634613289987,13.382421713212384,-18.010230312499985,3.012639759621611e-19
1787278873.7025592,resting,fast,1787278739.9715214,-239.00885510997932,-177.61429241679696,1336.6498916117644,13.321071931258803,-17.925664133248297,3.00770760008588e-19
1787278873.713345,resting,fast,1787278739.9715214,-238.80126219346994,-176.846647377948,1338.686471641201,13.263498553344878,-17.910094664509955,3.0094413321923798e-19
1787278873.724294,resting,fast,1787278739.9715214,-238.88499320906112,-177.67676991220776,1334.7009670054022,13.325757743414318,-17.916374490679274,3.0059755786955953e-19
1787278873.7353308,resting,fast,1787278739.9715214,-240.21357398438113,-178.85504227515878,1343.217645868287,13.414128170635852,-18.016018048828435,3.0108609730673142e-19
1787278873.7466443,resting,fast,1787278739.9715214,-240.27088595629948,-179.42146365975157,1343.0617864468923,13.456609774480203,-18.020316446722155,3.0088095450080785e-19
1787278873.7576578,resting,fast,1787278739.9715214,-239.7640942735493,-176.9972513487004,1341.3028037135036,13.27479385115122,-17.982307070516136,3.0079619480925755e-19
1787278873.7688012,resting,fast,1787278739.9715214,-238.8876267057626,-177.37982316737168,1332.9223398451495,13.30348673755164,-17.916572002931787,2.9995931207822006e-19
1787278873.7802763,resting,fast,1787278739.9715214,-238.87550084892928,-176.946249314875,1333.4042637075536,13.270968698614514,-17.91566256366947,2.999667242545716e-19
1787278873.7910585,resting,fast,1787278739.9715214,-238.68462423426672,-177.94743389265784,1338.5040764456471,13.346057541948358,-17.90134681756968,3.002347250789146e-19
1787278873.8023646,resting,fast,1787278739.9715214,-238.48513795301142,-176.77910721141723,1341.2564302844394,13.258433040855,-17.886385346475684,3.0053925718813058e-19
1787278873.8136017,resting,fast,1787278739.9715214,-238.4763776196537,-176.4314126990838,1339.6401534353708,13.232355952429902,-17.885728321473863,3.003875150535092e-19
1787278873.824583,resting,fast,1787278739.9715214,-240.3754130546572,-177.7174050005882,1340.2712499969193,13.328805375042752,-18.028155979099196,3.0067216623645254e-19
1787278873.835708,resting,fast,1787278739.9715214,-240.7933530729938,-178.08033856176496,1343.2325716717378,13.356025392131063,-18.059501480474637,3.0075757808739863e-19
1787278873.846819,resting,fast,1787278739.9715214,-240.58997490848515,-177.6421598619944,1343.984136288679,13.323161989648344,-18.044248118136217,3.006234539588255e-19
1787278873.857988,resting,fast,1787278739.9715214,-239.03601691884933,-177.9110859822132,1339.534657911422,13.343331448664731,-17.92770126891348,3.001054933944721e-19
1787278873.869006,resting,fast,1787278739.9715214,-239.07424779276744,-178.9029513091631,1338.0101951745428,13.417721348185868,-17.930568584457554,3.0004630663386156e-19
1787278873.879771,resting,fast,1787278739.9715214,-240.6503227030612,-179.7842300095075,1342.067124708511,13.48381725071187,-18.048774202729447,3.008579370330965e-19
1787278873.8906353,resting,fast,1787278739.9715214,-241.1842338294141,-179.59569371401142,1347.7010054586617,13.469677028549771,-18.088817537205756,3.0119593471933805e-19
1787278873.9020355,resting,fast,1787278739.9715214,-239.42091658519666,-179.00091608184505,1343.8076913407303,13.425068706137257,-17.956568743889562,3.0103251423396206e-19
1787278873.9132404,resting,fast,1787278739.9715214,-238.0812503270322,-179.1356925356846,1340.884254634885,13.435176940175342,-17.856093774527245,3.0054046183469845e-19
1787278873.924341,resting,fast,1787278739.9715214,-237.7060605520278,-177.67195917082552,1338.2993994366525,13.32539693781057,-17.827954541401958,3.0055767496668494e-19
1787278873.9355414,resting,fast,1787278739.9715214,-239.34069200807835,-177.98892894194285,1342.9519222638673,13.349169670644603,-17.950551900605596,3.008865871518582e-19
1787278873.9467945,resting,fast,1787278739.9715214,-240.80379854654393,-177.91114009662635,1346.4949260561507,13.34333550724553,-18.060284890990467,3.0116791926883547e-19
1787278873.9573636,resting,fast,1787278739.9715214,-240.94334923022006,-178.21575372578593,1347.1939004448532,13.366181529432499,-18.070751192266364,3.0090371036943365e-19
1787278873.9687839,resting,fast,1787278739.9715214,-240.64578711067725,-178.64511112158277,1348.213520183669,13.39838333411753,-18.048434033300516,3.010024113758974e-19
1787278873.980022,resting,fast,1787278739.9715214,-239.74009977401374,-177.60887289017649,1346.8943537663336,13.32066546676187,-17.980507483050786,3.008908365258222e-19
1787278873.9908302,resting,fast,1787278739.9715214,-239.2618121396722,-179.56794983899442,1346.3745571304999,13.467596237923349,-17.944635910475057,3.007435027725075e-19
1787278874.0022225,resting,fast,1787278739.9715214,-238.9469070523669,-178.56117438587728,1339.9374406194465,13.392088078939569,-17.921018028927378,3.004055867181652e-19
1787278874.01334,resting,fast,1787278739.9715214,-238.5938931092346,-179.69545371867082,1338.7285133268897,13.47715902889897,-17.894541983192468,3.0022521326908487e-19
1787278874.0242927,resting,fast,1787278739.9715214,-237.91505949657267,-177.64209201526353,1337.0232276818742,13.323156901143694,-17.843629462242717,3.0036781414489803e-19
1787278874.0354357,resting,fast,1787278739.9715214,-237.93416537577332,-178.00087294797788,1340.0514971047132,13.350065471097299,-17.845062403182943,3.0028904105391967e-19
1787278874.0461795,resting,fast,1787278739.9715214,-237.89786814716763,-175.9621729576853,1339.445117136108,13.197162971825069,-17.842340111037643,3.000673377441471e-19
1787278874.0571558,resting,fast,1787278739.9715214,-239.43289291428164,-176.94955026982836,1340.8066493387369,13.271216270236085,-17.957466968570955,3.003059383746102e-19
1787278874.0687475,resting,fast,1787278739.9715214,-239.90265745925126,-176.49258079762456,1344.8290065281717,13.236943559820762,-17.992699309443665,3.007338484441053e-19
1787278874.0799692,resting,fast,1787278739.9715214,-240.28749647630457,-179.03922471371777,1346.4703863793084,13.427941853527589,-18.02156223572281,3.010087198348489e-19
1787278874.0909977,resting,fast,1787278739.9715214,-239.6959865337517,-177.1241826854565,1348.6856968783331,13.284313701408227,-17.977198990031077,3.0097356257759965e-19
1787278874.1020906,resting,fast,1787278739.9715214,-238.12804800705226,-177.78489554771465,1341.2820643907062,13.33386716607723,-17.85960360052877,3.0071744059069417e-19
1787278874.1132898,resting,fast,1787278739.9715214,-236.78704468188016,-176.1346066838663,1337.9591109150524,13.210095501288837,-17.75902835114094,3.004613920278435e-19
1787278874.1241689,resting,fast,1787278739.9715214,-235.78362354290448,-177.13213180225387,1334.845100111067,13.284909885167668,-17.683771765717694,3.0028152731291604e-19
1787278874.1354704,resting,fast,1787278739.9715214,-237.8870682608872,-177.554673436994,1341.4268926724753,13.316600507773334,-17.84153011956643,3.0035851708641135e-19
1787278874.1466284,resting,fast,1787278739.9715214,-238.75088706813995,-178.98714568890853,1342.868910653232,13.424035926666821,-17.906316530110374,3.0057142236317916e-19
1787278874.1574113,resting,fast,1787278739.9715214,-240.73165573847518,-179.88638679346457,1343.1554835227644,13.491479009508925,-18.054874180385568,3.005288600342028e-19
1787278874.1687255,resting,fast,1787278739.9715214,-240.36778461310178,-180.58323669049935,1339.00160651436,13.54374275178657,-18.027583845982413,3.0030019276700977e-19
1787278874.1798577,resting,fast,1787278739.9715214,-239.99673034111265,-179.00409818180322,1339.4106075894551,13.425307363634065,-17.999754775583384,3.003381982883479e-19
1787278874.190546,resting,fast,1787278739.9715214,-240.05272739039765,-179.21430666152003,1342.66091202396,13.441072999612818,-18.00395455427968,3.0052938977022076e-19
1787278874.2020226,resting,fast,1787278739.9715214,-240.06762841728732,-177.45930952657466,1344.8623346341947,13.309448214491812,-18.00507213129658,3.00846800306679e-19
1787278874.2131808,resting,fast,1787278739.9715214,-241.35216741562863,-179.76213062292675,1347.2740366347707,13.48215979671858,-18.101412556171987,3.007076662443454e-19
1787278874.2238896,resting,fast,1787278739.9715214,-242.24041455382348,-181.28146276399877,1348.8764393742485,13.596109707298826,-18.168031091536413,3.0104313993163097e-19
1787278874.2353668,resting,fast,1787278739.9715214,-242.19959644751953,-183.29606081768054,1349.6656527473924,13.747204561324867,-18.164969733563645,3.008844979473099e-19
1787278874.246501,resting,fast,1787278739.9715214,-241.39422510311442,-183.4387812600629,1346.5490504133404,13.757908594503608,-18.104566882733437,3.0105516832721824e-19
1787278874.257257,resting,fast,1787278739.9715214,-240.4431916443541,-181.74392200426234,1344.7170393753977,13.630794150318582,-18.03323937332634,3.0074098862506224e-19
1787278874.26861,resting,fast,1787278739.9715214,-238.85973438101018,-179.3615013247853,1341.194071894627,13.452112599357779,-17.9144800785754,3.0014481961188866e-19
1787278874.2798743,resting,fast,1787278739.9715214,-239.93563656063407,-179.05867923281255,1341.3833576825646,13.42940094245984,-17.995172742047394,2.998489057392004e-19
1787278874.2906585,resting,fast,1787278739.9715214,-240.42237737227742,-179.21587599045108,1342.3681024919051,13.44119069928269,-18.031678302920696,2.998761980733558e-19
1787278874.3018703,resting,fast,1787278739.9715214,-241.89589866982215,-180.71847990757794,1340.9313010367596,13.553885993067372,-18.142192400236425,3.0002476448490813e-19
1787278874.3130534,resting,fast,1787278739.9715214,-241.6469785749673,-179.8161611635984,1343.6634638603382,13.486212087268644,-18.123523393122262,3.0028897501435735e-19
1787278874.3238068,resting,fast,1787278739.9715214,-242.0696779095656,-180.4721296482095,1344.8756481265418,13.535409723614638,-18.15522584321735,3.0054147152507514e-19
1787278874.3350852,resting,fast,1787278739.9715214,-241.77973706327202,-179.04970014618937,1349.6417127638551,13.428727510963103,-18.133480279745193,3.006659726087958e-19
1787278874.346255,resting,fast,1787278739.9715214,-242.4922566785931,-181.08059310132,1349.5022064039922,13.581044482597978,-18.186919250894483,3.0085120163379466e-19
1787278874.3569887,resting,fast,1787278739.9715214,-242.2207489795469,-180.5231455986069,1349.2164195139112,13.539235919894342,-18.166556173465914,3.0050648298860724e-19
1787278874.3684149,resting,fast,1787278739.9715214,-241.27898674003836,-180.5775853988115,1344.111585910664,13.543318904909714,-18.095924005502795,3.003669765835593e-19
1787278874.3797681,resting,fast,1787278739.9715214,-240.90647561225296,-178.10125986289802,1343.9248304111889,13.357594489716181,-18.067985670918787,3.003989298858897e-19
1787278874.390489,resting,fast,1787278739.9715214,-240.8370231250442,-179.79695021918008,1345.2596928657795,13.484771266437438,-18.062776734378147,3.0064809766775975e-19
1787278874.401775,resting,fast,1787278739.9715214,-241.30177119526843,-181.5905943830195,1347.7125526266964,13.619294578725349,-18.097632839644795,3.009741747514964e-19
1787278874.413095,resting,fast,1787278739.9715214,-241.32137952674975,-182.6542185163986,1350.277284074803,13.69906638872894,-18.09910346450605,3.0132404715398527e-19
1787278874.4237404,resting,fast,1787278739.9715214,-241.258903354204,-182.35832359050426,1346.9180479929664,13.676874269286547,-18.094417751565082,3.0112787710431184e-19
1787278874.4351075,resting,fast,1787278739.9715214,-241.45572824285455,-181.56112752006186,1345.9818604999955,13.61708456400341,-18.10917961821385,3.011116845922934e-19
1787278874.4462476,resting,fast,1787278739.9715214,-241.571593107667,-181.9987459253017,1348.1281688327826,13.649905944396384,-18.11786948307492,3.0093835967172446e-19
1787278874.4570746,resting,fast,1787278739.9715214,-240.76035462916434,-181.97265266025408,1348.0047188054405,13.647948949517986,-18.05702659718724,3.010147506359512e-19
1787278874.4683402,resting,fast,1787278739.9715214,-240.10240457225746,-181.60867849253452,1345.8855383517248,13.62065088693878,-18.007680342919393,3.004407456229784e-19
1787278874.4820237,resting,fast,1787278739.9715214,-239.42082983234422,-181.189641381069,1340.0069536270958,13.589223103579005,-17.956562237425757,2.9990414352629123e-19
1787278874.4903586,resting,fast,1787278739.9715214,-238.93946554312834,-181.02914124884603,1338.7480872324368,13.577185593662353,-17.92045991573461,3.0013884853507397e-19
1787278874.5016632,resting,fast,1787278739.9715214,-240.23819847234836,-182.05197699105963,1340.883719788223,13.653898274328117,-18.017864885425993,3.0094786848475503e-19
1787278874.51288,resting,fast,1787278739.9715214,-239.98821395823825,-181.2477687781294,1342.77845371911,13.59358265835839,-17.999116046867478,3.0112006807701473e-19
1787278874.5235696,resting,fast,1787278739.9715214,-241.2666392249189,-180.96305862862675,1344.2211512652475,13.572229397146035,-18.09499794186872,3.009488606676235e-19
1787278874.534956,resting,fast,1787278739.9715214,-241.462722718004,-181.28487507845887,1342.720334937475,13.596365630883259,-18.109704203850008,3.0047279170176596e-19
1787278874.5491922,resting,fast,1787278739.9715214,-243.4203161079554,-183.2944605137128,1347.0915179863705,13.747084538527336,-18.256523708096587,3.0112032934652877e-19
1787278874.5568178,resting,fast,1787278739.9715214,-243.22030888484687,-182.8377833495971,1345.4782147207252,13.712833751218543,-18.241523166363315,3.007603931017355e-19
1787278874.5682762,resting,fast,1787278739.9715214,-241.11543805860902,-181.67366824821272,1344.5546294648984,13.625525118615005,-18.083657854395454,3.0069972324330064e-19
1787278874.58204,resting,fast,1787278739.9715214,-239.41871509383373,-180.07108732212862,1336.7765127578632,13.50533154915853,-17.956403632037443,2.9977569518934e-19
1787278874.590223,resting,fast,1787278739.9715214,-239.2105049722909,-180.9376062341522,1338.2246855404073,13.570320467560382,-17.940787872921682,3.0016102196324916e-19
1787278874.6013649,resting,fast,1787278739.9715214,-241.48380212728125,-181.55463790784722,1343.2723656257576,13.61659784308728,-18.111285159546057,3.00416392814978e-19
1787278874.615123,resting,fast,1787278739.9715214,-242.71628826225924,-182.9191403995511,1346.584289236168,13.718935529965368,-18.203721619669423,3.006745087912614e-19
1787278874.6235464,resting,fast,1787278739.9715214,-241.5279812457361,-181.84636120761581,1341.972286213554,13.638477090569982,-18.11459859342996,2.9999050313305253e-19
1787278874.6348834,resting,fast,1787278739.9715214,-239.43592334825507,-180.08533936265087,1335.2720061703685,13.506400452197656,-17.957694251118745,2.9975570960955125e-19
1787278874.647463,resting,fast,1787278739.9715214,-238.36493215485234,-179.53458783512121,1330.799356862518,13.465094087632881,-17.877369911613798,2.993779160491213e-19
1787278874.6568184,resting,fast,1787278739.9715214,-239.44847425081252,-179.11681904025193,1331.7416143785767,13.433761428017565,-17.95863556881072,2.9989554733806893e-19
1787278874.6682596,resting,fast,1787278739.9715214,-239.97600964542698,-180.84608286943092,1332.501014165181,13.563456215206262,-17.998200723406832,2.999431831576522e-19
1787278874.6810825,resting,fast,1787278739.9715214,-240.7937748893678,-181.73889863960756,1336.6139326476523,13.630417397969286,-18.05953311670229,3.0040000779028335e-19
1787278874.6902192,resting,fast,1787278739.9715214,-241.01755911136615,-183.07807891360756,1339.1959975149502,13.730855918519314,-18.07631693335231,3.004211791135942e-19
1787278874.7015746,resting,fast,1787278739.9715214,-241.73229921666052,-182.74551659166298,1343.627497420176,13.705913744373436,-18.12992244124932,3.0070337584921354e-19
1787278874.714067,resting,fast,1787278739.9715214,-241.42610638656197,-181.9098519528428,1345.641105174108,13.643238896461913,-18.10695797899215,3.008522574841438e-19
1787278874.7236333,resting,fast,1787278739.9715214,-241.29544361675516,-180.36323752653755,1347.5250338480573,13.52724281448906,-18.09715827125673,3.00953831172559e-19
1787278874.734762,resting,fast,1787278739.9715214,-241.24975901299194,-181.17349980450751,1345.9301344316618,13.58801248533695,-18.093731925974353,3.009331230628356e-19
1787278874.7470894,resting,fast,1787278739.9715214,-240.12419856691804,-179.71755802190307,1342.4996735543582,13.4788168516417,-18.009314892518873,3.004805498208646e-19
1787278874.7567887,resting,fast,1787278739.9715214,-239.26590254591474,-179.37825567310017,1336.8148043489318,13.453369175481175,-17.944942690943535,3.0015532086837795e-19
1787278874.7681344,resting,fast,1787278739.9715214,-238.76240717892188,-177.56761791345582,1336.197017838108,13.317571343508067,-17.907180538418963,2.999566944049068e-19
1787278874.7794669,resting,fast,1787278739.9715214,-239.92875683068314,-179.1853870212709,1339.691914824677,13.438904026594162,-17.994656762300913,3.0051076203533807e-19
1787278874.7904606,resting,fast,1787278739.9715214,-238.9968491802988,-180.36430081037895,1340.145798004417,13.52732256077741,-17.924763688522248,3.002654340884617e-19
1787278874.8017344,resting,fast,1787278739.9715214,-239.5130060432607,-183.15944949410652,1341.1237353625374,13.736958712056651,-17.963475453244385,3.007889481321695e-19
1787278874.8127828,resting,fast,1787278739.9715214,-239.90429103905853,-183.41337297035614,1338.6953743063286,13.756002972775466,-17.992821827929397,3.004570590693567e-19
1787278874.8232846,resting,fast,1787278739.9715214,-242.08774698837033,-183.45718798205974,1339.7550114025607,13.759289098653358,-18.156581024127547,3.008196754964127e-19
1787278874.8343463,resting,fast,1787278739.9715214,-242.1123874467471,-182.11509411589088,1339.3274249633714,13.658632058690518,-18.15842905850605,3.002225037823378e-19
1787278874.846083,resting,fast,1787278739.9715214,-240.72088406137345,-181.67557353642417,1337.3476358224461,13.625668015230449,-18.054066304602927,3.000966188811258e-19
1787278874.8566592,resting,fast,1787278739.9715214,-239.26743170534837,-181.0398039719745,1333.8191265568485,13.57798529789699,-17.945057377900795,2.9971838261969214e-19
1787278874.8680773,resting,fast,1787278739.9715214,-238.70657614065885,-182.1445501030263,1331.9005990123105,13.660841257725668,-17.902993210549376,3.0000970840675757e-19
1787278874.879149,resting,fast,1787278739.9715214,-239.54647812623853,-180.64889548472104,1334.8690102304454,13.548667161352999,-17.965985859467686,3.0006992803866653e-19
1787278874.8902192,resting,fast,1787278739.9715214,-239.05135286896302,-181.34084078282547,1338.206929779878,13.600563058710808,-17.928851465172265,3.0047479821580374e-19
1787278874.9013774,resting,fast,1787278739.9715214,-239.20796041160474,-179.5960710600599,1339.8836725319952,13.46970532950333,-17.940597030870357,3.0024944430384113e-19
1787278874.912507,resting,fast,1787278739.9715214,-238.6915848415706,-180.65997830715708,1335.4938015811758,13.549498373035565,-17.9018688631176,3.000463509511944e-19
1787278874.9233882,resting,fast,1787278739.9715214,-238.93054672628978,-180.66149720660098,1337.0222252225658,13.54961229049383,-17.91979100447162,2.9998148580758296e-19
1787278874.9346654,resting,fast,1787278739.9715214,-239.12482436429536,-181.82481636944215,1336.3605166452026,13.636861227707147,-17.93436182732205,3.003766765188681e-19
1787278874.9457567,resting,fast,1787278739.9715214,-241.32208277881318,-183.29602725831808,1343.7191761922359,13.74720204437276,-18.099156208410903,3.009580872664375e-19
1787278874.9568994,resting,fast,1787278739.9715214,-242.0289681397503,-182.58352933453568,1341.758418679884,13.693764700089165,-18.152172610481223,3.011033972161552e-19
1787278874.967994,resting,fast,1787278739.9715214,-243.6549664266554,-182.6728269091176,1345.0610513145211,13.700462018182865,-18.2741224819989,3.008642566617832e-19
1787278874.9793391,resting,fast,1787278739.9715214,-241.8265203013102,-181.78873244769568,1339.359592381169,13.634154933576202,-18.136989022598023,3.0052433351152113e-19
1787278874.9900987,resting,fast,1787278739.9715214,-241.66553053581947,-182.08428752936277,1341.777773764038,13.656321564700963,-18.12491479018619,3.001441491470033e-19
1787278875.0013108,resting,fast,1787278739.9715214,-240.3666835165127,-182.32506722734354,1337.012479762655,13.674380042049624,-18.0275012637383,2.999623549874526e-19
1787278875.0125282,resting,fast,1787278739.9715214,-239.60725715404942,-183.39146272196388,1340.3683897339479,13.75435970414603,-17.970544286553647,3.003315595122409e-19
1787278875.023352,resting,fast,1787278739.9715214,-240.63781931302356,-183.3228053343356,1339.797712814884,13.74921040007398,-18.047836448476716,3.006276646973953e-19
1787278875.0344636,resting,fast,1787278739.9715214,-240.08711770150376,-181.41547582969622,1340.9179935517523,13.606160687226296,-18.006533827612664,3.0034835744824577e-19
1787278875.045666,resting,fast,1787278739.9715214,-240.4581670168659,-180.11725442166892,1336.3033622767953,13.50879408162395,-18.03436252626453,2.996740822544016e-19
1787278875.056739,resting,fast,1787278739.9715214,-239.19222110278088,-181.3358812224982,1331.9944820170704,13.600191091686188,-17.93941658270827,2.9924004847228424e-19
1787278875.0678768,resting,fast,1787278739.9715214,-239.78155179145097,-182.49034577747886,1331.6861978178667,13.686775933309907,-17.983616384358776,2.9953439105103373e-19
1787278875.0789337,resting,fast,1787278739.9715214,-240.41135451135915,-183.12944683694275,1334.118647845723,13.734708512769547,-18.03085158835176,3.000514153006084e-19
1787278875.0899682,resting,fast,1787278739.9715214,-240.00244720954333,-183.20811504930668,1335.2093459259822,13.74060862869688,-18.000183540715604,3.0013922157420015e-19
1787278875.1011477,resting,fast,1787278739.9715214,-240.02866196695823,-183.8110474793017,1337.8162999068509,13.785828560946644,-18.002149647521527,3.0045177435116983e-19
1787278875.1119552,resting,fast,1787278739.9715214,-240.32344029629667,-183.88869902507338,1339.5867954844243,13.791652426879555,-18.024258022222092,3.0062365645348184e-19
1787278875.1230292,resting,fast,1787278739.9715214,-240.96543532265287,-183.0324860387817,1340.9856908457905,13.727436452907614,-18.072407649198773,3.009275656198457e-19
1787278875.1345427,resting,fast,1787278739.9715214,-240.83061137717277,-183.10366405787283,1339.00379424756,13.73277480433963,-18.06229585328773,3.0075663644968256e-19
1787278875.1456,resting,fast,1787278739.9715214,-240.8494078738072,-182.1547682229674,1339.5415767047407,13.6616076167216,-18.063705590535257,3.0030529688503597e-19
1787278875.156405,resting,fast,1787278739.9715214,-241.1209521940914,-181.5464496453393,1340.2094788976656,13.6159837233992,-18.084071414556725,3.002961469537492e-19
1787278875.1678329,resting,fast,1787278739.9715214,-240.894478161817,-180.60706103407745,1341.1324648259333,13.545529577554664,-18.06708586213618,3.0013904829959403e-19
1787278875.1788325,resting,fast,1787278739.9715214,-240.40747668399626,-180.18683676592684,1338.8593822481498,13.514012757443314,-18.030560751299795,3.002911459210578e-19
1787278875.1897478,resting,fast,1787278739.9715214,-240.05988144758476,-181.38985882584268,1340.6610542575136,13.60423941193702,-18.004491108568722,3.0031545789448755e-19
1787278875.2005944,resting,fast,1787278739.9715214,-239.59612445672565,-182.00725248547144,1338.4637874487953,13.650543936409239,-17.96970933425436,3.004330285140238e-19
1787278875.2116172,resting,fast,1787278739.9715214,-239.17028701891877,-182.47813758275117,1338.636271982391,13.68586031870517,-17.9377715264187,3.004313491277118e-19
1787278875.222755,resting,fast,1787278739.9715214,-239.94314415400868,-181.1878560090239,1341.6289602203042,13.589089200675549,-17.995735811550595,3.001990723072333e-19
1787278875.2339292,resting,fast,1787278739.9715214,-240.44550230319737,-180.9458775187162,1343.9941547299213,13.570940813902556,-18.033412672739644,3.0038308843566737e-19
1787278875.2449436,resting,fast,1787278739.9715214,-239.83008860302243,-181.0008900134925,1342.2349903048262,13.575066751010656,-17.987256645226545,3.003009562998545e-19
1787278875.256056,resting,fast,1787278739.9715214,-240.79886120076435,-181.6016567396863,1344.0754309397844,13.62012425547545,-18.059914590057033,3.009662633353191e-19
1787278875.2672145,resting,fast,1787278739.9715214,-240.629690155994,-180.61562511863224,1345.5191548329776,13.546171883896353,-18.047226761699328,3.0063541590923457e-19
1787278875.2784934,resting,fast,1787278739.9715214,-241.85331667967466,-180.9728405657139,1347.6270248857336,13.572963042427364,-18.138998750975617,3.0067640740112956e-19
1787278875.28987,resting,fast,1787278739.9715214,-241.29681331404709,-180.20058289327505,1348.5127473638995,13.515043716994516,-18.09726099855336,3.0029879438542185e-19
1787278875.3009632,resting,fast,1787278739.9715214,-241.6080434743776,-179.77606626542968,1347.4026497886216,13.483204969906073,-18.12060326057822,3.004672368990862e-19
1787278875.3120499,resting,fast,1787278739.9715214,-241.0317916343306,-179.92129581666552,1349.5725864194255,13.494097186248641,-18.077384372574713,3.006095124316832e-19
1787278875.3232038,resting,fast,1787278739.9715214,-240.1248292978239,-178.7360186029706,1339.3661577875164,13.405201395221415,-18.0093621973366,2.9992895350773273e-19
1787278875.3342576,resting,fast,1787278739.9715214,-239.38973185633176,-179.010153632997,1337.958120258044,13.425761522473469,-17.954229889224827,2.9976322238143733e-19
1787278875.3454676,resting,fast,1787278739.9715214,-239.546507507534,-177.50472220892254,1332.6615160010142,13.312854165667918,-17.965988063064735,2.992712145303223e-19
1787278875.3565152,resting,fast,1787278739.9715214,-239.43955244980543,-179.37554828511668,1334.5728698934645,13.453166121382456,-17.957966433735002,2.997806962338776e-19
1787278875.3675637,resting,fast,1787278739.9715214,-240.666826734016,-179.00773246413667,1336.236509483836,13.42557993480914,-18.0500120050511,2.9997927853622883e-19
1787278875.3784542,resting,fast,1787278739.9715214,-241.69436614026336,-181.3127345051422,1341.811270311512,13.598455087884322,-18.127077460519544,3.0067598016662767e-19
1787278875.389684,resting,fast,1787278739.9715214,-241.12975088749636,-180.24630521958932,1343.0019916405463,13.518472891468225,-18.08473131656188,3.0055098405626523e-19
1787278875.4007854,resting,fast,1787278739.9715214,-239.92295810066253,-180.72700922212755,1339.14790004515,13.554525691658444,-17.994221857549427,3.00410139267093e-19
1787278875.4117343,resting,fast,1787278739.9715214,-239.85227728157724,-179.0194409642919,1340.6100338088063,13.42645807232093,-17.98892079611825,3.00044466431994e-19
1787278875.4230878,resting,fast,1787278739.9715214,-240.27451680808144,-178.90153810582535,1340.0609149817437,13.417615357935777,-18.020588760605825,3.001317513871173e-19
1787278875.4341857,resting,fast,1787278739.9715214,-241.44219476869011,-178.58646052530491,1344.0484457303764,13.393984539396502,-18.108164607651645,3.0024560778416367e-19
1787278875.4450834,resting,fast,1787278739.9715214,-241.04287026927932,-179.09203245673382,1341.3589154277206,13.431902434253832,-18.07821527019614,3.005064487762315e-19
1787278875.4562573,resting,fast,1787278739.9715214,-242.29943373734523,-180.8292037140178,1340.8168551000063,13.56219027855018,-18.17245753030069,3.008512546684509e-19
1787278875.4674683,resting,fast,1787278739.9715214,-241.9563713518305,-181.37104770364851,1341.2850555609866,13.602828577772474,-18.146727851387205,3.0095292470072e-19
1787278875.4785788,resting,fast,1787278739.9715214,-241.4834147638735,-181.84872413790129,1339.771210396394,13.63865431034137,-18.111256107290572,3.003461451838131e-19
1787278875.4896984,resting,fast,1787278739.9715214,-241.31721131170025,-181.69728470850816,1343.0294687286196,13.627296353137087,-18.09879084837742,3.0021980081295944e-19
1787278875.500734,resting,fast,1787278739.9715214,-241.9025828744102,-181.2435994330957,1339.788013754579,13.593269957481045,-18.14269371558062,2.9973283464608537e-19
1787278875.5117817,resting,fast,1787278739.9715214,-242.1931632174087,-181.63396645739442,1338.206564862713,13.622547484303357,-18.164487241305537,2.999172509097651e-19
1787278875.5228937,resting,fast,1787278739.9715214,-242.783840889389,-181.7452081086043,1341.2695066667502,13.630890608144274,-18.20878806670418,3.0018612630276544e-19
1787278875.534079,resting,fast,1787278739.9715214,-242.49418321800977,-183.67252250880222,1341.179847499051,13.775439188159073,-18.187063741350663,3.0049308750726247e-19
1787278875.5448353,resting,fast,1787278739.9715214,-242.7927871761226,-182.15721273352312,1344.1161303616582,13.66179095501315,-18.209459038208976,3.008175899778214e-19
1787278875.5562356,resting,fast,1787278739.9715214,-242.20726357093417,-181.4942736579884,1338.346778211805,13.61207052434803,-18.165544767820116,3.0071679247484184e-19
1787278875.5673592,resting,fast,1787278739.9715214,-240.61808446990062,-178.66886705609943,1338.0497007607037,13.40016502920631,-18.046356335242272,3.0032779734237576e-19
1787278875.5784802,resting,fast,1787278739.9715214,-240.01848278578882,-178.9807775176438,1338.5200900076552,13.42355831382213,-18.001386208934036,2.9991807044692947e-19
1787278875.5894618,resting,fast,1787278739.9715214,-239.96133269401935,-178.6466256512341,1339.7965541640451,13.398496923841453,-17.99709995205108,2.9967627396335124e-19
1787278875.6006434,resting,fast,1787278739.9715214,-241.55618968918452,-181.5994174439976,1344.3961475972928,13.619956308298729,-18.116714226688778,3.0066218100031475e-19
1787278875.611879,resting,fast,1787278739.9715214,-241.64382755806355,-181.23226354239785,1341.8904794442742,13.592419765678574,-18.12328706685461,3.007221587507887e-19
1787278875.6225061,resting,fast,1787278739.9715214,-239.7159503960861,-180.42206462627257,1334.025304251244,13.531654846969435,-17.978696279706135,3.000974622856557e-19
1787278875.6336658,resting,fast,1787278739.9715214,-239.45108205157385,-179.17878924614718,1332.8738429584764,13.438409193459723,-17.958831153867884,2.996381033803203e-19
1787278875.6447434,resting,fast,1787278739.9715214,-239.79348981466092,-179.6651786616875,1335.7126310258418,13.474888399625375,-17.98451173609947,3.0013690841608685e-19
1787278875.6561666,resting,fast,1787278739.9715214,-242.2378046851386,-181.73761500133162,1345.7725927850142,13.630321125098707,-18.1678353513852,3.0106335473787735e-19
1787278875.6672354,resting,fast,1787278739.9715214,-243.5038594257835,-183.44458764480635,1349.4594860646057,13.758344073359115,-18.262789456933568,3.0143160700051523e-19
1787278875.6780143,resting,fast,1787278739.9715214,-243.62045748043465,-185.46146799032988,1349.7380759180478,13.909610099273497,-18.271534311032603,3.0137842180790686e-19
1787278875.689415,resting,fast,1787278739.9715214,-242.87546184581106,-185.11536865961705,1348.5619372376414,13.883652649470012,-18.21565963843554,3.011260389353974e-19
1787278875.7005546,resting,fast,1787278739.9715214,-241.74175716717718,-182.85500512363694,1343.872845518591,13.71412538427153,-18.13063178753812,3.007220205719121e-19
1787278875.7115927,resting,fast,1787278739.9715214,-241.66211713274743,-180.9747883893284,1343.5537660015316,13.573109129198262,-18.12465878495597,3.0038133103262694e-19
1787278875.7227027,resting,fast,1787278739.9715214,-240.82225255155527,-180.08288480955423,1343.9438735573121,13.506216360715374,-18.061668941366555,3.004659103270067e-19
1787278875.7338471,resting,fast,1787278739.9715214,-241.30035120229286,-180.65662785404186,1344.1696558001013,13.549247089051836,-18.097526340172017,3.0035421814516624e-19
1787278875.7444892,resting,fast,1787278739.9715214,-240.94405974881147,-179.56665167629092,1342.0865023934484,13.467498875720356,-18.07080448116094,3.00309776824081e-19
1787278875.7559235,resting,fast,1787278739.9715214,-241.4581236373101,-180.05784818107043,1337.8335264259322,13.504338613579012,-18.109359272798017,2.9961543181737403e-19
1787278875.7671714,resting,fast,1787278739.9715214,-239.75088197257855,-178.88150479641206,1333.2783328073829,13.416112859729754,-17.981316147943183,2.9895813337117192e-19
1787278875.7778497,resting,fast,1787278739.9715214,-239.53148068407472,-179.61857344178554,1334.7857337548694,13.471393008132456,-17.96486105130544,2.99084590200394e-19
1787278875.7894294,resting,fast,1787278739.9715214,-240.23556790042176,-179.51519242348866,1339.891334495488,13.463639431760232,-18.017667592531588,2.999142126886185e-19
1787278875.8005323,resting,fast,1787278739.9715214,-240.6851468083919,-180.57960765291557,1341.9414242646008,13.543470573967344,-18.051386010629365,3.0022017774974297e-19
1787278875.8113687,resting,fast,1787278739.9715214,-241.19638436908053,-180.69907866974484,1343.0056241472948,13.552430900229542,-18.089728827680844,3.001838988392532e-19
1787278875.8226647,resting,fast,1787278739.9715214,-241.1124741224462,-180.23838802951389,1344.2098714346967,13.517879102212152,-18.083435559183386,2.9967721077061757e-19
1787278875.8340008,resting,fast,1787278739.9715214,-241.09859777016345,-180.78481828278552,1343.8218765261254,13.558861371207858,-18.082394832761935,2.9973139021379955e-19
1787278875.8444898,resting,fast,1787278739.9715214,-239.68565401633305,-179.5119535937746,1339.4000810770876,13.46339651953183,-17.97642405122466,2.991815171830049e-19
1787278875.8560717,resting,fast,1787278739.9715214,-239.41902197545141,-178.6234367745368,1338.2121775912228,13.396757758089056,-17.956426648158732,2.9939208196458166e-19
1787278875.867245,resting,fast,1787278739.9715214,-240.5640527036162,-178.00976857241915,1342.838606778524,13.350732642930286,-18.042303952771093,2.996514915798503e-19
1787278875.8780785,resting,fast,1787278739.9715214,-241.18811288966708,-178.43558044513236,1345.176757577793,13.38266853338364,-18.089108466724966,2.999580948899835e-19
1787278875.889167,resting,fast,1787278739.9715214,-240.99698960891737,-181.02322019413066,1342.6518794677568,13.576741514558666,-18.074774220668516,2.9978122342766957e-19
1787278875.900557,resting,fast,1787278739.9715214,-240.50761010720225,-180.6506932757378,1342.439247276784,13.548801995679089,-18.038070758040064,3.0027459223741553e-19
1787278875.9111881,resting,fast,1787278739.9715214,-241.2136267885985,-181.840049409774,1342.4761794547785,13.638003705731851,-18.09102200914471,3.0049707486756757e-19
1787278875.9225867,resting,fast,1787278739.9715214,-241.96624037306856,-181.25489265222643,1346.0765583009443,13.594116948915786,-18.147468027979876,3.0075208553760573e-19
1787278875.933984,resting,fast,1787278739.9715214,-242.29805747489218,-182.73814626470573,1345.0716528856856,13.705360969851586,-18.172354310616782,3.00573993096703e-19
1787278875.94452,resting,fast,1787278739.9715214,-241.73482635709888,-181.51730000116402,1346.7375780516586,13.61379750008621,-18.13011197678238,3.0083724316108525e-19
1787278875.9558792,resting,fast,1787278739.9715214,-240.78757326106415,-181.12295400004075,1342.9530417263004,13.584221550001775,-18.059067994579635,3.010309613974776e-19
1787278875.9671113,resting,fast,1787278739.9715214,-240.5635372896627,-179.5400713766652,1342.384886844714,13.465505353248847,-18.042265296724565,3.008088153209982e-19
1787278875.977751,resting,fast,1787278739.9715214,-241.40004120524236,-180.53650066333728,1340.0424744828606,13.540237549749055,-18.10500309039294,3.0089192449997467e-19
1787278875.9891882,resting,fast,1787278739.9715214,-241.01605742311722,-179.27669484770706,1341.7922829362005,13.445752113576905,-18.076204306733707,3.008318012204045e-19
1787278876.0003393,resting,fast,1787278739.9715214,-239.8843619181721,-178.6392073112578,1338.4699199992529,13.397940548343048,-17.991327143862662,3.0059004529733634e-19
1787278876.0110486,resting,fast,1787278739.9715214,-239.82348956604937,-177.1021731342422,1341.855175170219,13.282662985066725,-17.986761717453334,3.0043272385577983e-19
1787278876.022392,resting,fast,1787278739.9715214,-240.69096512631904,-177.92363691505705,1344.4705767183905,13.344272768627821,-18.051822384473795,3.003902651809967e-19
1787278876.0337179,resting,fast,1787278739.9715214,-240.44534271370821,-178.83501940303415,1341.6247927364338,13.412626455226263,-18.033400703527953,3.00417935961805e-19
1787278876.0443332,resting,fast,1787278739.9715214,-241.0748628216793,-180.78301690048977,1342.6555386610771,13.558726267535565,-18.08061471162572,3.003141462464097e-19
1787278876.0558236,resting,fast,1787278739.9715214,-241.49066454446847,-182.1296898743252,1342.1205744789213,13.659726740573195,-18.111799840834898,3.002112510458249e-19
1787278876.066946,resting,fast,1787278739.9715214,-242.06015609110136,-181.80935708408003,1347.8679439823927,13.635701781304792,-18.154511706832345,3.0029162272881427e-19
1787278876.07754,resting,fast,1787278739.9715214,-241.16899741107454,-182.39228319613346,1344.1200621610815,13.679421239709018,-18.08767480583039,2.9988141455461253e-19
1787278876.0890944,resting,fast,1787278739.9715214,-239.64409412760097,-181.4627808306567,1339.8713593903203,13.609708562298184,-17.97330705956999,2.9962561309359615e-19
1787278876.10015,resting,fast,1787278739.9715214,-240.2745256366893,-182.4926177867054,1340.7270964373738,13.68694633400175,-18.02058942275157,2.9978767573618694e-19
1787278876.11089,resting,fast,1787278739.9715214,-240.77590998435016,-182.12729822957624,1343.4626776120285,13.659547367217062,-18.058193248826292,3.00400298154828e-19
1787278876.12244,resting,fast,1787278739.9715214,-242.04808632730465,-181.6604803944175,1349.9737720451822,13.62453602958016,-18.153606474547715,3.012325650798542e-19
1787278876.1335557,resting,fast,1787278739.9715214,-242.00690702013026,-181.4746905333726,1351.8929384699377,13.610601790001898,-18.150518026509566,3.014432425147963e-19
1787278876.144283,resting,fast,1787278739.9715214,-241.41506913591138,-180.86344517850114,1350.2931022316689,13.564758388386327,-18.10613018519318,3.0136199187919915e-19
1787278876.1557405,resting,fast,1787278739.9715214,-241.12142190002896,-182.3036226139319,1342.824080793126,13.672771696043913,-18.084106642501887,3.006345217938805e-19
1787278876.1670074,resting,fast,1787278739.9715214,-240.92747875964096,-182.20749583563986,1340.5092794489638,13.665562187671984,-18.069560906972775,3.0064628645090886e-19
1787278876.1775858,resting,fast,1787278739.9715214,-240.64698261479907,-181.08318160405668,1338.861510099062,13.581238620303186,-18.048523696109733,3.0000169884062064e-19
1787278876.1891358,resting,fast,1787278739.9715214,-240.33743666659984,-180.0952340255427,1342.8335135592379,13.507142551914502,-18.02530774999476,2.999338355666667e-19
1787278876.2002409,resting,fast,1787278739.9715214,-241.22938589162231,-178.6577426396385,1344.461364194497,13.399330697971724,-18.09220394187141,2.9996694044929767e-19
1787278876.2107408,resting,fast,1787278739.9715214,-240.81411659059586,-179.35433625667372,1343.7933807364616,13.451575219249282,-18.06105874429433,3.0011211875103323e-19
1787278876.2217557,resting,fast,1787278739.9715214,-242.27664882208728,-179.63310319160757,1347.5135845578689,13.472482739369273,-18.170748661656283,3.006156146714987e-19
1787278876.233565,resting,fast,1787278739.9715214,-240.09737403370173,-180.34656260197937,1343.9526669343168,13.525992195147442,-18.007303052527398,3.004541575447048e-19
1787278876.2441213,resting,fast,1787278739.9715214,-241.1960984919183,-181.29289739664353,1349.2181824281715,13.596967304746986,-18.089707386893828,3.0112456283745637e-19
1787278876.2555375,resting,fast,1787278739.9715214,-240.71373353314766,-181.6473641983588,1344.4960943757278,13.623552314875713,-18.053530014985874,3.0073493135770756e-19
1787278876.266751,resting,fast,1787278739.9715214,-241.68347367979777,-181.34785397870894,1347.2669635172397,13.60108904840212,-18.126260525984513,3.0066974344930656e-19
1787278876.2773533,resting,fast,1787278739.9715214,-242.86666207745338,-181.80585383820573,1344.9949553079377,13.635439037864305,-18.214999655809166,3.004374688228981e-19
1787278876.2888236,resting,fast,1787278739.9715214,-242.25070424505384,-181.68220542024335,1347.2511124634557,13.626165406517192,-18.168802818378666,3.0080800445488927e-19
1787278876.2999592,resting,fast,1787278739.9715214,-242.00306209572454,-182.4153415051245,1345.8118010683384,13.681150612882949,-18.150229657179104,3.010066066766143e-19
1787278876.3106585,resting,fast,1787278739.9715214,-240.88006757581707,-181.04311483164122,1343.9324857461443,13.578233612372049,-18.06600506818618,3.0070966576591896e-19
1787278876.3221183,resting,fast,1787278739.9715214,-242.0624357509746,-180.83640283342254,1344.763828489983,13.56273021250539,-18.154682681323138,3.0078454915307004e-19
1787278876.3333483,resting,fast,1787278739.9715214,-243.52146631895403,-181.6432558153748,1345.4818500474967,13.623244186151997,-18.264109973921492,3.007372326436193e-19
1787278876.3440175,resting,fast,1787278739.9715214,-243.83812902796262,-182.40525607581742,1347.7625234719117,13.680394205685179,-18.287859677096904,3.0105945446902106e-19
1787278876.3553963,resting,fast,1787278739.9715214,-241.53736657486252,-181.28341038156384,1342.100805789557,13.59625577861583,-18.115302493114662,3.0050355161318174e-19
1787278876.3666122,resting,fast,1787278739.9715214,-240.18735505627728,-180.38132856543973,1341.814752611942,13.528599642406736,-18.01405162922073,3.000765486741114e-19
1787278876.377256,resting,fast,1787278739.9715214,-239.68443593599977,-180.43189687527763,1342.4172580997792,13.532392265644592,-17.97633269519983,3.0014685533258915e-19
1787278876.3887162,resting,fast,1787278739.9715214,-240.7440400974615,-181.61319948953962,1345.6043725349164,13.620989961714148,-18.055803007309464,3.000764935719089e-19
1787278876.399947,resting,fast,1787278739.9715214,-241.69173652309973,-182.1892658996893,1347.9319472812558,13.664194942475607,-18.12688023923227,3.007277852823912e-19
1787278876.4107044,resting,fast,1787278739.9715214,-243.06890909576896,-181.90183237628537,1348.6400280556509,13.642637428220187,-18.230168182182794,3.0069050862344597e-19
1787278876.4220192,resting,fast,1787278739.9715214,-242.3728930069733,-180.8287290043237,1344.9779262837465,13.562154675322905,-18.177966975522892,3.0046282052209334e-19
1787278876.433182,resting,fast,1787278739.9715214,-242.0897390584264,-179.87137578978388,1342.5681200801873,13.490353184232578,-18.156730429381604,2.9974853263268623e-19
1787278876.4440665,resting,fast,1787278739.9715214,-241.1977488953412,-179.2707900591164,1340.1170821862024,13.445309254432605,-18.08983116715057,2.9957901636883487e-19
1787278876.4554327,resting,fast,1787278739.9715214,-241.75274747031517,-179.90549767242862,1342.0464771639445,13.49291232543111,-18.13145606027347,3.0017870530383957e-19
1787278876.4665587,resting,fast,1787278739.9715214,-241.18466558038608,-180.2674560087636,1340.824201795068,13.520059200655968,-18.08884991852868,3.000591823265545e-19
1787278876.4772182,resting,fast,1787278739.9715214,-240.2642282764632,-179.99681267651147,1341.0936837445106,13.499760950737429,-18.0198171207346,3.0009656461091367e-19
1787278876.4886522,resting,fast,1787278739.9715214,-239.40685554517086,-180.35302021216887,1342.124717016627,13.52647651591143,-17.955514165887827,3.0010399463652933e-19
1787278876.4994557,resting,fast,1787278739.9715214,-241.17928032160808,-182.44808501096998,1347.7247868071454,13.683606375821558,-18.08844602412058,3.0090600936847767e-19
1787278876.510431,resting,fast,1787278739.9715214,-241.70339558724982,-182.51199548465718,1346.8686570879663,13.688399661348246,-18.127754669043647,3.005428873153844e-19
1787278876.5220137,resting,fast,1787278739.9715214,-242.56562180368064,-183.0243004668638,1344.9377676843715,13.726822535013614,-18.192421635276013,3.0018633277484903e-19
1787278876.5331075,resting,fast,1787278739.9715214,-241.33866523396637,-182.67348271397452,1342.6951002932865,13.700511203547013,-18.100399892547394,2.998927530240252e-19
1787278876.5438766,resting,fast,1787278739.9715214,-241.73115011115306,-183.87995013035004,1346.1999167035601,13.790996259774904,-18.129836258336226,3.004732320487633e-19
1787278876.5553193,resting,fast,1787278739.9715214,-242.14908638305087,-184.14829558173062,1348.3823157314719,13.811122168628732,-18.1611814787287,3.006837770321814e-19
1787278876.5662472,resting,fast,1787278739.9715214,-242.3032210757624,-182.63170064268104,1346.063966291621,13.697377548199928,-18.17274158068212,3.006132918423232e-19
1787278876.577069,resting,fast,1787278739.9715214,-241.2939499433528,-181.9997090905871,1344.3317514729179,13.649978181792893,-18.09704624575143,3.0028822263455946e-19
1787278876.5885706,resting,fast,1787278739.9715214,-240.34064144098784,-181.54511141539058,1344.0973606547295,13.615883356153166,-18.02554810807404,3.0042259979119065e-19
1787278876.5997384,resting,fast,1787278739.9715214,-240.5326402732585,-180.97828408179214,1345.3331322823278,13.5733713061334,-18.039948020494073,3.0045494301636237e-19
1787278876.6103442,resting,fast,1787278739.9715214,-241.22974840414417,-181.57131184605953,1344.191225447229,13.617848388453329,-18.092231130310516,3.005222428622382e-19
1787278876.6215951,resting,fast,1787278739.9715214,-241.45215496606716,-180.455653559496,1345.7031476049642,13.534174016961106,-18.108911622454755,3.004102662763677e-19
1787278876.6324732,resting,fast,1787278739.9715214,-241.1502745135508,-180.80804435438006,1344.1332133164005,13.56060332657771,-18.086270588516058,3.003000646067348e-19
1787278876.643577,resting,fast,1787278739.9715214,-240.81053216835926,-180.06589839173023,1342.5302294579133,13.504942379378623,-18.060789912626788,3.0014390125623163e-19
1787278876.655126,resting,fast,1787278739.9715214,-240.95460646787024,-180.08863798741652,1340.0144358086827,13.506647849055017,-18.07159548509007,3.000428440220996e-19
1787278876.6662838,resting,fast,1787278739.9715214,-240.9109469608361,-179.84646781385402,1342.3927581741927,13.488485086037745,-18.068321022062626,3.002285664992449e-19
1787278876.677142,resting,fast,1787278739.9715214,-241.3655868762212,-180.9054740044213,1344.0401449063893,13.567910550330485,-18.102419015716144,3.0027658196381244e-19
1787278876.6884086,resting,fast,1787278739.9715214,-240.38684643700208,-181.2279864336432,1339.2575814238508,13.592098982522021,-18.02901348277519,2.994786340266596e-19
1787278876.6995926,resting,fast,1787278739.9715214,-240.34363649587021,-181.1131894195688,1338.02152241573,13.5834892064665,-18.025772737190103,2.9922075275584666e-19
1787278876.7102542,resting,fast,1787278739.9715214,-240.55068240965784,-179.47135287982098,1338.5437906976977,13.460351465985301,-18.041301180724396,2.993090296063945e-19
1787278876.7214348,resting,fast,1787278739.9715214,-241.78988884808268,-179.75405197420866,1345.754998849311,13.48155389806428,-18.134241663605955,3.002377776967217e-19
1787278876.732695,resting,fast,1787278739.9715214,-242.11472677335905,-180.790184356949,1342.8511685750009,13.559263826769968,-18.158604508001744,2.998519925959345e-19
1787278876.7438042,resting,fast,1787278739.9715214,-240.57651274139835,-180.6530866802417,1340.4701953937902,13.54898150101683,-18.043238455604737,2.994914459457119e-19
1787278876.7552161,resting,fast,1787278739.9715214,-241.24100209326525,-181.48305392483473,1342.1151052308405,13.611229044361611,-18.093075156994793,2.999762480204358e-19
1787278876.7662938,resting,fast,1787278739.9715214,-240.5085689047014,-180.1610297076562,1344.0393181058853,13.512077228072986,-18.03814266785257,3.002734502931611e-19
1787278876.7768676,resting,fast,1787278739.9715214,-240.23003934878807,-180.86998486456707,1344.186791599751,13.565248864841411,-18.017252951159136,3.0027000716132115e-19
1787278876.7883992,resting,fast,1787278739.9715214,-240.4678065275416,-180.60877578751445,1341.3032199332329,13.545658184062535,-18.035085489565503,2.9985645911656145e-19
1787278876.7995574,resting,fast,1787278739.9715214,-240.42564531547805,-181.4447617992538,1340.8572390060099,13.608357134942683,-18.031923398660773,2.9999465149308487e-19
1787278876.810335,resting,fast,1787278739.9715214,-240.67502528393788,-180.8604895997222,1335.3055418360264,13.564536719977912,-18.05062689629527,2.995657352907633e-19
1787278876.8213317,resting,fast,1787278739.9715214,-240.33759940348182,-180.5418581717853,1335.1330979826698,13.54063936288276,-18.025319955261168,2.993122262481169e-19
1787278876.832398,resting,fast,1787278739.9715214,-241.73241457002905,-180.85275348434868,1341.1686246335694,13.563956511325134,-18.12993109275194,2.999692136578891e-19
1787278876.8435216,resting,fast,1787278739.9715214,-241.25109550033585,-182.0373010175923,1344.008118145989,13.652797576318438,-18.093832162525082,3.003157723245376e-19
1787278876.854859,resting,fast,1787278739.9715214,-240.21643906878353,-181.5329301962339,1341.8028603287921,13.614969764716452,-18.01623293015861,3.002895536671992e-19
1787278876.8662827,resting,fast,1787278739.9715214,-239.32452095658982,-181.3977087358304,1337.3877118196006,13.604828155186215,-17.94933907174395,2.997986960536233e-19
1787278876.8769023,resting,fast,1787278739.9715214,-240.38969676361694,-179.7362119897781,1338.833851735063,13.480215899232139,-18.029227257270982,2.99837644150465e-19
1787278876.88833,resting,fast,1787278739.9715214,-241.6981992309734,-179.82354895824562,1344.8224929468697,13.486766171867234,-18.12736494232285,3.002632090667673e-19
1787278876.8994937,resting,fast,1787278739.9715214,-241.37420963689374,-179.1850938856884,1340.5802688406484,13.438882041425519,-18.103065722766942,3.0018369937428248e-19
1787278876.9101794,resting,fast,1787278739.9715214,-242.2624609308764,-179.97608941193914,1343.478673037559,13.498206705894209,-18.169684569815608,3.0031678417284675e-19
1787278876.9216533,resting,fast,1787278739.9715214,-241.12281690901227,-179.47789777936316,1343.2125431524191,13.46084233345103,-18.08421126817567,3.003969836934178e-19
1787278876.932962,resting,fast,1787278739.9715214,-241.5279806682588,-179.2849974026841,1350.3658746584942,13.446374805200126,-18.114598550119226,3.008011681442508e-19
1787278876.943472,resting,fast,1787278739.9715214,-241.14990721724598,-179.5805708248589,1350.99766487521,13.468542811863049,-18.086243041293322,3.013883309193082e-19
1787278876.9549246,resting,fast,1787278739.9715214,-241.49662760474394,-179.0344616525755,1345.519151922329,13.42758462394183,-18.112247070355856,3.0069915841543565e-19
1787278876.9660668,resting,fast,1787278739.9715214,-240.444928810291,-179.60120179953435,1341.8391024300863,13.470090134963772,-18.033369660771776,3.0023471374714997e-19
1787278876.976701,resting,fast,1787278739.9715214,-240.07831809700974,-180.36150961519058,1340.6280187899274,13.527113221138183,-18.005873857275773,2.9984255063790883e-19
1787278876.9883702,resting,fast,1787278739.9715214,-240.24087012193058,-182.20771675792014,1345.3669193810247,13.665578756842724,-18.018065259144535,3.003187930032211e-19
1787278876.9994676,resting,fast,1787278739.9715214,-240.38398773605195,-181.8736256568651,1343.0462879225788,13.640521924263584,-18.02879908020374,2.9997927116632125e-19
1787278877.0102088,resting,fast,1787278739.9715214,-240.13981958536942,-182.7630070668664,1340.9320103672499,13.707225530013805,-18.01048646890228,2.9991844523196103e-19
1787278877.0215616,resting,fast,1787278739.9715214,-239.4816916588784,-180.01189172169154,1333.0640111678267,13.50089187912582,-17.961126874415548,2.992343342533718e-19
1787278877.032271,resting,fast,1787278739.9715214,-240.07018409247985,-179.03931779131824,1336.6402137600517,13.427948834347692,-18.005263806935957,2.99779130289424e-19
1787278877.0434194,resting,fast,1787278739.9715214,-239.33775006331643,-176.9760554557364,1336.1585877328243,13.273204159178793,-17.9503312547484,2.9959634070424457e-19
1787278877.05476,resting,fast,1787278739.9715214,-238.4588134304463,-178.5893483593219,1340.6066551189988,13.394201126947696,-17.884411007283354,2.9988806693861813e-19
1787278877.0659113,resting,fast,1787278739.9715214,-238.10700132288957,-179.1078246540079,1337.4595846609982,13.433086849049449,-17.85802509921662,2.9941747478448935e-19
1787278877.0766754,resting,fast,1787278739.9715214,-239.11803698499398,-180.0824703974812,1338.5087255178832,13.506185279809817,-17.933852773874513,2.9947216893108676e-19
1787278877.0881407,resting,fast,1787278739.9715214,-240.87649490221656,-182.6747309302749,1342.6500026976291,13.70060481976947,-18.065737117666295,3.0008230400365327e-19
1787278877.0994008,resting,fast,1787278739.9715214,-241.57925063480934,-183.16033205952738,1345.5385269584776,13.737024904463428,-18.118443797610382,3.0049967828615636e-19
1787278877.1100476,resting,fast,1787278739.9715214,-242.93317166837414,-181.5221448885187,1349.2984247834656,13.614160866637693,-18.219987875127906,3.00880453696757e-19
1787278877.121331,resting,fast,1787278739.9715214,-242.78193531157604,-179.03138388367245,1347.4171432336034,13.427353791274175,-18.2086451483681,3.0072145590513093e-19
1787278877.132599,resting,fast,1787278739.9715214,-242.91762087708003,-179.5343488979173,1343.347909049523,13.465076167342762,-18.218821565780544,3.0036516303343367e-19
1787278877.1431813,resting,fast,1787278739.9715214,-241.98415927709675,-180.52558334453659,1342.1102525483993,13.539418750838824,-18.148811945782093,3.003270875031036e-19
1787278877.1548128,resting,fast,1787278739.9715214,-241.6401853611619,-180.5262961409959,1339.3535778381893,13.539472210573226,-18.123013902086996,3.0028052344458397e-19
1787278877.1660151,resting,fast,1787278739.9715214,-241.72750409295577,-181.7111647969026,1343.1621686413955,13.628337359766437,-18.129562806971443,3.005781304801971e-19
1787278877.1766462,resting,fast,1787278739.9715214,-242.4830961266539,-182.33834061117034,1344.7634006735143,13.675375545836506,-18.186232209498975,3.008085584813337e-19
1787278877.1880505,resting,fast,1787278739.9715214,-242.90012703894217,-183.1875595078469,1349.38541923297,13.739066963087371,-18.217509527920626,3.010483288093481e-19
1787278877.199317,resting,fast,1787278739.9715214,-242.53060113825768,-181.68214463891138,1347.7139515498193,13.626160847917308,-18.189795085369312,3.0081726975900915e-19
1787278877.2101202,resting,fast,1787278739.9715214,-242.05768317951197,-181.17020184512205,1345.7736398116458,13.58776513838281,-18.154326238463362,3.004560061625159e-19
1787278877.2213676,resting,fast,1787278739.9715214,-242.06873288256475,-181.43431999244615,1340.0652313870478,13.607573999432336,-18.155154966192207,3.0013587917402296e-19
1787278877.2320962,resting,fast,1787278739.9715214,-242.43615285795886,-182.59462688952783,1339.7085439027642,13.694597016713391,-18.182711464346717,3.0005486525078096e-19
1787278877.2431612,resting,fast,1787278739.9715214,-241.74263145745272,-183.9578920878522,1338.432301398213,13.796841906587733,-18.13069735930894,3.001720259233731e-19
1787278877.254557,resting,fast,1787278739.9715214,-241.22499837181067,-183.03674446928028,1340.391869442662,13.72775583519483,-18.09187487788573,2.9986784903197986e-19
1787278877.265984,resting,fast,1787278739.9715214,-240.19303107479618,-181.03865583087224,1342.054520454275,13.57789918731422,-18.01447733060956,3.001722045956494e-19
1787278877.276589,resting,fast,1787278739.9715214,-241.2580297412901,-180.7562707347705,1343.339880416449,13.556720305106598,-18.09435223059647,3.0030550189704857e-19
1787278877.2879226,resting,fast,1787278739.9715214,-241.00097808730743,-179.87754993309693,1344.5446987713667,13.490816244981279,-18.07507335654781,3.0073860403487695e-19
1787278877.2991755,resting,fast,1787278739.9715214,-241.8243576081827,-180.71630900051252,1343.5152794100368,13.55372317503728,-18.136826820613628,3.006415342089964e-19
1787278877.3097575,resting,fast,1787278739.9715214,-241.47436664973202,-179.60055622352672,1345.0734113719072,13.470041716763138,-18.110577498729604,3.005262738173485e-19
1787278877.3212667,resting,fast,1787278739.9715214,-241.2979690883235,-180.15816141497805,1343.8995867805452,13.511862106122184,-18.097347681624072,3.0024874092150755e-19
1787278877.3324375,resting,fast,1787278739.9715214,-241.41999284528765,-179.44354503292413,1342.6332076896315,13.45826587746814,-18.10649946339641,2.9982456282718197e-19
1787278877.3431273,resting,fast,1787278739.9715214,-240.75248236500784,-178.94732522685933,1341.7656695326705,13.421049392013277,-18.056436177375225,2.997926435513968e-19
1787278877.354535,resting,fast,1787278739.9715214,-240.25387661809282,-178.78016726725843,1339.9808368204003,13.408512545043099,-18.019040746356822,2.9963564991437583e-19
1787278877.3657918,resting,fast,1787278739.9715214,-239.80015886879892,-179.1447645205875,1338.8495248758254,13.435857339042816,-17.98501191515986,2.9979642733048692e-19
1787278877.3762956,resting,fast,1787278739.9715214,-239.81126245746282,-178.43536342660343,1338.747253677403,13.382652256994266,-17.985844684309676,2.9974306406493123e-19
1787278877.3873465,resting,fast,1787278739.9715214,-240.05167418774408,-177.16964992187343,1340.3206070502029,13.287723744139246,-18.00387556408085,2.99652664230882e-19
1787278877.3989646,resting,fast,1787278739.9715214,-239.9353454369334,-176.65570622322014,1343.0387065879686,13.249177966740323,-17.99515090776989,3.0005688795897796e-19
1787278877.4097197,resting,fast,1787278739.9715214,-240.18021948711385,-177.87334240626444,1342.728037732596,13.340500680468868,-18.013516461533378,3.0037034061756483e-19
1787278877.421191,resting,fast,1787278739.9715214,-241.89900592412823,-181.03923837059335,1345.839697019589,13.57794287779318,-18.142425444309403,3.0063003072402005e-19
1787278877.4321785,resting,fast,1787278739.9715214,-242.30911763611357,-181.78413216362412,1346.3420900378287,13.63380991227061,-18.17318382270836,3.0034077025535497e-19
1787278877.4430513,resting,fast,1787278739.9715214,-242.16892401537507,-182.02928940805612,1347.6597581654014,13.652196705602993,-18.162669301152903,3.002305469692774e-19
1787278877.4545202,resting,fast,1787278739.9715214,-241.38464769254597,-180.14046452532864,1344.880436502087,13.510534839398591,-18.103848576940862,3.0025693371779713e-19
1787278877.4655347,resting,fast,1787278739.9715214,-241.63828332291223,-180.6230709272064,1346.1855225108511,13.546730319539197,-18.122871249218264,3.006506703060697e-19
1787278877.476416,resting,fast,1787278739.9715214,-242.03861274508063,-180.694938794721,1347.6700217891075,13.552120409602825,-18.15289595588107,3.003563222311189e-19
1787278877.487861,resting,fast,1787278739.9715214,-242.0888401783718,-181.52071296392285,1348.4052149271438,13.614053472293069,-18.156663013377866,3.005826681184826e-19
1787278877.4989636,resting,fast,1787278739.9715214,-240.9346253167855,-182.0352089212405,1343.7557926307445,13.652640669091856,-18.070096898758827,3.002736507599453e-19
1787278877.509456,resting,fast,1787278739.9715214,-241.01897441034316,-181.95962250789023,1341.6286340426368,13.646971688090463,-18.07642308077579,3.0042119555476126e-19
1787278877.5210867,resting,fast,1787278739.9715214,-241.01778886846887,-180.629108260419,1342.2385100642487,13.547183119530064,-18.076334165135087,3.0012811885389108e-19
1787278877.5320694,resting,fast,1787278739.9715214,-241.5569303119205,-179.9218140635627,1345.462844752782,13.494136054766049,-18.116769773393855,3.0013756207335308e-19
1787278877.5428333,resting,fast,1787278739.9715214,-240.77149420829892,-178.36173491312536,1347.1765558253164,13.377130118483155,-18.057862065622423,3.000905423637154e-19
1787278877.5543044,resting,fast,1787278739.9715214,-240.32053103251155,-179.4922753972445,1346.9986253262277,13.461920654792127,-18.024039827438138,3.000023481403941e-19
1787278877.565555,resting,fast,1787278739.9715214,-241.44384821384892,-180.04297451802688,1351.0986732382999,13.503223088850863,-18.10828861603825,3.003567715587915e-19
1787278877.5760825,resting,fast,1787278739.9715214,-241.87360169470003,-181.561409979313,1348.8921273216283,13.61710574844722,-18.140520127102477,3.003629249304672e-19
1787278877.5876317,resting,fast,1787278739.9715214,-241.66867802464503,-181.50298315549264,1348.02256033938,13.6127237366608,-18.12515085184792,3.005327911830244e-19
1787278877.5988631,resting,fast,1787278739.9715214,-240.5074493945399,-181.1628472914698,1343.2352814641881,13.587213546858951,-18.038058704590284,3.0036578767640833e-19
1787278877.609504,resting,fast,1787278739.9715214,-240.6202891385933,-182.70154997469456,1345.289445719528,13.702616248100771,-18.046521685394517,3.0039080395757597e-19
1787278877.6208265,resting,fast,1787278739.9715214,-241.59417729380812,-184.17864536782588,1345.8635958735713,13.81339840258585,-18.119563297035356,3.004798844793897e-19
1787278877.6320343,resting,fast,1787278739.9715214,-242.11786457254175,-184.2081128323831,1345.937937804153,13.81560846242741,-18.158839842940367,3.004718062014397e-19
1787278877.6427763,resting,fast,1787278739.9715214,-242.21962814799872,-183.2459745406012,1344.7290356518233,13.743448090544025,-18.166472111099772,3.0043134114124047e-19
1787278877.654137,resting,fast,1787278739.9715214,-241.11635100574904,-182.65264760991374,1345.3828556079834,13.69894857074225,-18.08372632543115,3.0040959299828686e-19
1787278877.6652992,resting,fast,1787278739.9715214,-240.3422804712286,-181.78235971162883,1345.018491525857,13.633676978370975,-18.02567103534185,3.0020448269254607e-19
1787278877.6760437,resting,fast,1787278739.9715214,-239.7677387737499,-181.42931073220814,1341.5666240788205,13.607198304914267,-17.982580408031232,3.000914611102915e-19
1787278877.6873896,resting,fast,1787278739.9715214,-240.11619465572267,-180.8366778921362,1339.9883799980807,13.562750841908997,-18.008714599179164,2.9997571102691635e-19
1787278877.6986535,resting,fast,1787278739.9715214,-241.0309163833931,-182.14174266661973,1342.1003044660256,13.660630699995284,-18.077318728753987,3.000401820501597e-19
1787278877.7092893,resting,fast,1787278739.9715214,-241.5894613731857,-182.94760712319805,1344.852401720259,13.721070534238738,-18.119209602988796,3.0049882294411275e-19
1787278877.7207723,resting,fast,1787278739.9715214,-241.24626231625507,-182.65400290950026,1341.3325737624373,13.699050218211486,-18.0934696737189,3.001409731589727e-19
1787278877.731979,resting,fast,1787278739.9715214,-240.70806223823683,-180.74135186197475,1338.645581539803,13.555601389646686,-18.053104667867515,2.997604006039213e-19
1787278877.7426555,resting,fast,1787278739.9715214,-240.16877599144436,-179.5130286942773,1334.5676131749487,13.463477152069647,-18.012658199358135,2.989746246351811e-19
1787278877.7541351,resting,fast,1787278739.9715214,-241.61587611743244,-180.42026869568565,1342.6388653490949,13.531520152175265,-18.121190708807298,2.998021396518426e-19
1787278877.768183,resting,fast,1787278739.9715214,-241.99832935516997,-182.04421262928201,1344.2636022524157,13.653315947194816,-18.149874701637593,3.006804750309095e-19
1787278877.7758856,resting,fast,1787278739.9715214,-241.2459234828707,-181.1923833111806,1346.8480420984079,13.589428748337244,-18.093444261215367,3.0084161161849937e-19
1787278877.7874207,resting,fast,1787278739.9715214,-239.3646260251994,-181.08714505307887,1343.8827680299955,13.581535878979654,-17.95234695188953,3.0072760244918484e-19
1787278877.800797,resting,fast,1787278739.9715214,-239.13018129943111,-181.5701720678909,1344.6807649207121,13.617762905090334,-17.93476359745712,3.004729034719451e-19
1787278877.8090928,resting,fast,1787278739.9715214,-238.8870139134865,-181.1470809357412,1341.4199652509442,13.58603107017922,-17.916526043511183,3.0000709769336765e-19
1787278877.8205595,resting,fast,1787278739.9715214,-240.64055178741228,-180.4491386095816,1341.129022185166,13.533685395717473,-18.048041384055885,2.9980356543833145e-19
1787278877.8348663,resting,fast,1787278739.9715214,-240.44553644622601,-181.28394288434436,1338.545173043788,13.59629571632468,-18.033415233466876,2.9940949705603264e-19
1787278877.842392,resting,fast,1787278739.9715214,-241.5470541566815,-183.41063449996852,1341.8004038696936,13.755797587496463,-18.116029061751064,3.0037062370419066e-19
1787278877.8537815,resting,fast,1787278739.9715214,-240.26412536469115,-182.25672949035481,1339.940706915052,13.669254711775697,-18.019809402351726,3.0031154061271666e-19
1787278877.867873,resting,fast,1787278739.9715214,-238.94838608080454,-179.5510681632851,1337.0964384956833,13.466330112245362,-17.921128956060166,3.004103791915451e-19
1787278877.8758268,resting,fast,1787278739.9715214,-238.80419479335387,-179.63741993196334,1336.4589198832973,13.472806494895867,-17.910314609501278,3.0003098634129947e-19
1787278877.887363,resting,fast,1787278739.9715214,-239.71949661029475,-180.73608993952837,1338.3456398203425,13.555206745463469,-17.978962245771797,3.000338243172782e-19
1787278877.9020805,resting,fast,1787278739.9715214,-241.04584287866373,-181.14421847335473,1340.0357573256815,13.585816385500497,-18.078438215899595,2.999618234373394e-19
1787278877.9092536,resting,fast,1787278739.9715214,-240.19531190768566,-179.7919404638477,1336.7932111400505,13.484395534787456,-18.014648393076193,2.996746237647564e-19
1787278877.9207585,resting,fast,1787278739.9715214,-239.58325373579692,-180.57806222291185,1332.5491483471933,13.543354666717153,-17.968744030184347,2.994073486587039e-19
1787278877.9357054,resting,fast,1787278739.9715214,-238.60371920105763,-180.6861268474987,1332.8323139907143,13.551459513561145,-17.895278940078974,2.9915309477629807e-19
1787278877.9425292,resting,fast,1787278739.9715214,-239.26403686073127,-181.24063459856245,1337.3854606419472,13.593047594891036,-17.94480276455453,2.995283836138232e-19
1787278877.9540055,resting,fast,1787278739.9715214,-238.71742987183325,-180.2214306228035,1338.6434057483903,13.516607296708944,-17.90380724038728,2.9944487293320077e-19
1787278877.9651184,resting,fast,1787278739.9715214,-240.16589778803564,-180.8713080815993,1344.5503956574767,13.565348106118652,-18.01244233410243,3.002109575150882e-19
1787278877.9757316,resting,fast,1787278739.9715214,-241.4792419211858,-181.40098678073707,1344.2194972222396,13.605074008554073,-18.110943144088836,3.0015837526057336e-19
1787278877.9872875,resting,fast,1787278739.9715214,-241.4670977706205,-181.71350171047823,1345.9927130959286,13.628512628284842,-18.11003233279665,3.0068620540883e-19
1787278878.0010648,resting,fast,1787278739.9715214,-241.01754268808372,-181.0802346564593,1342.6782364953751,13.58101759923311,-18.0763157016061,3.0018767954404916e-19
1787278878.0091786,resting,fast,1787278739.9715214,-239.26419422895515,-181.47031422902876,1341.7052633370376,13.610273567175884,-17.94481456717164,3.0044147898237285e-19
1787278878.020568,resting,fast,1787278739.9715214,-240.05388189809355,-181.41701017123808,1341.6614717125349,13.606275762841523,-18.004041142357117,3.004878848501995e-19
1787278878.0341034,resting,fast,1787278739.9715214,-240.38113929010115,-183.17279985535527,1341.7772795934861,13.737959989150415,-18.028585446757504,3.006749482544233e-19
1787278878.0424323,resting,fast,1787278739.9715214,-240.49020379634158,-181.1314895152649,1341.149896378388,13.584861713643566,-18.036765284725256,3.0044192317207614e-19
1787278878.0533738,resting,fast,1787278739.9715214,-239.08296464469868,-179.9193812530783,1338.3363122279015,13.4939535939798,-17.931222348352357,3.001316014752865e-19
1787278878.0664942,resting,fast,1787278739.9715214,-238.41563851101773,-177.12622362921695,1335.2676293646027,13.284466772190076,-17.881172888326027,3.0016407002935404e-19
1787278878.0755844,resting,fast,1787278739.9715214,-239.16522878056048,-179.04976576856836,1337.9602100680304,13.428732432641286,-17.93739215854189,3.0062555112455516e-19
1787278878.0872393,resting,fast,1787278739.9715214,-240.1839646932699,-180.2389415063268,1337.1169775446988,13.517920612973075,-18.01379735199489,3.005885439636302e-19
1787278878.0983086,resting,fast,1787278739.9715214,-240.6697974510048,-183.1069142806124,1338.6760666671862,13.733018571044727,-18.050234808825195,3.0053139510130345e-19
1787278878.1090634,resting,fast,1787278739.9715214,-240.48006168484108,-182.488678770481,1338.2226923644694,13.686650907784799,-18.036004626362896,3.0015937554910357e-19
1787278878.1199915,resting,fast,1787278739.9715214,-241.41884008659827,-182.44527133249392,1342.4689442063345,13.683395349935996,-18.10641300649464,3.00232716993932e-19
1787278878.1311421,resting,fast,1787278739.9715214,-241.54777644108663,-181.5328339573822,1343.2076449566148,13.614962546802463,-18.11608323308132,3.004053455205407e-19
1787278878.1424603,resting,fast,1787278739.9715214,-242.0463291784722,-182.20104584973672,1338.6316329941246,13.665078438729171,-18.153474688384946,2.9999843231847484e-19
1787278878.153906,resting,fast,1787278739.9715214,-241.87812915506174,-182.78574917395224,1340.360827283087,13.708931188045316,-18.140859686629575,3.001518499941071e-19
1787278878.16502,resting,fast,1787278739.9715214,-241.58809943253664,-182.18464285205425,1339.0984268150687,13.663848213903197,-18.119107457440194,2.9965972465532087e-19
1787278878.175649,resting,fast,1787278739.9715214,-242.0752710243064,-182.24421181378455,1344.710722818293,13.66831588603289,-18.155645326822885,3.000209950121863e-19
1787278878.187129,resting,fast,1787278739.9715214,-241.58309019413036,-181.0890661153743,1342.709824268627,13.581679958651751,-18.118731764559463,2.9995899382430527e-19
1787278878.1982582,resting,fast,1787278739.9715214,-242.4562873773143,-181.8553215201149,1344.9615899007977,13.639149114007441,-18.18422155329838,3.006131676976638e-19
1787278878.2088664,resting,fast,1787278739.9715214,-241.99548557779735,-181.97889343803297,1343.9487011623414,13.64841700785151,-18.149661418334823,3.0058777277071845e-19
1787278878.2204525,resting,fast,1787278739.9715214,-242.24020987645554,-182.00788640776693,1344.0607895455132,13.650591480581515,-18.16801574073414,3.007590947287384e-19
1787278878.2314813,resting,fast,1787278739.9715214,-242.1227000782833,-183.2729703254098,1346.4230212497214,13.745472774404679,-18.159202505871143,3.006948880448686e-19
1787278878.242203,resting,fast,1787278739.9715214,-241.4362721657376,-181.28780135018394,1346.624758260693,13.59658510126265,-18.10772041243022,3.007175102205314e-19
1787278878.2536438,resting,fast,1787278739.9715214,-241.4486103550721,-181.39805587780904,1344.6984442376734,13.604854190834548,-18.10864577663027,3.003666013648836e-19
1787278878.2648704,resting,fast,1787278739.9715214,-241.1384069812625,-179.85513586996956,1342.8584643472905,13.489135190246433,-18.085380523594374,2.998778867682482e-19
1787278878.2755861,resting,fast,1787278739.9715214,-241.71355269211517,-180.94613427619868,1341.4393940174386,13.570960070713785,-18.128516451908375,2.995981903817383e-19
1787278878.2870724,resting,fast,1787278739.9715214,-241.8418530118911,-181.30463193573462,1343.90800850713,13.597847395178878,-18.138138975891614,2.997030518302493e-19
1787278878.298141,resting,fast,1787278739.9715214,-241.07151575867965,-182.2399944034779,1343.2919395368835,13.667999580259536,-18.0803636819006,3.002152313578989e-19
1787278878.308993,resting,fast,1787278739.9715214,-241.53375604811436,-182.08155648325544,1345.9277738312185,13.656116736243167,-18.11503170360838,3.004790638847565e-19
1787278878.320228,resting,fast,1787278739.9715214,-240.2158653087613,-181.7178779551174,1341.8115263041718,13.628840846632645,-18.016189898156945,3.0031510293770403e-19
1787278878.3314629,resting,fast,1787278739.9715214,-240.48714584824074,-180.55541025685022,1340.5947420621333,13.541655769262622,-18.03653593861783,2.997591082903528e-19
1787278878.3421886,resting,fast,1787278739.9715214,-240.57787413768574,-182.1102501084314,1340.7017782053,13.65826875813119,-18.043340560326286,3.00002388569087e-19
1787278878.3536434,resting,fast,1787278739.9715214,-242.51769910029952,-183.40465555820026,1346.242002808277,13.755349166863798,-18.18882743252253,3.003148561409954e-19
1787278878.3646524,resting,fast,1787278739.9715214,-243.3626921555374,-184.44944225358574,1348.695072487414,13.833708169017587,-18.252201911665274,3.007900263391079e-19
1787278878.3752759,resting,fast,1787278739.9715214,-242.4212326008933,-182.49233658598598,1346.7709889968746,13.686925243947773,-18.181592445066848,3.0044753503582583e-19
1787278878.3869405,resting,fast,1787278739.9715214,-240.766102699145,-182.44200598137502,1340.8321085602047,13.683150448601882,-18.05745770243569,3.00281737746344e-19
1787278878.3982627,resting,fast,1787278739.9715214,-239.8773333565382,-181.1387289991652,1337.6259425819526,13.58540467493619,-17.990800001740112,2.9992461254773793e-19
1787278878.4086342,resting,fast,1787278739.9715214,-240.62024361710928,-182.17189628198673,1341.4851249559933,13.66289222114779,-18.046518271283155,3.0032755671952386e-19
1787278878.420157,resting,fast,1787278739.9715214,-241.72893519182026,-181.03092272422862,1344.6693197820523,13.577319204316073,-18.12967013938637,3.0032295767569555e-19
1787278878.4313643,resting,fast,1787278739.9715214,-241.88474897566402,-182.32417501567818,1346.2707694463306,13.674313126174514,-18.141356173174465,3.00170861502845e-19
1787278878.4420035,resting,fast,1787278739.9715214,-241.6396029400098,-181.34761493243911,1344.2123802150354,13.601071119931778,-18.122970220500477,2.9998566300711083e-19
1787278878.453439,resting,fast,1787278739.9715214,-241.32383593937038,-180.77353577342558,1342.044826546905,13.558015183005953,-18.099287695452333,2.9977173771274246e-19
1787278878.4643857,resting,fast,1787278739.9715214,-241.59463795208785,-179.52404196546752,1341.4042343968495,13.464303147409058,-18.119597846406293,2.996679249173165e-19
1787278878.47532,resting,fast,1787278739.9715214,-240.16947721950737,-179.5038459246142,1337.7204274692585,13.462788444344898,-18.012710791462894,2.9971003480374346e-19
1787278878.4868279,resting,fast,1787278739.9715214,-240.08763861684702,-180.78566501834473,1341.3111716107132,13.55892487637448,-18.006572896263286,3.0010827416116735e-19
1787278878.5015857,resting,fast,1787278739.9715214,-239.88441536209348,-180.81904226950758,1341.6278356349949,13.561428170212029,-17.991331152156825,3.004837296499115e-19
1787278878.5084763,resting,fast,1787278739.9715214,-240.4318752487311,-182.1734450049779,1341.3477964238637,13.66300837537202,-18.03239064365475,3.001519688413261e-19
1787278878.5200942,resting,fast,1787278739.9715214,-239.7399096231934,-180.77095648783995,1335.8842907001554,13.557821736586764,-17.98049322173928,2.997273777593803e-19
1787278878.5344763,resting,fast,1787278739.9715214,-239.96140488969604,-181.06032568604962,1334.8615596760255,13.579524426452654,-17.99710536672704,2.9959149231643184e-19
1787278878.5420234,resting,fast,1787278739.9715214,-240.4205343068429,-180.10763212741324,1338.389942192117,13.508072409554917,-18.031540073012977,2.9993335599398126e-19
1787278878.5534027,resting,fast,1787278739.9715214,-240.86929768266555,-181.17709154447368,1342.3834709744524,13.588281865834308,-18.06519732619971,3.0005512140823887e-19
1787278878.5680094,resting,fast,1787278739.9715214,-241.3513003324265,-181.25794212742665,1344.6360555728434,13.594345659555831,-18.10134752493188,3.003702753727167e-19
1787278878.5752077,resting,fast,1787278739.9715214,-240.7040031677593,-182.2181408023249,1340.909598594365,13.666360560173363,-18.052800237581728,3.0011400161066826e-19
1787278878.5867143,resting,fast,1787278739.9715214,-240.18339628102922,-182.8360749756606,1340.8608369447784,13.712705623173083,-18.013754721077035,3.005073320105825e-19
1787278878.6013148,resting,fast,1787278739.9715214,-240.10404551548754,-182.52519725271475,1340.90114865341,13.689389793952433,-18.007803413661215,3.0060344567344227e-19
1787278878.6085854,resting,fast,1787278739.9715214,-240.24826586564677,-181.78083524096098,1341.3880899899423,13.633562643071247,-18.01861993992334,3.006874456928959e-19
1787278878.6199527,resting,fast,1787278739.9715214,-241.13350500705064,-180.94808396011774,1342.4169765171673,13.571106297007564,-18.08501287552845,3.0068623222176e-19
1787278878.6332467,resting,fast,1787278739.9715214,-240.54033359201776,-180.56634732514965,1341.2879291283944,13.542476049385161,-18.040525019401187,3.0040738914371733e-19
1787278878.6417937,resting,fast,1787278739.9715214,-240.0899720527209,-179.44103332249108,1342.9736132463868,13.458077499185894,-18.006747903953894,3.00396362883463e-19
1787278878.6532881,resting,fast,1787278739.9715214,-239.72749109697406,-181.1559261507265,1340.6973770240193,13.5866944613033,-17.979561832273006,3.0022618727714735e-19
1787278878.666369,resting,fast,1787278739.9715214,-239.16858952725443,-181.1255693813074,1341.463324394107,13.584417703596774,-17.93764421454369,3.000116559589449e-19
1787278878.6754434,resting,fast,1787278739.9715214,-240.22784743807142,-181.5573636736832,1339.3114894164091,13.61680227552505,-18.01708855785536,3.003163358728665e-19
1787278878.6865933,resting,fast,1787278739.9715214,-240.66764269993973,-179.79230733861243,1342.778206497841,13.484423050394685,-18.050073202495412,3.0021399270266805e-19
1787278878.6993856,resting,fast,1787278739.9715214,-241.57499706535373,-179.61020662724798,1342.0463436006385,13.470765497042496,-18.118124779901393,3.006784996809475e-19
1787278878.7087147,resting,fast,1787278739.9715214,-242.3103234010282,-179.59612909273608,1344.012016063568,13.469709681954075,-18.173274255076848,3.0073349559849596e-19
1787278878.7199163,resting,fast,1787278739.9715214,-242.1880512522207,-180.82109324782448,1338.3741429574447,13.561581993585765,-18.1641038439164,3.0059246851048204e-19
1787278878.7314,resting,fast,1787278739.9715214,-242.06076584774792,-181.13585982506186,1337.5283108781832,13.585189486878438,-18.154557438580966,3.0017946869380975e-19
1787278878.7418532,resting,fast,1787278739.9715214,-240.31859985203073,-181.3997612599686,1335.2791096000337,13.604982094496581,-18.023894988902235,2.996313438851504e-19
1787278878.75324,resting,fast,1787278739.9715214,-240.38919124576796,-180.71477195941077,1337.6265751287274,13.553607896954663,-18.029189343432456,3.000160597691603e-19
1787278878.7657602,resting,fast,1787278739.9715214,-241.9137968283735,-182.66445812078007,1342.4523050651287,13.699834359057451,-18.143534762127842,3.0067368368278e-19
1787278878.7750525,resting,fast,1787278739.9715214,-242.79468049575235,-181.9183045257804,1345.855722078194,13.643872839432095,-18.209601037181272,3.012547561040054e-19
1787278878.7863655,resting,fast,1787278739.9715214,-241.7659141860172,-182.1323302050622,1344.6137265985117,13.659924765378566,-18.132443563951256,3.010052745034928e-19
1787278878.7982972,resting,fast,1787278739.9715214,-241.14939139024727,-181.71312632623597,1343.74306517461,13.628484474466493,-18.086204354268475,3.0079548540597816e-19
1787278878.8082595,resting,fast,1787278739.9715214,-239.9722877431609,-182.5976163223819,1336.8398383045014,13.69482122417769,-17.997921580737007,3.000570661260004e-19
1787278878.819809,resting,fast,1787278739.9715214,-239.9580978209865,-181.44501716195907,1332.8207426674662,13.608376287145663,-17.99685733657394,2.997809960373259e-19
1787278878.8311892,resting,fast,1787278739.9715214,-238.77429852435262,-178.3337300195543,1330.0284894534043,13.375029751465366,-17.90807238932637,2.9948657246852744e-19
1787278878.841623,resting,fast,1787278739.9715214,-239.36232207733656,-178.39329896480433,1335.6089758971948,13.379497422359126,-17.952174155800016,3.000171259756623e-19
1787278878.8525925,resting,fast,1787278739.9715214,-240.4239726728506,-179.8127682600092,1342.9445952081614,13.48595761949949,-18.031797950463655,3.003647192926525e-19
1787278878.8636785,resting,fast,1787278739.9715214,-241.07261983888793,-182.18622913679235,1343.6060267214589,13.663967185258148,-18.080446487916383,3.0062229295208777e-19
1787278878.8747473,resting,fast,1787278739.9715214,-240.52133093432212,-180.870281664843,1339.6947081879216,13.565271124862083,-18.039099820073815,3.003575609156108e-19
1787278878.8865013,resting,fast,1787278739.9715214,-239.32449390737156,-180.28181052444518,1334.5561010257506,13.521135789331968,-17.949337043052616,3.003206307691576e-19
1787278878.8976936,resting,fast,1787278739.9715214,-238.49793601603733,-179.92482393646708,1332.723019778431,13.494361795233832,-17.887345201202727,3.000289082718778e-19
1787278878.9083705,resting,fast,1787278739.9715214,-239.83338782468263,-182.11989590041946,1333.6023317317586,13.658992192529926,-17.987504086851004,3.0009956112335044e-19
1787278878.9196103,resting,fast,1787278739.9715214,-241.080554573668,-181.76945821049082,1336.2821770326873,13.632709365785406,-18.081041593024842,2.9992492517272013e-19
1787278878.9308913,resting,fast,1787278739.9715214,-241.30147325281496,-181.13205428663662,1337.5386234855787,13.584904071496755,-18.09761049396105,3.001667788932958e-19
1787278878.9417162,resting,fast,1787278739.9715214,-241.05708111761987,-180.947284987967,1335.4835382820556,13.571046374096458,-18.079281083821336,2.9990354890900564e-19
1787278878.9529753,resting,fast,1787278739.9715214,-240.91909818733848,-182.06046363931284,1333.5464236148064,13.654534772947375,-18.068932364050113,3.0003859225954355e-19
1787278878.9641922,resting,fast,1787278739.9715214,-240.3607808065758,-182.94349719911122,1330.477096130703,13.720762289932086,-18.027058560492947,2.9968037143393173e-19
1787278878.9750845,resting,fast,1787278739.9715214,-238.82383025332865,-181.61707658183434,1331.095399738394,13.621280743636294,-17.91178726899934,2.993337430598736e-19
1787278878.9864535,resting,fast,1787278739.9715214,-237.7174906275327,-181.09739861284186,1334.3151264609778,13.582304895961943,-17.82881179706491,2.992174331269164e-19
1787278878.9977534,resting,fast,1787278739.9715214,-238.15822179850375,-180.68036940419836,1338.6480226956746,13.551027705313675,-17.861866634887704,2.9940864387060147e-19
1787278879.0084267,resting,fast,1787278739.9715214,-239.29993365892506,-181.3309856355196,1338.450562877063,13.599823922662697,-17.94749502441926,2.995819341555379e-19
1787278879.0197163,resting,fast,1787278739.9715214,-240.22502102279714,-180.1048542341374,1336.7618767606027,13.507864067559186,-18.016876576709706,2.9996082574381144e-19
1787278879.0307233,resting,fast,1787278739.9715214,-240.9060660221071,-181.28920091777388,1336.738263557546,13.596690068831908,-18.06795495165781,3.0005465150479605e-19
1787278879.0416157,resting,fast,1787278739.9715214,-240.96238545741426,-181.6525092464659,1336.2994300411328,13.623938193484026,-18.0721789093057,3.003249617817749e-19
1787278879.052869,resting,fast,1787278739.9715214,-240.44400194082618,-183.05742369666393,1335.1289522522447,13.729306777248656,-18.033300145561903,2.995148296632425e-19
1787278879.064069,resting,fast,1787278739.9715214,-240.1696036316357,-182.95181975548405,1334.9489507216267,13.721386481660236,-18.01272027237264,2.995754998845287e-19
1787278879.0747683,resting,fast,1787278739.9715214,-241.17503654661004,-182.95837776962264,1342.2490524050709,13.721878332720468,-18.08812774099554,2.9999423987101717e-19
1787278879.0862176,resting,fast,1787278739.9715214,-241.37688805170046,-182.20929608930976,1344.2388297289099,13.665697206697235,-18.103266603877238,3.0084635432320423e-19
1787278879.0973754,resting,fast,1787278739.9715214,-240.87474026053906,-180.3432094652702,1343.2028828404991,13.525740709894269,-18.065605519540235,3.007787229233543e-19
1787278879.10825,resting,fast,1787278739.9715214,-239.83404873449535,-180.22400129626374,1337.2717812415203,13.516800097218354,-17.98755365508707,3.0057399019160775e-19
1787278879.1195633,resting,fast,1787278739.9715214,-240.35148250591874,-179.8027425786753,1340.4402626819801,13.48520569339971,-18.026361187943834,3.005112046488447e-19
1787278879.130253,resting,fast,1787278739.9715214,-240.57068316132018,-181.50691307658587,1339.0366028377566,13.613018480742728,-18.042801237098857,3.000636297087505e-19
1787278879.1415818,resting,fast,1787278739.9715214,-241.23309027492587,-181.03658648826865,1345.407944323074,13.577743986618945,-18.092481770619415,3.002283856992326e-19
1787278879.152952,resting,fast,1787278739.9715214,-240.32865784367232,-180.84632145798594,1341.6707636723777,13.563474109347798,-18.02464933827521,3.001188992092299e-19
1787278879.1638584,resting,fast,1787278739.9715214,-240.84872830549057,-180.38880602833467,1342.7674899638487,13.529160452123993,-18.06365462291165,3.0058896312547924e-19
1787278879.1750262,resting,fast,1787278739.9715214,-241.055143674806,-181.2172273713951,1339.1720308376398,13.59129205285338,-18.079135775610254,3.006025924178959e-19
1787278879.1862106,resting,fast,1787278739.9715214,-241.6537987359975,-181.87470314679138,1341.2865858294417,13.640602736008308,-18.124034905199615,3.006596035352821e-19
1787278879.1972134,resting,fast,1787278739.9715214,-241.6578463542569,-181.78001842211836,1342.5964269641581,13.633501381657968,-18.124338476569022,3.007570213736402e-19
1787278879.2080412,resting,fast,1787278739.9715214,-239.57920112576312,-180.93648708856347,1337.2466466325814,13.570236531641104,-17.968440084432146,3.004251352222686e-19
1787278879.2193604,resting,fast,1787278739.9715214,-239.73200440178653,-181.0096195246564,1336.1282809819359,13.575721464347954,-17.97990033013383,3.0054875578599174e-19
1787278879.2301385,resting,fast,1787278739.9715214,-239.00403885491733,-180.14857323445437,1335.0544768154132,13.511142992582936,-17.925302914118582,2.999607342190645e-19
1787278879.2412522,resting,fast,1787278739.9715214,-240.16075874984517,-181.24588218754423,1339.456954098735,13.593441164064647,-18.012056906238158,3.0021796379682576e-19
1787278879.2523365,resting,fast,1787278739.9715214,-240.69643216892246,-179.63355489647859,1338.443755556952,13.47251661723465,-18.052232412668864,2.9963013108188363e-19
1787278879.263446,resting,fast,1787278739.9715214,-240.4732943150243,-181.11279971978672,1336.0213951872565,13.58345997898289,-18.035497073626765,2.9984968729445305e-19
1787278879.2745833,resting,fast,1787278739.9715214,-242.3044023281377,-179.20686673027365,1344.2811156861544,13.440515004769669,-18.172830174610304,3.0007331206404464e-19
1787278879.2859316,resting,fast,1787278739.9715214,-240.63099066969107,-180.90185259987686,1343.1453576928807,13.56763894498943,-18.047324300226663,3.0044124327437534e-19
1787278879.2966783,resting,fast,1787278739.9715214,-240.8666427612966,-180.0441218204777,1347.9340487360105,13.503309136534572,-18.06499820709697,3.007915966122743e-19
1787278879.3080094,resting,fast,1787278739.9715214,-240.21510700958106,-180.94464350554028,1341.1399961185298,13.570848262914513,-18.01613302571853,3.0058505322999385e-19
1787278879.3191633,resting,fast,1787278739.9715214,-240.46199699413364,-179.7402899419152,1343.9083423214897,13.480521745642367,-18.034649774559725,3.005170424474631e-19
1787278879.330363,resting,fast,1787278739.9715214,-239.78182139390856,-179.21328358371318,1340.3326766132186,13.440996268777429,-17.983636604542802,3.0018264739533543e-19
1787278879.3410213,resting,fast,1787278739.9715214,-239.46006589047056,-178.766455128066,1342.721804913538,13.407484134603582,-17.959504941785212,3.005846513155687e-19
1787278879.3525069,resting,fast,1787278739.9715214,-239.88122322939898,-179.9074049472132,1341.1928490668406,13.493055371039606,-17.991091742204745,3.0064959843122307e-19
1787278879.3633616,resting,fast,1787278739.9715214,-241.5222965078542,-181.40062258990486,1344.5138811452844,13.605046694241754,-18.114172238089047,3.0095055780872503e-19
1787278879.3747485,resting,fast,1787278739.9715214,-240.93823141316216,-181.26968804730757,1341.862495039465,13.595226603547136,-18.070367355987194,3.007306450836879e-19
1787278879.3859687,resting,fast,1787278739.9715214,-241.74558172720253,-182.81209166220435,1339.9150697958257,13.710906874663895,-18.130918629540027,3.0034943435118436e-19
1787278879.3967357,resting,fast,1787278739.9715214,-241.23529063521391,-180.98125725101943,1338.5768757981195,13.573594293825455,-18.092646797640917,3.0037972446266546e-19
1787278879.408007,resting,fast,1787278739.9715214,-241.72792810653618,-181.35281874673376,1339.5028101146172,13.601461406004038,-18.129594607990036,3.0034377256853866e-19
1787278879.4195697,resting,fast,1787278739.9715214,-240.89344054675848,-180.12561295697571,1339.6789864562752,13.509420971772133,-18.067008041006623,3.0054682080881714e-19
1787278879.429852,resting,fast,1787278739.9715214,-240.56777418654065,-180.46657593295038,1338.0195946720114,13.534993194970017,-18.042583063990364,3.0005119055501917e-19
1787278879.4413552,resting,fast,1787278739.9715214,-240.81044823797356,-181.33445027469486,1338.5895756207346,13.600083770600836,-18.060783617847854,3.000521984720872e-19
1787278879.4526045,resting,fast,1787278739.9715214,-240.8120853626947,-181.25097100824394,1338.9489385585593,13.593822825617142,-18.060906402201887,3.0005143221992667e-19
1787278879.4633985,resting,fast,1787278739.9715214,-240.37808590025406,-182.47653734312746,1336.9927696926197,13.685740300733404,-18.028356442518977,3.002018537843174e-19
1787278879.4744253,resting,fast,1787278739.9715214,-241.2045461543189,-182.7373234236735,1340.6018659907122,13.705299256774271,-18.090340961573695,3.001879866459429e-19
1787278879.4858243,resting,fast,1787278739.9715214,-241.51596820720397,-181.84623560464195,1343.2951132462795,13.63846767034703,-18.11369761553982,3.0032865185983535e-19
1787278879.4967165,resting,fast,1787278739.9715214,-242.67770882107698,-181.94946236608587,1343.2171350905837,13.64620967745535,-18.20082816158073,3.0001617756022687e-19
1787278879.5079048,resting,fast,1787278739.9715214,-241.55159419246638,-180.74198865987216,1341.7933903581206,13.555649149489117,-18.116369564434834,3.0024859347051835e-19
1787278879.5192294,resting,fast,1787278739.9715214,-242.39161612615635,-181.54934006149358,1340.569730689992,13.616200504610948,-18.179371209461536,3.0003711177307033e-19
1787278879.5299397,resting,fast,1787278739.9715214,-241.39646009088074,-179.4054651215514,1343.5225020557073,13.455409884115188,-18.10473450681574,3.0051701493321016e-19
1787278879.5412107,resting,fast,1787278739.9715214,-241.32633668494827,-179.19682162230276,1339.9396445894408,13.439761621671625,-18.099475251370777,2.998900619774561e-19
1787278879.551989,resting,fast,1787278739.9715214,-239.86801956009413,-179.12560945241273,1336.8370167757357,13.43442070892971,-17.990101467007193,2.9994280812868988e-19
1787278879.562913,resting,fast,1787278739.9715214,-240.30450246404826,-180.09023064482665,1338.3509563071302,13.506767298360959,-18.022837684803413,2.997738955131761e-19
1787278879.574472,resting,fast,1787278739.9715214,-239.6586763822611,-181.26834339207483,1335.798650149819,13.595125754404709,-17.974400728669337,2.998529989126306e-19
1787278879.5856433,resting,fast,1787278739.9715214,-240.77358929535194,-180.72278437379043,1338.2509414218212,13.55420882803303,-18.05801919715106,2.9981050717781226e-19
1787278879.5964463,resting,fast,1787278739.9715214,-241.2240712312282,-181.9224356214537,1336.62979817231,13.644182671607798,-18.091805342342084,2.9974613557664666e-19
1787278879.6078055,resting,fast,1787278739.9715214,-242.8052728404241,-182.20375775490663,1339.983996077407,13.665281831616628,-18.210395463031524,2.9951017762220226e-19
1787278879.6193705,resting,fast,1787278739.9715214,-242.16690260023597,-183.32842423028285,1338.923490513319,13.749631817270075,-18.162517695017478,2.992474040239631e-19
1787278879.6294653,resting,fast,1787278739.9715214,-241.51887200764077,-182.12124060606823,1337.8715337863187,13.659093045454018,-18.11391540057302,2.990929914827822e-19
1787278879.6407032,resting,fast,1787278739.9715214,-240.68072464143415,-182.4396437776087,1340.303141193387,13.682973283319686,-18.051054348107506,2.9982308178655034e-19
1787278879.6522532,resting,fast,1787278739.9715214,-241.74541447636102,-182.04291469144312,1344.358971059045,13.653218601857066,-18.130906085726814,3.00524742794846e-19
1787278879.6632714,resting,fast,1787278739.9715214,-242.21096693655954,-182.31935736899538,1345.8676356260903,13.673951802673674,-18.165822520241612,3.009426278485067e-19
1787278879.6742713,resting,fast,1787278739.9715214,-243.0496563040856,-180.32184181027776,1350.1858486211668,13.524138135769679,-18.228724222806314,3.01074362435179e-19
1787278879.685023,resting,fast,1787278739.9715214,-241.93102897985182,-181.27560798648312,1346.121405568646,13.595670598985013,-18.144827173488792,3.0066369269766986e-19
1787278879.6960833,resting,fast,1787278739.9715214,-241.92242887167095,-182.2664568227127,1343.8413598186844,13.66998426170213,-18.144182165375064,3.004539976613527e-19
1787278879.7071593,resting,fast,1787278739.9715214,-241.21561064360367,-185.18822774242096,1337.9835249999242,13.889117080680638,-18.091170798270014,3.002504697898619e-19
1787278879.718401,resting,fast,1787278739.9715214,-241.0945130167106,-183.24533335778767,1340.239481665135,13.7434000018329,-18.082088476253055,3.0009343866869866e-19
1787278879.7293935,resting,fast,1787278739.9715214,-240.90689779529794,-183.82829026806223,1344.7662928588734,13.787121770103358,-18.06801733464726,3.002408478142083e-19
1787278879.7409945,resting,fast,1787278739.9715214,-241.76681789312943,-182.78366966425676,1346.4306710219926,13.708775224818272,-18.13251134198454,3.0022841471557606e-19
1787278879.7520099,resting,fast,1787278739.9715214,-242.76216226733732,-183.3270489615669,1349.0801944370005,13.749528672116373,-18.20716217005026,3.005678236293517e-19
1787278879.762746,resting,fast,1787278739.9715214,-243.60656417751625,-181.72371648970636,1348.1470997532006,13.629278736726736,-18.270492313313518,3.0061307351088974e-19
1787278879.7742405,resting,fast,1787278739.9715214,-242.41294452718603,-180.52329907102273,1346.1064257456337,13.539247430325393,-18.18097083953886,3.00552919046343e-19
1787278879.7854202,resting,fast,1787278739.9715214,-241.97990403946324,-180.59526350466206,1341.836264429784,13.544644762848367,-18.148492802959524,3.0013899614367665e-19
1787278879.7960467,resting,fast,1787278739.9715214,-241.64619714321498,-180.9453765206755,1343.1347945320185,13.570903239049418,-18.12346478574092,3.004507993632466e-19
1787278879.8072615,resting,fast,1787278739.9715214,-242.65898831411914,-183.03832396326663,1343.7765230401628,13.727874297243932,-18.199424123558835,3.001738758763536e-19
1787278879.818924,resting,fast,1787278739.9715214,-242.22919239545945,-183.93483616803667,1344.468874214691,13.795112712601796,-18.167189429659253,3.0042821756683884e-19
1787278879.829884,resting,fast,1787278739.9715214,-241.29441773196095,-183.45188207037484,1338.153482152372,13.758891155277116,-18.09708132989686,2.998785349677855e-19
1787278879.840889,resting,fast,1787278739.9715214,-240.1748506881945,-181.67371074962978,1336.1162176268035,13.625528306221174,-18.013113801614352,2.9960384466572146e-19
1787278879.8522027,resting,fast,1787278739.9715214,-239.4530164401608,-179.42612836420824,1334.6188524415256,13.456959627314351,-17.958976233011995,2.995849390757403e-19
1787278879.8628507,resting,fast,1787278739.9715214,-240.42391677376827,-179.79530923247523,1340.7695438081473,13.484648192434395,-18.03179375803237,2.996346443774217e-19
1787278879.8742433,resting,fast,1787278739.9715214,-241.68289600151502,-180.45346199354628,1345.2040846325644,13.534009649514733,-18.126217200113594,3.0035882389624087e-19
1787278879.8848996,resting,fast,1787278739.9715214,-242.70906554571366,-183.70151933599993,1350.6355140104251,13.777613950198802,-18.203179915928544,3.008718859441082e-19
1787278879.8960679,resting,fast,1787278739.9715214,-242.18456611000374,-184.35463113660228,1346.1572445336888,13.826597335243978,-18.163842458250194,3.01055791326778e-19
1787278879.907511,resting,fast,1787278739.9715214,-240.58911408907215,-184.68224812067626,1342.2315217064815,13.85116860904947,-18.044183556680203,3.0063194081177624e-19
1787278879.9184043,resting,fast,1787278739.9715214,-240.76332809744008,-184.02886484704607,1336.4378078512518,13.802164863527441,-18.05724960730783,3.0016347262366047e-19
1787278879.9294195,resting,fast,1787278739.9715214,-241.56040027282552,-184.07395727808523,1339.9487264423396,13.805546795855182,-18.11703002046169,3.000452966486146e-19
1787278879.9406402,resting,fast,1787278739.9715214,-242.0795989047433,-182.30070463735308,1341.5745954934637,13.672552847800308,-18.15596991785582,3.0003800439695515e-19
1787278879.9516168,resting,fast,1787278739.9715214,-241.83015052655037,-181.1480686826966,1342.4942708248263,13.586105151201156,-18.137261289491384,2.9978684802640375e-19
1787278879.9627109,resting,fast,1787278739.9715214,-241.6904713538438,-180.22897729363,1345.8498778524727,13.517173297020992,-18.126785351538118,3.00230265641811e-19
1787278879.9738786,resting,fast,1787278739.9715214,-241.78824952041623,-181.01414539886707,1345.4952543211648,13.576060904913863,-18.13411871403092,3.004946411341636e-19
1787278879.9850228,resting,fast,1787278739.9715214,-242.27651102072787,-182.15987201267205,1351.367099667389,13.661990400949268,-18.170738326554435,3.011400530624064e-19
1787278879.9960938,resting,fast,1787278739.9715214,-240.55664579986342,-181.450010246523,1344.2090827287893,13.608750768488225,-18.04174843498977,3.0096252203055816e-19
1787278880.007119,resting,fast,1787278739.9715214,-239.20826550263382,-181.81260696681318,1339.864560355355,13.635945522509974,-17.940619912697393,3.0050232600645e-19
1787278880.0182664,resting,fast,1787278739.9715214,-237.7820291381463,-179.66965441591867,1334.402180461827,13.475224081192454,-17.833652185360727,2.9997902414676286e-19
1787278880.029353,resting,fast,1787278739.9715214,-239.089730349378,-180.5347659088951,1337.878012119755,13.54010744316594,-17.931729776203028,2.996713633702034e-19
1787278880.0403578,resting,fast,1787278739.9715214,-240.54114475554206,-181.26496840820948,1341.3126405025168,13.594872630614606,-18.040585856665487,2.999527505989225e-19
1787278880.0515802,resting,fast,1787278739.9715214,-240.93929035157043,-181.72645639233735,1340.7249887947683,13.629484229424026,-18.070446776367362,2.998755075449579e-19
1787278880.0626113,resting,fast,1787278739.9715214,-242.33531950468887,-183.08806376273913,1342.951508185185,13.731604782204247,-18.17514896285143,3.005593778263318e-19
1787278880.0736625,resting,fast,1787278739.9715214,-242.35646952077104,-181.67725863465546,1343.1337081758093,13.625794397597748,-18.176735214057764,3.0048751295777877e-19
1787278880.0851154,resting,fast,1787278739.9715214,-243.60986969110718,-182.88808386936182,1345.5013458684234,13.71660629020089,-18.270740226832935,3.0079578391462457e-19
1787278880.0957727,resting,fast,1787278739.9715214,-241.32334299824606,-179.96609569092504,1342.5628830655305,13.497457176818248,-18.099250724868234,3.0001169532394684e-19
1787278880.1070602,resting,fast,1787278739.9715214,-241.2983416313432,-181.19634684047526,1344.084943192197,13.589726013034454,-18.097375622350803,3.0011699785789696e-19
1787278880.1179354,resting,fast,1787278739.9715214,-239.98507366454896,-179.269378352874,1341.6591559742346,13.44520337646421,-17.99888052484095,2.9991945767730174e-19
1787278880.1290524,resting,fast,1787278739.9715214,-241.24773410842454,-182.04499917970327,1344.5142892473077,13.653374938476507,-18.093580058131458,3.002527644954553e-19
1787278880.140241,resting,fast,1787278739.9715214,-240.93142902316276,-182.82109994163545,1340.9406882776993,13.711582495621716,-18.069857176737052,2.999394072831007e-19
1787278880.1516511,resting,fast,1787278739.9715214,-240.91180008570018,-184.04866200672257,1341.191186507066,13.80364965050298,-18.068385006427384,2.9971606607711326e-19
1787278880.1623912,resting,fast,1787278739.9715214,-240.81905993832834,-182.46648187748872,1340.8442104117285,13.684986140810512,-18.061429495374362,2.995650447572409e-19
1787278880.173577,resting,fast,1787278739.9715214,-241.4634491562415,-183.02744208046795,1341.6964033201975,13.727058156033952,-18.109758686718024,2.9971984371438813e-19
1787278880.184645,resting,fast,1787278739.9715214,-242.51249691198836,-183.5876224133441,1343.8010894894132,13.769071680999506,-18.188437268398893,2.9976094465020216e-19
1787278880.1957402,resting,fast,1787278739.9715214,-244.09838459572666,-185.72262855755946,1346.5131811563178,13.929197141815667,-18.307378844679597,3.00263879082448e-19
1787278880.2068026,resting,fast,1787278739.9715214,-243.06781443336286,-184.23150667554967,1344.8450749019985,13.817363000665114,-18.230086082501906,3.001879318009662e-19
1787278880.2179604,resting,fast,1787278739.9715214,-242.54532677224734,-183.70299110300505,1342.7440198464965,13.777724332724208,-18.190899507918388,3.0025678735998676e-19
1787278880.2290797,resting,fast,1787278739.9715214,-240.73747629031595,-181.8133986536983,1339.625016301884,13.636004899026123,-18.055310721773438,2.997971918047701e-19
1787278880.240218,resting,fast,1787278739.9715214,-241.3960264944467,-181.9612724906691,1345.4154133270304,13.647095436799109,-18.104701987083338,3.0009970284462564e-19
1787278880.2513683,resting,fast,1787278739.9715214,-240.14692980149675,-180.83544307091609,1344.9693103596355,13.562658230317528,-18.011019735112093,2.997202808535508e-19
1787278880.2623994,resting,fast,1787278739.9715214,-239.90812630001574,-180.2795640799394,1344.4599754298188,13.520967305994166,-17.99310947250114,2.995690999457114e-19
1787278880.2734497,resting,fast,1787278739.9715214,-239.2571017429368,-180.4657330290678,1338.9314112432157,13.534929977178951,-17.94428263072048,2.9938358900363115e-19
1787278880.2847803,resting,fast,1787278739.9715214,-240.05014514349523,-180.35247226850527,1340.0128275097077,13.526435420136881,-18.003760885762134,2.999801746060867e-19
1787278880.2956426,resting,fast,1787278739.9715214,-240.5631606179454,-182.50517781376504,1343.109439335548,13.687888336031282,-18.04223704634576,3.0044744173498495e-19
1787278880.3068006,resting,fast,1787278739.9715214,-242.43719011644635,-183.06503168522988,1344.9560047644527,13.729877376391034,-18.182789258733273,3.002871499827967e-19
1787278880.3180902,resting,fast,1787278739.9715214,-243.49227097480298,-185.25206003230244,1344.565188812573,13.893904502421453,-18.261920323110083,3.003030048028898e-19
1787278880.329045,resting,fast,1787278739.9715214,-243.29682193004783,-184.1298172628159,1340.521819021661,13.809736294710067,-18.247261644753664,2.9994750514410337e-19
1787278880.3402245,resting,fast,1787278739.9715214,-242.2164449355637,-182.92194911657327,1340.8244802678228,13.71914618374186,-18.16623337016697,3.0001974501696127e-19
1787278880.35136,resting,fast,1787278739.9715214,-241.63326480352453,-181.9897986793493,1341.6479374100081,13.649234900950209,-18.122494860264304,2.998678216654741e-19
1787278880.3623912,resting,fast,1787278739.9715214,-242.05882594869718,-181.58024880203322,1344.3980013368136,13.618518660151356,-18.154411946151974,3.000744861264134e-19
1787278880.3735445,resting,fast,1787278739.9715214,-242.56616291350338,-183.47269976283872,1343.2977750638702,13.760452482211793,-18.192462218512695,3.0008410089981025e-19
1787278880.3873506,resting,fast,1787278739.9715214,-242.3960484829754,-182.51277299474452,1344.1463040871104,13.688457974604578,-18.179703636222918,2.999938654073844e-19
1787278880.395781,resting,fast,1787278739.9715214,-241.65319883711845,-183.51115565670614,1339.063958901449,13.763336674251779,-18.12398991278392,2.9992191530727353e-19
1787278880.4068635,resting,fast,1787278739.9715214,-240.25261162825473,-181.4076155834665,1333.7038366149382,13.605571168758917,-18.018945872118927,2.995733402692283e-19
1787278880.4178934,resting,fast,1787278739.9715214,-241.20225222971885,-183.5212976629224,1335.5518569301157,13.764097324717955,-18.090168917228922,2.999824028728024e-19
1787278880.4286985,resting,fast,1787278739.9715214,-242.14848086600932,-183.78187650286088,1339.097213375956,13.783640737713288,-18.161136064950632,3.0037148843689496e-19
1787278880.4398332,resting,fast,1787278739.9715214,-243.159119352385,-184.52962812203089,1345.8255623819268,13.83972210915093,-18.236933951428725,3.0082358752093893e-19
1787278880.451136,resting,fast,1787278739.9715214,-242.41893640188255,-183.73704899851816,1345.780354887219,13.780278674887828,-18.18142023014105,3.0075617047147544e-19
1787278880.4620984,resting,fast,1787278739.9715214,-241.72672242498038,-181.97473540065823,1345.1831737809507,13.648105155048146,-18.12950418187352,3.005193785583919e-19
1787278880.4734123,resting,fast,1787278739.9715214,-241.73323276066503,-182.3046845076973,1346.98171111176,13.672851338076104,-18.12999245704971,3.0107259230826187e-19
1787278880.484451,resting,fast,1787278739.9715214,-241.24359911842703,-180.42759245098785,1345.6542560845328,13.532069433822858,-18.09326993388175,3.0077924535082927e-19
1787278880.4954877,resting,fast,1787278739.9715214,-241.4057353126359,-181.39264464688142,1341.5924292045302,13.604448348514854,-18.105430148447674,3.001711532053517e-19
1787278880.5066042,resting,fast,1787278739.9715214,-242.37757454357825,-180.51626912426616,1340.3668585802834,13.538720184318866,-18.17831809076837,2.992135772815479e-19
1787278880.520469,resting,fast,1787278739.9715214,-243.89800231489744,-183.01318354610441,1342.9513650290328,13.725988765956618,-18.292350173617123,2.9971139839955527e-19
1787278880.5286875,resting,fast,1787278739.9715214,-243.27145732382496,-182.254167548709,1347.0369989204182,13.669062566152054,-18.245359299286868,3.0019951719417966e-19
1787278880.5395346,resting,fast,1787278739.9715214,-241.8538023044589,-182.98456761976934,1343.3790576942874,13.723842571481686,-18.139035172834227,3.005798639543794e-19
1787278880.5509458,resting,fast,1787278739.9715214,-240.59407106844765,-182.6683865389233,1339.6544163599183,13.700128990418069,-18.04455533013335,3.003090315442614e-19
1787278880.561982,resting,fast,1787278739.9715214,-241.2293095254413,-183.7495658301965,1338.8389648221937,13.781217437263496,-18.092198214408043,3.003367757234811e-19
1787278880.5731847,resting,fast,1787278739.9715214,-240.8264933435762,-181.8736647040863,1339.1294740201965,13.640524852805331,-18.061987000767843,2.999430863004798e-19
1787278880.587257,resting,fast,1787278739.9715214,-242.62698731563842,-182.05857927489262,1345.81392052934,13.6543934456156,-18.19702404867256,3.005229645824064e-19
1787278880.5952773,resting,fast,1787278739.9715214,-242.1452167353259,-181.02031328878104,1347.0924137441789,13.576523496657575,-18.16089125514914,3.0042714327572895e-19
1787278880.6064622,resting,fast,1787278739.9715214,-242.23665382233366,-180.6919822436647,1351.0010481154613,13.551898668273555,-18.167749036674863,3.0077453255838526e-19
1787278880.6202185,resting,fast,1787278739.9715214,-240.8604197131649,-179.7900876037021,1343.763041547917,13.484256570276234,-18.064531478487332,3.0014299893594956e-19
1787278880.6286163,resting,fast,1787278739.9715214,-240.89790382562887,-180.32211217398083,1341.7377193860002,13.524158413047534,-18.067342786921834,2.9997342536624414e-19
1787278880.6397827,resting,fast,1787278739.9715214,-240.3737777364554,-180.38398090066937,1341.380527008735,13.528798567549163,-18.028033330234095,3.0009015976465737e-19
1787278880.6528277,resting,fast,1787278739.9715214,-239.92845490013724,-179.93651414019416,1341.6180535990197,13.495238560513446,-17.994634117510216,2.998184864931376e-19
1787278880.6620057,resting,fast,1787278739.9715214,-240.1043444194279,-179.6922265215777,1341.5335207845628,13.476916989117132,-18.007825831456884,2.999614713441177e-19
1787278880.6731305,resting,fast,1787278739.9715214,-240.40925121704504,-180.57594732830705,1339.7588832502543,13.543196049621873,-18.03069384127813,3.000085084117321e-19
1787278880.6858275,resting,fast,1787278739.9715214,-240.31224850397257,-180.57771662249945,1340.5274788887027,13.543328746686417,-18.02341863779776,3.004517136163119e-19
1787278880.6952727,resting,fast,1787278739.9715214,-240.38238921399852,-181.05510065707733,1337.9556073393223,13.579132549279795,-18.028679191049633,3.0031862608804315e-19
1787278880.7063446,resting,fast,1787278739.9715214,-242.74114277041235,-181.31544886953236,1343.0556134793942,13.598658665213652,-18.20558570778057,3.0041527363071343e-19
1787278880.7198727,resting,fast,1787278739.9715214,-243.9798519283545,-181.24633711378908,1343.13308830388,13.593475283532971,-18.298488894626296,3.0026786119111055e-19
1787278880.728426,resting,fast,1787278739.9715214,-243.0755807577384,-180.73160699373955,1342.5530156257691,13.554870524529296,-18.23066855683045,3.0004016221220575e-19
1787278880.73975,resting,fast,1787278739.9715214,-241.88870688423003,-180.42356714693835,1341.2172451420183,13.53176753601959,-18.141653016317164,3.0020451428509335e-19
1787278880.751578,resting,fast,1787278739.9715214,-241.0638778224843,-179.47333421748897,1342.939230709545,13.460500066310377,-18.079790836686215,3.001868400621621e-19
1787278880.7617116,resting,fast,1787278739.9715214,-241.31098719117608,-179.28122101045926,1344.7381524269285,13.446091575783118,-18.098324039338188,3.0051471407074746e-19
1787278880.7729433,resting,fast,1787278739.9715214,-240.69189554418654,-179.48566546151176,1342.615193605442,13.461424909612422,-18.051892165813875,3.0010556709403637e-19
1787278880.7855926,resting,fast,1787278739.9715214,-240.28079861237393,-180.74267619309114,1343.0585549719153,13.555700714480754,-18.021059895927813,3.0015268105823584e-19
1787278880.7951684,resting,fast,1787278739.9715214,-240.29450009366747,-181.18921880112032,1345.7866496918095,13.589191410082822,-18.022087507024814,3.0059456913874005e-19
1787278880.8064313,resting,fast,1787278739.9715214,-239.3338700306008,-181.21595920538346,1345.553758994306,13.5911969404028,-17.950040252294833,3.008180339630886e-19
1787278880.8183224,resting,fast,1787278739.9715214,-239.5348799522376,-181.81354625686106,1341.422251734969,13.636015969263742,-17.96511599641753,3.0046467589882246e-19
1787278880.8285043,resting,fast,1787278739.9715214,-239.4711030116846,-181.64380724735418,1338.5198890756428,13.623285543550356,-17.960332725876057,3.0008410679728295e-19
1787278880.8395548,resting,fast,1787278739.9715214,-239.60892662074866,-181.53279162035653,1333.125979329002,13.614959371525476,-17.970669496556,2.995185545555576e-19
1787278880.8509712,resting,fast,1787278739.9715214,-240.9452930150669,-181.7195590545076,1337.5137279143191,13.628966929087003,-18.070896976129987,3.001284845039413e-19
1787278880.8619084,resting,fast,1787278739.9715214,-240.27791894834218,-181.20274407983845,1336.9511072231553,13.59020580598676,-18.02084392112549,2.997224485116321e-19
1787278880.8731241,resting,fast,1787278739.9715214,-241.27979882020145,-181.09305537228022,1343.1866669203837,13.581979152919903,-18.095984911515075,3.0026536771295633e-19
1787278880.8840883,resting,fast,1787278739.9715214,-240.41826134920893,-180.95241871739825,1345.0489187228877,13.57143140380376,-18.03136960119066,3.003627090860907e-19
1787278880.8951821,resting,fast,1787278739.9715214,-240.50972693534322,-180.5055258961621,1341.3231377585116,13.537914442211093,-18.038229520150622,3.0038790572061226e-19
1787278880.9063516,resting,fast,1787278739.9715214,-239.5704692727063,-179.74362898695802,1338.2670096067059,13.480772174020533,-17.9677851954527,3.0018195343455908e-19
1787278880.9174714,resting,fast,1787278739.9715214,-238.92541448156635,-180.16567465561513,1332.5075092289617,13.512425599170175,-17.91940608611744,3.000208534846502e-19
1787278880.9285417,resting,fast,1787278739.9715214,-239.6364977901644,-181.50641440773245,1336.7470408803993,13.612981080578994,-17.972737334262078,3.0019726946512526e-19
1787278880.9644754,resting,fast,1787278739.9715214,-239.71575325361619,-181.92632885391902,1337.1278381179754,13.644474664042892,-17.97868149402118,2.9981010856999545e-19
